N 000 077 020 8.356e-01
N 001 085 023 8.667e-02
N 002 002 073 4.171e-01
N 003 027 014 8.847e-01
N 004 027 095 4.256e-01
N 005 069 047 9.906e-01
N 006 030 078 9.369e-01
N 007 036 044 3.931e-01
N 008 088 087 4.496e-01
N 009 085 088 7.045e-01
N 010 069 035 4.067e-01
N 011 084 064 5.367e-01
N 012 015 095 5.695e-01
N 013 065 062 7.193e-01
N 014 044 003 9.101e-01
N 015 014 019 8.808e-01
N 016 060 057 5.013e-01
N 017 077 013 5.396e-01
N 018 072 008 8.133e-01
N 019 079 083 2.860e-01
E 000 016 4.072e+01
E 000 017 7.000e+00
E 000 003 5.036e+01
E 000 005 2.816e+01
E 000 014 3.712e+01
E 001 016 4.220e+01
E 001 018 1.985e+01
E 001 019 6.030e+01
E 001 006 7.778e+01
E 001 007 5.331e+01
E 002 008 8.713e+01
E 002 010 7.703e+01
E 002 019 7.765e+01
E 002 015 5.532e+01
E 003 009 9.402e+01
E 003 010 4.696e+01
E 003 011 7.582e+01
E 003 012 8.188e+01
E 003 013 6.122e+01
E 003 016 5.420e+01
E 004 016 5.033e+01
E 004 018 9.795e+01
E 004 013 5.033e+01
E 004 015 7.710e+01
E 005 009 4.401e+01
E 005 011 2.267e+01
E 006 010 5.805e+01
E 006 012 2.267e+01
E 006 013 3.848e+01
E 006 017 8.021e+01
E 007 010 3.421e+01
E 007 011 5.200e+01
E 007 012 5.515e+01
E 007 013 3.413e+01
E 007 014 4.177e+01
E 007 015 3.330e+01
E 007 018 5.091e+01
E 008 018 8.060e+01
E 008 012 7.344e+01
E 008 013 3.397e+01
E 008 014 9.483e+01
E 009 011 2.402e+01
E 009 012 7.035e+01
E 010 013 2.729e+01
E 010 015 5.728e+01
E 010 017 2.341e+01
E 010 018 2.717e+01
E 010 019 4.903e+01
E 011 013 1.910e+01
E 011 015 8.322e+01
E 012 013 5.991e+01
E 012 018 1.040e+02
E 012 019 6.512e+01
E 013 015 6.671e+01
E 013 017 5.045e+01
E 014 015 3.400e+01
E 015 019 9.122e+01
E 016 018 5.045e+01
E 017 018 7.071e+00
E 018 019 7.533e+01
