N 000 004 090 8.430e-01
N 001 016 008 5.300e-01
N 002 006 070 7.892e-01
N 003 076 006 2.194e-01
N 004 038 015 2.985e-02
N 005 053 079 8.033e-01
N 006 092 070 9.691e-01
N 007 025 055 2.545e-02
N 008 065 060 8.418e-01
N 009 035 069 4.273e-01
N 010 016 065 8.492e-01
N 011 083 090 7.687e-01
N 012 017 058 6.834e-01
N 013 005 067 6.754e-02
N 014 047 034 8.418e-01
N 015 059 069 8.563e-01
N 016 081 002 6.706e-01
N 017 093 067 6.980e-01
N 018 094 099 7.195e-01
N 019 077 066 6.975e-01
E 000 002 2.010e+01
E 000 003 1.106e+02
E 000 006 9.024e+01
E 000 009 3.744e+01
E 000 012 3.454e+01
E 000 019 7.684e+01
E 001 004 2.309e+01
E 001 006 9.808e+01
E 001 009 6.389e+01
E 001 010 5.700e+01
E 001 016 6.528e+01
E 001 019 8.417e+01
E 002 005 4.785e+01
E 002 006 8.600e+01
E 002 011 7.956e+01
E 002 014 5.456e+01
E 002 018 9.266e+01
E 002 019 7.111e+01
E 003 010 8.415e+01
E 003 011 8.429e+01
E 003 012 7.864e+01
E 003 017 6.332e+01
E 003 019 6.001e+01
E 004 011 8.746e+01
E 004 009 5.408e+01
E 005 009 2.059e+01
E 005 012 4.168e+01
E 005 014 4.540e+01
E 005 017 4.176e+01
E 006 015 3.302e+01
E 006 016 6.888e+01
E 006 017 3.162e+00
E 006 018 2.907e+01
E 007 008 4.031e+01
E 007 010 1.345e+01
E 007 012 8.544e+00
E 007 013 2.332e+01
E 007 015 3.677e+01
E 008 009 3.132e+01
E 008 015 1.082e+01
E 008 014 3.162e+01
E 009 013 3.007e+01
E 009 014 3.700e+01
E 009 016 8.127e+01
E 009 018 6.619e+01
E 010 015 4.319e+01
E 011 014 6.657e+01
E 011 015 3.189e+01
E 011 017 2.508e+01
E 011 019 2.474e+01
E 012 015 4.342e+01
E 012 019 6.053e+01
E 013 019 7.201e+01
E 013 017 8.800e+01
E 014 016 4.669e+01
E 014 017 5.661e+01
E 014 018 8.021e+01
E 015 017 3.406e+01
E 015 019 1.825e+01
E 016 018 9.787e+01
