N 000 055 008 4.862e-01
N 001 008 091 9.783e-01
N 002 081 039 1.960e-01
N 003 018 008 9.591e-01
N 004 025 026 3.562e-01
N 005 050 092 5.415e-01
N 006 017 089 2.541e-01
N 007 081 094 4.770e-01
N 008 024 047 9.833e-02
N 009 069 002 4.715e-01
N 010 027 004 2.535e-01
N 011 085 077 9.045e-01
N 012 039 062 6.785e-01
N 013 081 076 4.796e-01
N 014 090 049 9.868e-01
N 015 077 088 3.855e-01
N 016 013 028 5.163e-01
N 017 068 000 1.439e-01
N 018 079 008 1.858e-01
N 019 012 005 5.192e-01
E 000 011 7.524e+01
E 000 002 4.046e+01
E 000 003 3.700e+01
E 000 004 3.499e+01
E 000 007 8.984e+01
E 001 003 8.360e+01
E 001 004 6.719e+01
E 001 014 9.213e+01
E 001 015 6.907e+01
E 001 016 6.320e+01
E 001 018 1.092e+02
E 001 019 8.609e+01
E 002 009 3.890e+01
E 002 004 5.749e+01
E 002 014 1.345e+01
E 002 017 4.111e+01
E 003 004 1.931e+01
E 003 006 8.101e+01
E 003 007 1.066e+02
E 003 008 3.946e+01
E 003 010 9.849e+00
E 003 012 5.794e+01
E 003 013 9.270e+01
E 004 006 6.351e+01
E 004 007 8.809e+01
E 004 008 2.102e+01
E 004 016 1.217e+01
E 005 008 5.197e+01
E 005 010 9.096e+01
E 005 013 3.489e+01
E 005 006 3.314e+01
E 006 011 6.905e+01
E 006 007 6.420e+01
E 007 015 7.211e+00
E 007 016 9.476e+01
E 007 018 8.602e+01
E 008 009 6.364e+01
E 008 011 6.798e+01
E 008 012 2.121e+01
E 008 014 6.603e+01
E 008 016 2.195e+01
E 009 011 7.669e+01
E 009 010 4.205e+01
E 010 012 5.923e+01
E 010 013 9.000e+01
E 010 016 2.778e+01
E 011 016 8.709e+01
E 011 017 7.885e+01
E 012 013 4.427e+01
E 012 015 4.604e+01
E 012 016 4.280e+01
E 012 018 6.720e+01
E 013 018 6.803e+01
E 014 019 8.955e+01
E 014 016 7.981e+01
E 015 016 8.773e+01
E 015 019 1.054e+02
E 016 017 6.172e+01
E 016 018 6.896e+01
E 018 019 6.707e+01
