N 000 009 081 4.340e-01
N 001 042 098 1.213e-01
N 002 003 026 8.408e-01
N 003 019 038 9.089e-01
N 004 068 070 9.564e-01
N 005 051 083 7.441e-01
N 006 046 070 4.631e-01
N 007 091 011 8.251e-01
N 008 066 045 4.639e-01
N 009 007 049 1.720e-02
N 010 085 024 3.675e-02
N 011 022 031 8.260e-01
N 012 038 003 6.556e-01
N 013 027 083 9.369e-01
N 014 046 073 2.326e-01
N 015 064 028 4.310e-01
N 016 071 062 8.557e-01
N 017 014 096 7.863e-01
N 018 049 028 4.650e-01
N 019 077 011 1.980e-01
E 000 001 3.712e+01
E 000 002 5.533e+01
E 000 003 4.415e+01
E 000 010 9.500e+01
E 000 011 5.166e+01
E 000 014 3.785e+01
E 000 015 7.638e+01
E 000 017 1.581e+01
E 001 008 5.818e+01
E 002 009 2.335e+01
E 002 010 8.202e+01
E 002 011 1.965e+01
E 002 015 6.103e+01
E 002 017 7.086e+01
E 003 004 5.852e+01
E 003 008 4.752e+01
E 003 011 7.616e+00
E 003 013 4.571e+01
E 003 015 4.610e+01
E 004 006 2.200e+01
E 004 007 6.332e+01
E 004 008 2.508e+01
E 004 009 6.451e+01
E 004 013 4.301e+01
E 004 015 4.219e+01
E 004 016 8.544e+00
E 004 019 5.968e+01
E 005 016 2.900e+01
E 005 010 6.810e+01
E 005 011 5.954e+01
E 006 016 2.625e+01
E 006 012 6.748e+01
E 006 014 3.000e+00
E 007 018 4.531e+01
E 007 013 9.633e+01
E 008 009 5.914e+01
E 008 014 3.441e+01
E 008 016 1.772e+01
E 009 014 4.579e+01
E 010 011 6.339e+01
E 010 012 5.148e+01
E 010 013 8.273e+01
E 010 017 1.011e+02
E 010 018 3.622e+01
E 011 012 3.225e+01
E 011 014 4.837e+01
E 011 016 5.798e+01
E 011 017 6.549e+01
E 012 013 8.075e+01
E 012 014 7.046e+01
E 012 016 6.760e+01
E 013 015 6.629e+01
E 013 017 1.838e+01
E 013 018 5.924e+01
E 014 018 4.510e+01
E 015 017 8.440e+01
E 015 018 1.500e+01
E 016 017 6.637e+01
E 016 019 5.135e+01
E 017 019 1.058e+02
