N 000 067 069 1.411e-01
N 001 062 024 3.103e-02
N 002 059 007 9.268e-01
N 003 099 090 9.143e-03
N 004 069 077 4.154e-01
N 005 021 029 3.842e-01
N 006 030 002 9.823e-02
N 007 098 050 4.227e-01
N 008 072 065 5.137e-01
N 009 093 064 8.655e-01
N 010 056 080 3.370e-01
N 011 037 086 9.611e-01
N 012 046 069 9.848e-01
N 013 056 085 9.231e-01
N 014 009 071 5.182e-01
N 015 064 038 3.526e-01
N 016 099 013 6.993e-01
N 017 055 012 7.026e-01
N 018 045 001 3.964e-01
N 019 054 022 7.431e-01
E 000 001 4.528e+01
E 000 005 6.096e+01
E 000 006 7.654e+01
E 000 011 3.448e+01
E 000 013 1.942e+01
E 000 014 5.803e+01
E 000 015 3.114e+01
E 000 018 7.147e+01
E 000 019 4.876e+01
E 001 006 3.883e+01
E 001 008 4.220e+01
E 001 015 1.414e+01
E 001 016 3.860e+01
E 001 018 2.860e+01
E 001 019 8.246e+00
E 002 003 9.214e+01
E 002 004 7.071e+01
E 002 006 2.943e+01
E 002 007 5.805e+01
E 002 010 7.306e+01
E 002 012 6.335e+01
E 002 015 3.140e+01
E 002 016 4.045e+01
E 002 019 1.581e+01
E 003 008 3.680e+01
E 003 018 1.041e+02
E 003 005 9.902e+01
E 003 014 9.198e+01
E 004 008 1.237e+01
E 004 017 6.649e+01
E 004 005 6.788e+01
E 004 007 3.962e+01
E 005 019 3.373e+01
E 005 013 6.604e+01
E 006 008 7.572e+01
E 006 009 8.839e+01
E 006 010 8.222e+01
E 006 011 8.429e+01
E 006 016 6.987e+01
E 006 018 1.503e+01
E 007 013 5.467e+01
E 007 014 9.144e+01
E 007 015 3.606e+01
E 007 016 3.701e+01
E 008 010 2.193e+01
E 008 012 2.631e+01
E 009 011 6.017e+01
E 009 013 4.254e+01
E 010 014 4.785e+01
E 010 015 4.276e+01
E 010 016 7.961e+01
E 011 019 6.622e+01
E 011 014 3.176e+01
E 012 015 3.585e+01
E 014 018 7.871e+01
E 015 016 4.301e+01
E 015 019 1.887e+01
E 016 018 5.532e+01
E 017 019 1.005e+01
E 018 019 2.285e+01
