N 000 009 070 1.996e-01
N 001 001 091 8.051e-01
N 002 066 052 2.329e-01
N 003 010 005 6.657e-01
N 004 019 044 2.757e-01
N 005 089 043 2.897e-01
N 006 090 020 4.208e-01
N 007 079 046 2.930e-01
N 008 012 008 6.471e-01
N 009 039 081 8.420e-01
N 010 084 046 4.246e-02
N 011 083 000 2.509e-01
N 012 024 034 2.095e-01
N 013 036 032 2.612e-01
N 014 048 066 4.656e-01
N 015 006 029 5.157e-01
N 016 061 096 7.384e-01
N 017 070 055 7.685e-01
N 018 043 054 8.114e-01
N 019 020 003 5.977e-01
E 000 002 5.977e+01
E 000 005 8.443e+01
E 000 006 9.519e+01
E 000 009 3.195e+01
E 000 011 1.019e+02
E 000 014 3.920e+01
E 000 015 4.111e+01
E 000 016 5.814e+01
E 000 017 6.282e+01
E 000 018 3.758e+01
E 000 019 6.790e+01
E 001 009 3.929e+01
E 001 003 8.647e+01
E 001 007 9.005e+01
E 002 006 4.000e+01
E 002 007 1.432e+01
E 002 008 6.966e+01
E 002 013 3.606e+01
E 002 015 6.426e+01
E 002 017 5.000e+00
E 003 004 4.002e+01
E 003 012 3.220e+01
E 003 013 3.748e+01
E 003 014 7.187e+01
E 003 016 1.043e+02
E 004 019 4.101e+01
E 004 009 4.206e+01
E 004 006 7.495e+01
E 004 015 1.985e+01
E 006 016 8.134e+01
E 006 007 2.823e+01
E 007 010 5.000e+00
E 007 012 5.629e+01
E 007 015 7.495e+01
E 007 018 3.688e+01
E 008 009 7.783e+01
E 008 019 9.434e+00
E 008 013 3.394e+01
E 008 015 2.184e+01
E 009 014 1.749e+01
E 009 018 2.729e+01
E 010 012 6.119e+01
E 011 017 5.652e+01
E 011 018 6.720e+01
E 011 019 6.307e+01
E 011 012 6.810e+01
E 012 013 1.217e+01
E 012 015 1.868e+01
E 012 016 7.220e+01
E 012 018 2.759e+01
E 013 014 3.606e+01
E 013 018 2.309e+01
E 014 016 3.270e+01
E 015 016 8.668e+01
E 015 018 4.465e+01
E 015 019 2.953e+01
E 016 018 4.569e+01
E 016 019 1.016e+02
E 017 019 7.214e+01
E 018 019 5.595e+01
