N 000 062 080 7.840e-01
N 001 033 073 9.110e-01
N 002 040 043 2.670e-01
N 003 053 020 3.107e-01
N 004 050 000 6.629e-01
N 005 012 068 7.699e-01
N 006 069 080 6.804e-01
N 007 085 095 9.898e-02
N 008 013 003 6.832e-01
N 009 080 036 6.477e-01
N 010 043 030 8.529e-01
N 011 053 064 2.808e-01
N 012 004 074 8.874e-01
N 013 059 050 9.679e-01
N 014 020 007 9.952e-01
N 015 046 030 8.180e-01
N 016 062 023 9.770e-01
N 017 061 066 8.709e-01
N 018 077 016 2.011e-01
N 019 019 089 3.013e-01
E 000 001 2.983e+01
E 000 002 4.305e+01
E 000 003 6.067e+01
E 000 005 5.142e+01
E 000 006 7.000e+00
E 000 007 2.746e+01
E 000 012 5.831e+01
E 000 013 3.015e+01
E 000 017 1.404e+01
E 000 018 6.573e+01
E 001 017 2.886e+01
E 001 003 5.665e+01
E 001 004 7.495e+01
E 002 009 4.061e+01
E 002 019 5.057e+01
E 002 012 4.751e+01
E 002 005 3.754e+01
E 003 007 8.154e+01
E 003 011 4.400e+01
E 003 015 1.221e+01
E 003 017 4.669e+01
E 004 005 7.790e+01
E 004 008 3.712e+01
E 004 009 4.686e+01
E 004 013 5.080e+01
E 004 019 9.424e+01
E 005 013 5.033e+01
E 005 006 5.825e+01
E 006 018 6.450e+01
E 006 014 8.792e+01
E 007 010 7.739e+01
E 007 011 4.455e+01
E 007 012 8.368e+01
E 007 013 5.197e+01
E 007 014 1.094e+02
E 007 015 7.580e+01
E 007 017 3.764e+01
E 008 016 5.292e+01
E 008 017 7.920e+01
E 008 011 7.295e+01
E 009 012 8.497e+01
E 009 013 2.524e+01
E 009 016 2.220e+01
E 009 018 2.022e+01
E 009 019 8.081e+01
E 010 016 2.025e+01
E 010 018 3.677e+01
E 010 013 2.561e+01
E 011 019 4.220e+01
E 011 014 6.586e+01
E 012 013 6.001e+01
E 012 016 7.723e+01
E 012 018 9.324e+01
E 012 019 2.121e+01
E 013 019 5.587e+01
E 014 018 5.771e+01
E 015 018 3.401e+01
E 016 017 4.301e+01
E 016 018 1.655e+01
E 017 018 5.250e+01
