N 000 060 046 6.413e-01
N 001 071 022 5.771e-01
N 002 091 099 7.915e-01
N 003 022 037 7.773e-01
N 004 002 030 7.022e-01
N 005 020 033 1.710e-01
N 006 073 013 9.275e-01
N 007 075 037 7.234e-01
N 008 072 056 6.465e-01
N 009 050 064 6.618e-01
N 010 025 064 5.602e-01
N 011 074 080 2.210e-01
N 012 027 091 5.548e-01
N 013 049 030 6.595e-01
N 014 095 009 8.184e-01
N 015 048 039 4.560e-01
N 016 079 057 7.400e-01
N 017 061 092 6.441e-01
N 018 030 066 7.251e-01
N 019 083 027 7.124e-01
E 000 008 1.562e+01
E 000 012 5.580e+01
E 000 014 5.093e+01
E 000 006 3.547e+01
E 001 003 5.124e+01
E 001 004 6.946e+01
E 001 007 1.552e+01
E 001 009 4.696e+01
E 001 010 6.229e+01
E 001 011 5.808e+01
E 001 016 3.590e+01
E 002 017 3.081e+01
E 002 010 7.471e+01
E 002 004 1.126e+02
E 002 005 9.694e+01
E 002 007 6.403e+01
E 003 008 5.349e+01
E 003 010 2.717e+01
E 003 016 6.041e+01
E 003 017 6.742e+01
E 003 018 3.008e+01
E 004 007 7.333e+01
E 004 008 7.467e+01
E 004 015 4.687e+01
E 004 016 8.160e+01
E 004 017 8.559e+01
E 004 018 4.561e+01
E 005 007 5.515e+01
E 005 011 7.159e+01
E 005 012 5.842e+01
E 005 015 2.864e+01
E 005 017 7.185e+01
E 006 010 7.004e+01
E 006 012 9.055e+01
E 006 018 6.825e+01
E 007 010 5.682e+01
E 007 011 4.301e+01
E 007 012 7.225e+01
E 007 018 5.354e+01
E 008 011 2.408e+01
E 008 013 3.471e+01
E 008 017 3.764e+01
E 008 019 3.102e+01
E 009 016 2.983e+01
E 009 010 2.500e+01
E 009 019 4.958e+01
E 010 013 4.162e+01
E 010 015 3.397e+01
E 010 016 5.445e+01
E 011 016 2.354e+01
E 011 019 5.376e+01
E 012 013 6.485e+01
E 012 015 5.608e+01
E 012 016 6.213e+01
E 012 018 2.518e+01
E 014 017 8.969e+01
E 014 015 5.576e+01
E 015 017 5.457e+01
E 015 018 3.245e+01
E 015 019 3.700e+01
