N 000 023 014 4.107e-01
N 001 035 009 6.673e-01
N 002 085 017 5.763e-01
N 003 072 012 6.622e-01
N 004 038 060 9.094e-02
N 005 052 084 9.102e-01
N 006 019 025 5.191e-01
N 007 029 065 6.980e-01
N 008 038 025 2.280e-01
N 009 041 025 4.904e-01
N 010 077 001 3.456e-01
N 011 066 086 6.147e-01
N 012 054 004 7.853e-01
N 013 050 066 1.540e-01
N 014 098 017 1.334e-01
N 015 055 006 9.277e-01
N 016 014 094 5.574e-01
N 017 008 041 9.060e-01
N 018 099 061 2.910e-01
N 019 082 012 8.882e-01
E 000 012 3.257e+01
E 000 002 6.207e+01
E 000 004 4.838e+01
E 000 014 7.506e+01
E 000 006 1.170e+01
E 001 002 5.064e+01
E 001 003 3.712e+01
E 001 004 5.109e+01
E 001 013 5.894e+01
E 001 014 6.351e+01
E 001 016 8.756e+01
E 001 018 8.246e+01
E 002 006 6.648e+01
E 002 012 3.362e+01
E 002 016 1.047e+02
E 002 018 4.617e+01
E 003 004 5.882e+01
E 003 009 3.362e+01
E 003 013 5.831e+01
E 003 016 1.004e+02
E 003 017 7.026e+01
E 003 018 5.595e+01
E 004 005 2.778e+01
E 004 006 3.982e+01
E 004 008 3.500e+01
E 004 010 7.072e+01
E 004 011 3.821e+01
E 004 018 6.101e+01
E 005 009 6.002e+01
E 005 019 7.800e+01
E 005 012 8.002e+01
E 006 009 2.200e+01
E 006 012 4.082e+01
E 006 014 7.940e+01
E 007 008 4.100e+01
E 007 017 3.189e+01
E 007 018 7.011e+01
E 007 012 6.592e+01
E 008 012 2.640e+01
E 008 013 4.272e+01
E 008 017 3.400e+01
E 008 018 7.083e+01
E 008 019 4.588e+01
E 009 011 6.592e+01
E 009 013 4.198e+01
E 009 015 2.360e+01
E 009 018 6.826e+01
E 010 012 2.319e+01
E 010 014 2.640e+01
E 010 015 2.256e+01
E 010 016 1.123e+02
E 010 019 1.208e+01
E 011 013 2.561e+01
E 012 017 5.903e+01
E 013 019 6.277e+01
E 014 019 1.676e+01
E 015 019 2.766e+01
E 015 018 7.043e+01
E 016 019 1.065e+02
E 017 019 7.948e+01
