N 000 031 017 9.151e-01
N 001 081 047 5.543e-01
N 002 055 004 3.332e-01
N 003 066 088 7.839e-01
N 004 022 031 4.796e-01
N 005 028 002 6.000e-01
N 006 079 002 4.229e-01
N 007 016 069 4.846e-01
N 008 024 008 6.930e-01
N 009 087 004 3.143e-01
N 010 083 029 7.523e-01
N 011 051 019 5.048e-01
N 012 044 068 6.851e-01
N 013 036 036 3.986e-01
N 014 061 029 7.154e-01
N 015 018 080 7.564e-02
N 016 097 067 1.701e-01
N 017 058 022 3.642e-02
N 018 079 010 1.684e-01
N 019 051 035 8.652e-01
E 000 016 8.280e+01
E 000 009 5.749e+01
E 000 004 1.664e+01
E 000 006 5.029e+01
E 000 012 5.263e+01
E 001 003 4.366e+01
E 001 006 4.504e+01
E 001 007 6.862e+01
E 001 009 4.342e+01
E 001 010 1.811e+01
E 001 012 4.254e+01
E 001 015 7.112e+01
E 001 016 2.561e+01
E 001 017 3.397e+01
E 001 019 3.231e+01
E 002 019 3.126e+01
E 002 003 8.472e+01
E 002 014 2.571e+01
E 002 015 8.453e+01
E 003 007 5.349e+01
E 003 008 9.035e+01
E 003 011 7.061e+01
E 003 012 2.973e+01
E 003 013 6.003e+01
E 003 014 5.921e+01
E 003 015 4.866e+01
E 004 018 6.075e+01
E 004 011 3.138e+01
E 004 007 3.847e+01
E 005 011 2.860e+01
E 006 019 4.328e+01
E 007 008 6.152e+01
E 007 009 9.626e+01
E 007 011 6.103e+01
E 007 013 3.859e+01
E 007 016 8.102e+01
E 007 017 6.303e+01
E 007 018 8.631e+01
E 007 019 4.880e+01
E 008 009 6.313e+01
E 008 010 6.263e+01
E 008 012 6.325e+01
E 008 015 7.225e+01
E 009 014 3.607e+01
E 009 017 3.413e+01
E 010 011 3.353e+01
E 010 012 5.515e+01
E 010 016 4.050e+01
E 010 018 1.942e+01
E 011 014 1.414e+01
E 011 016 6.648e+01
E 011 018 2.941e+01
E 012 015 2.864e+01
E 012 017 4.808e+01
E 013 014 2.596e+01
E 014 016 5.235e+01
E 015 016 8.006e+01
E 015 017 7.046e+01
E 015 019 5.580e+01
E 016 019 5.604e+01
