N 000 075 048 3.650e-01
N 001 022 057 6.340e-01
N 002 091 021 5.182e-01
N 003 083 099 4.386e-01
N 004 093 022 1.134e-01
N 005 017 011 7.669e-01
N 006 086 084 8.976e-01
N 007 019 078 5.916e-01
N 008 072 017 8.520e-01
N 009 041 098 5.720e-01
N 010 094 029 6.725e-01
N 011 098 015 2.473e-01
N 012 099 052 1.226e-01
N 013 088 042 7.785e-01
N 014 006 082 8.046e-01
N 015 002 059 2.688e-01
N 016 070 046 5.979e-01
N 017 004 020 9.468e-01
N 018 054 078 7.600e-01
N 019 052 061 4.869e-01
E 000 009 6.046e+01
E 000 002 3.138e+01
E 000 005 6.880e+01
E 001 003 7.406e+01
E 001 004 7.916e+01
E 001 006 6.946e+01
E 001 011 8.683e+01
E 001 012 7.716e+01
E 001 014 2.968e+01
E 001 016 4.924e+01
E 002 003 7.841e+01
E 002 004 2.236e+00
E 002 006 6.320e+01
E 002 008 1.942e+01
E 002 018 6.796e+01
E 002 019 5.587e+01
E 003 008 8.273e+01
E 003 009 4.201e+01
E 003 014 7.885e+01
E 003 017 1.117e+02
E 003 018 3.581e+01
E 004 005 7.679e+01
E 004 006 6.239e+01
E 004 007 9.280e+01
E 004 017 8.902e+01
E 005 011 8.110e+01
E 005 012 9.168e+01
E 005 015 5.029e+01
E 005 019 6.103e+01
E 006 008 6.845e+01
E 006 011 7.004e+01
E 006 015 8.764e+01
E 007 008 8.081e+01
E 007 009 2.973e+01
E 007 010 8.959e+01
E 007 011 1.010e+02
E 007 013 7.783e+01
E 007 014 1.360e+01
E 007 016 6.021e+01
E 007 018 3.500e+01
E 008 017 6.807e+01
E 009 010 8.701e+01
E 009 013 7.311e+01
E 009 014 3.848e+01
E 009 016 5.954e+01
E 009 018 2.385e+01
E 011 013 2.879e+01
E 011 016 4.177e+01
E 011 017 9.413e+01
E 011 019 6.505e+01
E 012 016 2.961e+01
E 012 014 9.772e+01
E 013 016 1.844e+01
E 013 019 4.071e+01
E 014 016 7.343e+01
E 015 016 6.923e+01
E 016 017 7.094e+01
E 016 019 2.343e+01
E 017 018 7.658e+01
E 017 019 6.313e+01
