N 000 093 041 8.680e-01
N 001 040 073 1.317e-01
N 002 055 073 9.404e-01
N 003 050 045 6.492e-01
N 004 007 095 5.495e-01
N 005 083 088 9.408e-01
N 006 077 004 3.266e-01
N 007 029 057 9.271e-01
N 008 079 073 4.961e-01
N 009 054 014 7.043e-01
N 010 060 088 3.823e-02
N 011 083 094 8.708e-01
N 012 037 023 7.021e-01
N 013 037 093 4.925e-01
N 014 015 058 6.609e-01
N 015 017 062 6.007e-01
N 016 085 038 5.605e-03
N 017 026 031 2.618e-01
N 018 053 012 8.299e-01
N 019 059 060 9.742e-01
E 000 016 8.544e+00
E 000 001 6.191e+01
E 000 003 4.319e+01
E 000 014 7.983e+01
E 000 017 6.774e+01
E 001 004 3.966e+01
E 001 006 7.829e+01
E 001 007 1.942e+01
E 002 005 3.176e+01
E 002 008 2.400e+01
E 002 011 3.500e+01
E 002 013 2.691e+01
E 002 014 4.272e+01
E 002 018 6.103e+01
E 003 004 6.595e+01
E 003 005 5.420e+01
E 003 007 2.419e+01
E 003 010 4.415e+01
E 003 011 5.908e+01
E 003 016 3.569e+01
E 004 007 4.391e+01
E 004 008 7.529e+01
E 004 010 5.346e+01
E 004 012 7.800e+01
E 004 013 3.007e+01
E 004 015 3.448e+01
E 004 019 6.268e+01
E 005 010 2.300e+01
E 005 012 7.963e+01
E 005 014 7.432e+01
E 005 016 5.004e+01
E 005 017 8.061e+01
E 005 018 8.171e+01
E 006 018 2.530e+01
E 006 011 9.020e+01
E 006 012 4.428e+01
E 006 009 2.508e+01
E 007 015 1.300e+01
E 007 009 4.974e+01
E 008 011 2.138e+01
E 008 012 6.530e+01
E 008 013 4.652e+01
E 008 015 6.297e+01
E 008 017 6.762e+01
E 009 017 3.276e+01
E 009 018 2.236e+00
E 009 019 4.627e+01
E 010 019 2.802e+01
E 011 015 7.335e+01
E 011 019 4.162e+01
E 012 018 1.942e+01
E 013 018 8.257e+01
E 013 015 3.689e+01
E 014 015 4.472e+00
E 014 017 2.915e+01
E 014 019 4.405e+01
E 015 017 3.228e+01
E 015 018 6.161e+01
E 016 019 3.406e+01
E 016 018 4.123e+01
