N 000 070 070 4.104e-02
N 001 064 020 1.478e-01
N 002 047 041 5.149e-01
N 003 010 086 5.023e-01
N 004 035 062 9.898e-01
N 005 097 079 1.105e-01
N 006 061 097 1.436e-01
N 007 005 012 5.108e-01
N 008 050 040 3.995e-01
N 009 047 089 1.965e-01
N 010 073 020 9.618e-01
N 011 012 025 6.690e-01
N 012 083 099 5.731e-01
N 013 086 020 8.362e-01
N 014 081 031 6.223e-01
N 015 049 008 4.830e-01
N 016 067 068 7.381e-01
N 017 047 000 1.620e-01
N 018 031 039 1.622e-01
N 019 081 058 8.236e-01
E 000 019 1.628e+01
E 000 014 4.052e+01
E 000 006 2.846e+01
E 001 002 2.702e+01
E 001 011 5.224e+01
E 002 008 3.162e+00
E 002 005 6.280e+01
E 002 006 5.772e+01
E 002 013 4.429e+01
E 003 019 7.632e+01
E 003 005 8.728e+01
E 003 006 5.217e+01
E 004 005 6.429e+01
E 004 007 5.831e+01
E 004 008 2.663e+01
E 004 009 2.955e+01
E 004 010 5.664e+01
E 004 012 6.061e+01
E 004 017 6.315e+01
E 004 018 2.335e+01
E 004 019 4.617e+01
E 005 006 4.025e+01
E 005 007 1.138e+02
E 005 008 6.107e+01
E 005 010 6.369e+01
E 005 013 6.002e+01
E 005 015 8.570e+01
E 005 016 3.195e+01
E 005 017 9.349e+01
E 005 019 2.640e+01
E 006 011 8.709e+01
E 006 013 8.096e+01
E 006 016 2.961e+01
E 006 019 4.383e+01
E 007 019 8.884e+01
E 007 009 8.771e+01
E 007 011 1.476e+01
E 008 011 4.085e+01
E 008 013 4.118e+01
E 008 014 3.228e+01
E 008 018 1.903e+01
E 009 010 7.374e+01
E 009 014 6.723e+01
E 009 015 8.102e+01
E 009 016 2.900e+01
E 010 019 3.883e+01
E 010 017 3.280e+01
E 011 012 1.026e+02
E 011 013 7.417e+01
E 011 014 6.926e+01
E 011 015 4.072e+01
E 012 017 1.053e+02
E 012 015 9.714e+01
E 013 014 1.208e+01
E 014 015 3.941e+01
E 015 016 6.264e+01
E 015 017 8.246e+00
E 015 018 3.585e+01
E 016 017 7.088e+01
E 017 018 4.215e+01
