N 000 055 015 8.478e-01
N 001 094 020 7.671e-01
N 002 084 062 5.073e-01
N 003 024 062 2.461e-01
N 004 008 090 6.045e-01
N 005 065 067 8.397e-01
N 006 052 018 1.036e-01
N 007 080 066 8.857e-01
N 008 078 037 2.023e-03
N 009 016 035 2.547e-01
N 010 088 097 2.496e-01
N 011 079 057 3.301e-01
N 012 090 024 7.715e-02
N 013 099 082 1.728e-01
N 014 005 038 5.351e-01
N 015 076 060 1.149e-01
N 016 028 070 5.165e-01
N 017 060 079 7.387e-01
N 018 011 043 3.813e-01
N 019 066 080 6.407e-01
E 000 011 4.837e+01
E 000 009 4.383e+01
E 000 003 5.630e+01
E 000 005 5.295e+01
E 001 005 5.523e+01
E 001 008 2.335e+01
E 001 009 7.943e+01
E 001 014 9.080e+01
E 001 015 4.386e+01
E 001 016 8.280e+01
E 002 008 2.571e+01
E 002 016 5.657e+01
E 002 010 3.523e+01
E 002 003 6.000e+01
E 003 008 5.951e+01
E 003 011 5.523e+01
E 003 014 3.061e+01
E 003 017 3.981e+01
E 004 017 5.315e+01
E 004 012 1.053e+02
E 004 005 6.147e+01
E 005 006 5.070e+01
E 005 008 3.270e+01
E 005 013 3.716e+01
E 005 014 6.664e+01
E 005 017 1.300e+01
E 005 018 5.909e+01
E 006 010 8.682e+01
E 006 012 3.847e+01
E 006 013 7.940e+01
E 006 014 5.108e+01
E 006 015 4.837e+01
E 006 016 5.727e+01
E 006 017 6.152e+01
E 006 019 6.356e+01
E 007 016 5.215e+01
E 007 012 4.317e+01
E 007 014 8.006e+01
E 008 009 6.203e+01
E 008 012 1.769e+01
E 008 014 7.301e+01
E 008 018 6.727e+01
E 008 019 4.464e+01
E 009 011 6.673e+01
E 009 016 3.700e+01
E 009 018 9.434e+00
E 009 019 6.727e+01
E 010 019 2.780e+01
E 010 011 4.100e+01
E 010 014 1.018e+02
E 011 013 3.202e+01
E 011 014 7.640e+01
E 011 019 2.642e+01
E 012 013 5.869e+01
E 012 014 8.615e+01
E 012 016 7.720e+01
E 012 017 6.265e+01
E 015 019 2.236e+01
E 016 017 3.324e+01
E 016 018 3.191e+01
