N 000 088 075 5.354e-02
N 001 088 054 6.936e-03
N 002 051 068 4.123e-01
N 003 061 005 9.266e-01
N 004 025 000 8.177e-01
N 005 053 014 7.651e-01
N 006 062 092 1.300e-01
N 007 011 004 8.303e-01
N 008 010 001 5.061e-01
N 009 054 056 1.888e-01
N 010 035 062 3.020e-01
N 011 030 000 1.083e-01
N 012 058 044 4.449e-01
N 013 031 040 4.105e-02
N 014 060 054 6.750e-01
N 015 068 048 4.616e-01
N 016 077 028 4.150e-01
N 017 021 042 5.518e-01
N 018 038 020 2.541e-01
N 019 007 088 2.372e-01
E 000 001 2.100e+01
E 000 004 9.795e+01
E 000 005 7.033e+01
E 000 006 3.106e+01
E 000 007 1.047e+02
E 000 008 1.075e+02
E 001 003 5.595e+01
E 001 004 8.298e+01
E 001 008 9.430e+01
E 001 010 5.360e+01
E 001 015 2.088e+01
E 002 004 7.280e+01
E 002 007 7.547e+01
E 002 011 7.117e+01
E 002 012 2.500e+01
E 002 013 3.441e+01
E 002 017 3.970e+01
E 002 019 4.833e+01
E 003 004 3.635e+01
E 003 010 6.265e+01
E 003 011 3.140e+01
E 003 017 5.449e+01
E 003 018 2.746e+01
E 004 010 6.280e+01
E 004 011 5.000e+00
E 004 013 4.045e+01
E 004 019 8.982e+01
E 005 008 4.492e+01
E 005 010 5.126e+01
E 005 012 3.041e+01
E 005 017 4.252e+01
E 005 018 1.616e+01
E 005 019 8.713e+01
E 006 007 1.017e+02
E 006 008 1.048e+02
E 006 009 3.688e+01
E 006 010 4.036e+01
E 006 011 9.741e+01
E 006 013 6.054e+01
E 006 016 6.573e+01
E 007 011 1.942e+01
E 007 012 6.172e+01
E 007 016 7.023e+01
E 008 013 4.429e+01
E 008 015 7.465e+01
E 008 016 7.224e+01
E 008 017 4.245e+01
E 008 019 8.705e+01
E 009 017 3.585e+01
E 009 019 5.686e+01
E 010 011 6.220e+01
E 010 017 2.441e+01
E 011 015 6.122e+01
E 011 018 2.154e+01
E 012 013 2.729e+01
E 012 014 1.020e+01
E 012 018 3.124e+01
E 013 019 5.367e+01
E 014 018 4.050e+01
E 016 018 3.981e+01
