N 000 088 030 4.318e-02
N 001 052 022 9.323e-01
N 002 032 038 6.377e-01
N 003 056 077 6.137e-01
N 004 001 027 2.517e-01
N 005 015 076 2.631e-01
N 006 010 096 1.559e-01
N 007 033 037 1.499e-01
N 008 072 054 8.071e-01
N 009 049 011 2.206e-01
N 010 090 039 1.297e-02
N 011 029 091 1.032e-01
N 012 000 097 7.887e-02
N 013 049 048 6.476e-01
N 014 040 047 5.339e-01
N 015 047 049 6.499e-01
N 016 028 087 6.890e-01
N 017 073 003 8.620e-01
N 018 077 079 2.760e-01
N 019 017 062 2.190e-02
E 000 002 5.657e+01
E 000 004 8.705e+01
E 000 005 8.628e+01
E 000 008 2.884e+01
E 000 012 1.106e+02
E 000 013 4.295e+01
E 001 018 6.224e+01
E 001 019 5.315e+01
E 001 014 2.773e+01
E 001 007 2.421e+01
E 002 004 3.289e+01
E 002 007 1.414e+00
E 002 009 3.191e+01
E 002 010 5.801e+01
E 002 014 1.204e+01
E 002 015 1.860e+01
E 003 004 7.433e+01
E 003 007 4.614e+01
E 003 008 2.802e+01
E 003 015 2.941e+01
E 003 016 2.973e+01
E 003 017 7.593e+01
E 004 007 3.353e+01
E 004 008 7.596e+01
E 004 013 5.239e+01
E 004 015 5.099e+01
E 005 008 6.110e+01
E 005 010 8.363e+01
E 005 012 2.581e+01
E 005 007 4.295e+01
E 006 007 6.332e+01
E 006 008 7.489e+01
E 006 009 9.352e+01
E 006 010 9.823e+01
E 006 013 6.185e+01
E 006 016 2.012e+01
E 007 009 3.053e+01
E 007 015 1.844e+01
E 008 014 3.276e+01
E 008 017 5.101e+01
E 008 018 2.550e+01
E 009 012 9.898e+01
E 009 013 3.700e+01
E 009 015 3.805e+01
E 009 017 2.530e+01
E 009 019 6.021e+01
E 010 011 8.016e+01
E 010 014 5.064e+01
E 010 015 4.415e+01
E 010 016 7.841e+01
E 010 018 4.206e+01
E 010 019 7.654e+01
E 011 017 9.839e+01
E 011 019 3.138e+01
E 011 014 4.535e+01
E 012 016 2.973e+01
E 012 017 1.190e+02
E 014 017 5.500e+01
E 015 018 4.243e+01
E 018 019 6.236e+01
