N 000 037 031 9.540e-01
N 001 075 066 6.578e-03
N 002 008 037 3.954e-01
N 003 024 047 2.855e-01
N 004 028 020 6.130e-01
N 005 052 032 6.241e-01
N 006 062 090 6.996e-01
N 007 052 040 5.092e-01
N 008 033 049 3.155e-01
N 009 027 050 8.681e-01
N 010 093 088 1.041e-01
N 011 091 024 4.681e-01
N 012 000 058 8.452e-01
N 013 007 090 8.598e-01
N 014 089 083 2.675e-01
N 015 062 068 7.754e-01
N 016 042 048 3.913e-01
N 017 056 074 7.163e-01
N 018 032 091 9.478e-01
N 019 020 085 6.831e-01
E 000 008 1.844e+01
E 000 019 5.661e+01
E 000 012 4.580e+01
E 000 006 6.408e+01
E 001 006 2.729e+01
E 001 008 4.531e+01
E 001 011 4.494e+01
E 001 014 2.202e+01
E 001 015 1.315e+01
E 001 017 2.062e+01
E 001 019 5.819e+01
E 002 004 2.625e+01
E 002 008 2.773e+01
E 002 010 9.913e+01
E 002 011 8.401e+01
E 002 012 2.247e+01
E 002 017 6.061e+01
E 002 019 4.948e+01
E 003 017 4.187e+01
E 003 018 4.472e+01
E 003 019 3.821e+01
E 003 013 4.624e+01
E 003 007 2.886e+01
E 004 008 2.943e+01
E 004 016 3.130e+01
E 004 018 7.111e+01
E 005 006 5.886e+01
E 005 010 6.940e+01
E 005 011 3.981e+01
E 005 012 5.814e+01
E 005 014 6.301e+01
E 005 015 3.736e+01
E 005 016 1.887e+01
E 005 017 4.219e+01
E 006 007 5.099e+01
E 006 009 5.315e+01
E 006 010 3.106e+01
E 006 016 4.652e+01
E 007 008 2.102e+01
E 007 012 5.503e+01
E 007 014 5.673e+01
E 008 009 6.083e+00
E 008 013 4.855e+01
E 008 015 3.467e+01
E 008 016 9.055e+00
E 008 018 4.201e+01
E 009 018 4.130e+01
E 010 016 6.482e+01
E 010 017 3.956e+01
E 010 019 7.306e+01
E 011 017 6.103e+01
E 011 013 1.068e+02
E 012 013 3.276e+01
E 012 016 4.317e+01
E 013 017 5.155e+01
E 014 016 5.860e+01
E 014 018 5.756e+01
E 015 017 8.485e+00
E 017 018 2.941e+01
E 018 019 1.342e+01
