N 000 067 064 6.553e-01
N 001 071 047 9.180e-01
N 002 091 055 6.431e-01
N 003 000 093 4.582e-01
N 004 034 000 6.767e-01
N 005 002 022 9.105e-01
N 006 039 077 5.494e-01
N 007 068 096 8.176e-01
N 008 033 051 6.163e-01
N 009 034 061 5.301e-02
N 010 014 022 7.721e-01
N 011 076 087 2.162e-01
N 012 032 052 4.398e-01
N 013 038 022 9.417e-01
N 014 088 084 3.023e-01
N 015 047 086 8.835e-01
N 016 061 074 3.657e-01
N 017 078 052 7.776e-02
N 018 032 090 2.350e-01
N 019 001 048 3.715e-01
E 000 001 1.746e+01
E 000 018 4.360e+01
E 000 017 1.628e+01
E 001 005 7.339e+01
E 001 007 4.909e+01
E 001 008 3.821e+01
E 001 010 6.224e+01
E 001 012 3.932e+01
E 001 013 4.140e+01
E 001 016 2.879e+01
E 001 018 5.805e+01
E 002 009 5.731e+01
E 002 010 8.377e+01
E 002 019 9.027e+01
E 002 005 9.492e+01
E 002 017 1.334e+01
E 003 016 6.389e+01
E 003 005 7.103e+01
E 003 014 8.846e+01
E 003 013 8.053e+01
E 004 006 7.716e+01
E 004 007 1.018e+02
E 004 011 9.661e+01
E 004 013 2.236e+01
E 004 016 7.877e+01
E 004 019 5.825e+01
E 005 006 6.629e+01
E 005 009 5.045e+01
E 005 017 8.171e+01
E 005 018 7.432e+01
E 005 019 2.602e+01
E 006 008 2.668e+01
E 006 009 1.676e+01
E 006 010 6.042e+01
E 006 011 3.833e+01
E 006 017 4.632e+01
E 006 018 1.476e+01
E 006 019 4.780e+01
E 007 010 9.161e+01
E 007 013 7.985e+01
E 007 017 4.512e+01
E 007 018 3.650e+01
E 008 011 5.608e+01
E 008 012 1.414e+00
E 008 016 3.624e+01
E 008 017 4.501e+01
E 009 011 4.940e+01
E 010 011 8.983e+01
E 010 015 7.201e+01
E 010 018 7.034e+01
E 011 014 1.237e+01
E 012 018 3.800e+01
E 013 017 5.000e+01
E 014 017 3.353e+01
E 014 019 9.415e+01
E 014 015 4.105e+01
E 015 016 1.844e+01
E 015 019 5.967e+01
E 017 018 5.967e+01
E 018 019 5.220e+01
