N 000 030 023 5.457e-01
N 001 018 010 9.688e-01
N 002 061 053 5.784e-01
N 003 032 012 9.852e-01
N 004 032 002 4.512e-01
N 005 023 069 7.558e-01
N 006 095 040 1.424e-01
N 007 050 043 9.397e-01
N 008 032 076 7.016e-02
N 009 027 090 6.944e-01
N 010 015 098 6.095e-01
N 011 008 061 2.102e-02
N 012 026 056 4.518e-01
N 013 067 095 8.467e-01
N 014 012 059 2.223e-01
N 015 029 073 2.108e-01
N 016 075 026 2.658e-01
N 017 064 055 6.913e-01
N 018 085 087 5.009e-01
N 019 066 022 7.424e-01
E 000 008 5.304e+01
E 000 009 6.707e+01
E 000 013 8.095e+01
E 000 014 4.025e+01
E 000 015 5.001e+01
E 000 018 8.439e+01
E 001 002 6.081e+01
E 001 007 4.597e+01
E 001 009 8.050e+01
E 001 010 8.805e+01
E 001 011 5.197e+01
E 001 013 9.811e+01
E 001 018 1.021e+02
E 002 005 4.123e+01
E 002 007 1.487e+01
E 002 008 3.701e+01
E 002 010 6.435e+01
E 002 011 5.360e+01
E 003 009 7.816e+01
E 003 014 5.108e+01
E 003 015 6.107e+01
E 003 016 4.522e+01
E 003 017 5.360e+01
E 003 018 9.184e+01
E 003 019 3.544e+01
E 006 008 7.256e+01
E 006 010 9.881e+01
E 006 012 7.083e+01
E 006 014 8.515e+01
E 006 015 7.379e+01
E 006 016 2.441e+01
E 006 017 3.444e+01
E 006 018 4.805e+01
E 007 008 3.759e+01
E 007 009 5.233e+01
E 007 012 2.729e+01
E 007 015 3.662e+01
E 007 016 3.023e+01
E 007 017 1.844e+01
E 007 019 2.640e+01
E 008 010 2.780e+01
E 008 013 3.982e+01
E 008 018 5.413e+01
E 008 019 6.381e+01
E 009 011 3.467e+01
E 009 014 3.444e+01
E 009 017 5.093e+01
E 010 011 3.766e+01
E 010 015 2.865e+01
E 010 018 7.086e+01
E 011 013 6.810e+01
E 011 016 7.559e+01
E 013 014 6.573e+01
E 013 015 4.391e+01
E 013 016 6.946e+01
E 013 017 4.011e+01
E 015 019 6.301e+01
E 016 017 3.102e+01
E 016 018 6.181e+01
E 016 019 9.849e+00
