N 000 026 033 8.818e-01
N 001 036 032 5.434e-01
N 002 019 061 5.545e-02
N 003 047 043 6.165e-01
N 004 056 079 2.245e-01
N 005 055 074 2.780e-01
N 006 074 076 3.494e-01
N 007 040 020 4.081e-02
N 008 064 020 1.105e-01
N 009 038 058 4.603e-01
N 010 043 046 7.218e-02
N 011 026 076 7.933e-01
N 012 024 077 6.420e-01
N 013 076 074 5.242e-02
N 014 080 023 9.341e-02
N 015 025 043 9.699e-01
N 016 051 098 8.691e-01
N 017 041 019 8.672e-01
N 018 086 055 5.421e-01
N 019 025 075 2.943e-01
E 000 002 2.886e+01
E 000 003 2.326e+01
E 000 004 5.492e+01
E 000 014 5.492e+01
E 000 015 1.005e+01
E 001 009 2.608e+01
E 001 003 1.556e+01
E 001 005 4.610e+01
E 001 007 1.265e+01
E 002 003 3.329e+01
E 002 009 1.924e+01
E 002 011 1.655e+01
E 002 012 1.676e+01
E 002 014 7.187e+01
E 002 017 4.741e+01
E 003 007 2.404e+01
E 003 010 5.000e+00
E 003 012 4.105e+01
E 003 013 4.245e+01
E 003 016 5.515e+01
E 003 017 2.474e+01
E 003 019 3.883e+01
E 004 008 5.954e+01
E 004 015 4.751e+01
E 004 009 2.766e+01
E 005 015 4.314e+01
E 005 009 2.335e+01
E 005 013 2.100e+01
E 005 007 5.604e+01
E 006 011 4.800e+01
E 006 012 5.001e+01
E 006 014 5.334e+01
E 007 008 2.400e+01
E 007 009 3.805e+01
E 007 010 2.617e+01
E 007 011 5.772e+01
E 007 012 5.920e+01
E 007 017 1.414e+00
E 008 012 6.963e+01
E 008 010 3.342e+01
E 008 011 6.768e+01
E 009 013 4.123e+01
E 009 014 5.467e+01
E 009 016 4.206e+01
E 009 017 3.912e+01
E 010 011 3.448e+01
E 010 013 4.328e+01
E 011 012 2.236e+00
E 012 013 5.209e+01
E 012 014 7.779e+01
E 012 018 6.579e+01
E 013 014 5.116e+01
E 013 017 6.519e+01
E 013 018 2.147e+01
E 014 015 5.852e+01
E 014 016 8.041e+01
E 014 017 3.920e+01
E 015 016 6.084e+01
E 016 019 3.471e+01
E 017 018 5.763e+01
