N 000 006 098 6.488e-02
N 001 067 095 9.944e-01
N 002 019 048 4.638e-01
N 003 052 080 3.079e-03
N 004 086 085 4.159e-01
N 005 067 064 4.419e-01
N 006 017 068 3.444e-01
N 007 053 015 7.317e-01
N 008 088 019 9.386e-01
N 009 001 025 7.630e-01
N 010 035 043 4.621e-01
N 011 038 026 5.019e-01
N 012 013 077 5.138e-01
N 013 011 060 3.808e-01
N 014 048 086 1.225e-01
N 015 057 053 4.425e-01
N 016 017 080 3.759e-01
N 017 064 080 8.805e-02
N 018 009 022 3.121e-01
N 019 059 085 6.143e-01
E 000 019 5.457e+01
E 001 003 2.121e+01
E 001 005 3.100e+01
E 001 007 8.122e+01
E 001 010 6.106e+01
E 001 012 5.692e+01
E 001 013 6.604e+01
E 001 016 5.220e+01
E 001 019 1.281e+01
E 002 003 4.597e+01
E 002 004 7.654e+01
E 002 010 1.676e+01
E 002 011 2.907e+01
E 002 014 4.780e+01
E 002 015 3.833e+01
E 002 017 5.522e+01
E 002 019 5.449e+01
E 003 004 3.437e+01
E 003 011 5.579e+01
E 003 014 7.211e+00
E 003 016 3.500e+01
E 003 019 8.602e+00
E 004 008 6.603e+01
E 004 012 7.344e+01
E 004 014 3.801e+01
E 004 015 4.319e+01
E 005 015 1.487e+01
E 005 009 7.666e+01
E 005 013 5.614e+01
E 005 007 5.096e+01
E 006 017 4.851e+01
E 006 011 4.696e+01
E 006 013 1.000e+01
E 007 010 3.329e+01
E 007 012 7.378e+01
E 007 014 7.118e+01
E 007 015 3.821e+01
E 007 018 4.455e+01
E 008 012 9.481e+01
E 008 018 7.906e+01
E 008 017 6.555e+01
E 008 015 4.601e+01
E 009 015 6.261e+01
E 009 016 5.728e+01
E 009 011 3.701e+01
E 009 013 3.640e+01
E 010 014 4.492e+01
E 011 012 5.680e+01
E 011 016 5.794e+01
E 011 019 6.263e+01
E 012 013 1.712e+01
E 012 017 5.109e+01
E 012 018 5.515e+01
E 012 019 4.669e+01
E 013 016 2.088e+01
E 013 019 5.412e+01
E 015 016 4.826e+01
E 015 017 2.789e+01
E 016 017 4.700e+01
E 017 019 7.071e+00
