N 000 083 022 6.127e-01
N 001 090 032 4.574e-01
N 002 071 020 7.004e-01
N 003 014 096 9.127e-01
N 004 004 032 7.860e-01
N 005 074 003 9.501e-01
N 006 014 051 3.783e-01
N 007 059 029 8.363e-01
N 008 020 047 6.945e-01
N 009 014 098 1.143e-01
N 010 032 092 5.549e-01
N 011 082 053 6.761e-01
N 012 043 048 2.248e-01
N 013 015 024 4.926e-01
N 014 022 080 5.740e-01
N 015 030 004 1.059e-01
N 016 077 055 1.900e-01
N 017 078 092 1.929e-01
N 018 083 097 6.524e-01
N 019 074 095 4.484e-01
E 000 001 1.221e+01
E 000 002 1.217e+01
E 000 003 1.012e+02
E 000 004 7.963e+01
E 000 008 6.778e+01
E 000 012 4.771e+01
E 001 003 9.936e+01
E 001 006 7.834e+01
E 001 013 7.543e+01
E 001 015 6.621e+01
E 001 018 6.538e+01
E 002 004 6.807e+01
E 002 005 1.726e+01
E 002 006 6.488e+01
E 002 007 1.500e+01
E 002 010 8.188e+01
E 002 012 3.960e+01
E 002 013 5.614e+01
E 002 015 4.401e+01
E 002 017 7.234e+01
E 003 004 6.478e+01
E 003 009 2.000e+00
E 003 013 7.201e+01
E 003 014 1.789e+01
E 004 007 5.508e+01
E 004 010 6.621e+01
E 004 011 8.078e+01
E 004 012 4.215e+01
E 004 015 3.821e+01
E 004 016 7.654e+01
E 005 019 9.200e+01
E 005 018 9.443e+01
E 006 008 7.211e+00
E 006 016 6.313e+01
E 006 017 7.601e+01
E 007 009 8.238e+01
E 007 012 2.484e+01
E 007 017 6.580e+01
E 007 018 7.211e+01
E 008 009 5.135e+01
E 008 014 3.306e+01
E 008 016 5.756e+01
E 008 019 7.225e+01
E 009 010 1.897e+01
E 009 012 5.780e+01
E 009 014 1.970e+01
E 009 015 9.535e+01
E 009 018 6.901e+01
E 010 016 5.826e+01
E 010 017 4.600e+01
E 011 016 5.385e+00
E 011 019 4.276e+01
E 012 013 3.688e+01
E 013 015 2.500e+01
E 013 016 6.932e+01
E 013 017 9.270e+01
E 014 015 7.642e+01
E 015 016 6.935e+01
E 016 018 4.243e+01
E 017 018 7.071e+00
