N 000 099 049 2.343e-01
N 001 088 088 8.750e-01
N 002 002 014 6.029e-01
N 003 019 007 1.738e-01
N 004 075 023 8.576e-01
N 005 084 057 7.752e-01
N 006 040 027 9.248e-01
N 007 071 016 8.576e-01
N 008 030 095 7.955e-01
N 009 076 012 9.766e-01
N 010 079 028 6.627e-01
N 011 031 011 2.026e-01
N 012 063 073 9.998e-02
N 013 022 099 5.494e-01
N 014 098 095 7.500e-01
N 015 030 012 9.276e-01
N 016 057 086 4.909e-01
N 017 066 068 2.313e-02
N 018 025 009 4.088e-01
N 019 008 069 8.924e-02
E 000 001 4.052e+01
E 000 003 9.035e+01
E 000 004 3.538e+01
E 000 007 4.328e+01
E 000 008 8.293e+01
E 000 009 4.357e+01
E 000 011 7.790e+01
E 000 017 3.808e+01
E 001 005 3.126e+01
E 001 006 7.762e+01
E 001 008 5.842e+01
E 001 015 9.560e+01
E 001 016 3.106e+01
E 001 018 1.010e+02
E 001 019 8.223e+01
E 002 004 7.355e+01
E 002 009 7.403e+01
E 002 010 7.826e+01
E 002 011 2.915e+01
E 002 013 8.732e+01
E 002 015 2.807e+01
E 003 016 8.766e+01
E 003 019 6.297e+01
E 003 007 5.277e+01
E 004 005 3.517e+01
E 004 006 3.523e+01
E 004 009 1.105e+01
E 004 013 9.266e+01
E 004 014 7.558e+01
E 004 016 6.552e+01
E 005 008 6.603e+01
E 005 010 2.943e+01
E 006 009 3.900e+01
E 006 014 8.938e+01
E 006 017 4.855e+01
E 006 018 2.343e+01
E 007 010 1.442e+01
E 007 011 4.031e+01
E 007 012 5.756e+01
E 007 017 5.224e+01
E 007 018 4.653e+01
E 007 019 8.233e+01
E 008 012 3.966e+01
E 008 014 6.800e+01
E 008 015 8.300e+01
E 008 017 4.500e+01
E 008 018 8.615e+01
E 008 019 3.406e+01
E 009 010 1.628e+01
E 009 011 4.501e+01
E 009 019 8.873e+01
E 010 012 4.776e+01
E 010 016 6.203e+01
E 011 012 6.977e+01
E 011 018 6.325e+00
E 011 019 6.239e+01
E 014 016 4.198e+01
E 016 018 8.338e+01
E 017 019 5.801e+01
E 018 019 6.236e+01
