N 000 072 093 9.034e-01
N 001 059 017 9.228e-02
N 002 004 066 8.128e-01
N 003 019 086 3.126e-03
N 004 072 024 2.220e-01
N 005 069 034 3.714e-01
N 006 064 041 9.266e-01
N 007 059 063 1.547e-01
N 008 090 031 9.524e-01
N 009 034 067 4.932e-01
N 010 041 068 9.964e-02
N 011 069 010 3.758e-01
N 012 085 088 3.532e-01
N 013 055 039 2.931e-01
N 014 062 062 1.392e-01
N 015 038 029 2.576e-01
N 016 050 012 3.529e-01
N 017 039 094 3.975e-02
N 018 012 069 5.672e-01
N 019 022 015 6.014e-03
E 000 003 5.346e+01
E 000 004 6.900e+01
E 000 008 6.456e+01
E 000 009 4.604e+01
E 000 015 7.247e+01
E 000 018 6.462e+01
E 000 019 9.265e+01
E 001 009 5.590e+01
E 001 002 7.366e+01
E 001 010 5.408e+01
E 001 013 2.236e+01
E 002 019 5.408e+01
E 002 010 3.705e+01
E 002 011 8.580e+01
E 003 008 8.981e+01
E 003 004 8.157e+01
E 003 013 5.920e+01
E 003 009 2.421e+01
E 004 005 1.044e+01
E 004 008 1.931e+01
E 004 015 3.437e+01
E 004 019 5.080e+01
E 005 016 2.907e+01
E 005 017 6.708e+01
E 005 018 6.689e+01
E 005 007 3.068e+01
E 006 016 3.220e+01
E 006 011 3.140e+01
E 007 008 4.455e+01
E 007 017 3.689e+01
E 007 013 2.433e+01
E 008 009 6.657e+01
E 008 010 6.140e+01
E 008 011 2.970e+01
E 008 016 4.428e+01
E 008 017 8.106e+01
E 008 019 6.986e+01
E 009 010 7.071e+00
E 009 012 5.515e+01
E 009 015 3.821e+01
E 009 016 5.728e+01
E 009 017 2.746e+01
E 009 019 5.337e+01
E 010 011 6.440e+01
E 010 016 5.672e+01
E 010 017 2.608e+01
E 011 012 7.962e+01
E 011 018 8.204e+01
E 011 019 4.727e+01
E 012 018 7.543e+01
E 012 014 3.471e+01
E 012 015 7.543e+01
E 013 014 2.404e+01
E 013 016 2.746e+01
E 013 018 5.243e+01
E 013 019 4.080e+01
E 014 018 5.049e+01
E 014 019 6.172e+01
E 015 016 2.081e+01
E 016 019 2.816e+01
