N 000 066 080 8.975e-01
N 001 009 011 4.670e-01
N 002 035 048 5.971e-01
N 003 019 000 4.961e-01
N 004 005 050 2.579e-01
N 005 044 086 9.982e-01
N 006 089 076 7.621e-01
N 007 028 099 1.991e-01
N 008 045 054 9.272e-01
N 009 006 047 6.065e-01
N 010 022 069 2.448e-01
N 011 058 029 6.123e-01
N 012 099 094 2.411e-01
N 013 009 043 6.392e-01
N 014 089 011 3.019e-01
N 015 074 082 5.946e-01
N 016 069 026 7.710e-01
N 017 050 045 9.695e-01
N 018 072 025 4.494e-01
N 019 097 016 5.953e-01
E 000 001 8.950e+01
E 000 002 4.455e+01
E 000 019 7.111e+01
E 000 010 4.535e+01
E 000 017 3.848e+01
E 001 002 4.522e+01
E 001 008 5.608e+01
E 001 010 5.944e+01
E 001 014 8.000e+01
E 001 017 5.326e+01
E 002 003 5.060e+01
E 002 006 6.083e+01
E 002 008 1.166e+01
E 002 010 2.470e+01
E 002 011 2.983e+01
E 002 012 7.882e+01
E 002 016 4.050e+01
E 002 018 4.357e+01
E 002 019 6.977e+01
E 003 019 7.962e+01
E 003 015 9.874e+01
E 004 005 5.308e+01
E 004 010 2.550e+01
E 004 013 8.062e+00
E 004 014 9.261e+01
E 004 015 7.606e+01
E 004 018 7.151e+01
E 005 006 4.610e+01
E 005 007 2.062e+01
E 005 009 5.445e+01
E 005 011 5.869e+01
E 005 014 8.746e+01
E 005 016 6.500e+01
E 005 017 4.144e+01
E 005 018 6.712e+01
E 006 018 5.376e+01
E 006 012 2.059e+01
E 007 011 7.616e+01
E 007 013 5.914e+01
E 008 013 3.764e+01
E 008 014 6.152e+01
E 008 009 3.962e+01
E 009 016 6.641e+01
E 009 015 7.648e+01
E 010 013 2.907e+01
E 010 016 6.370e+01
E 010 018 6.660e+01
E 011 012 7.685e+01
E 011 017 1.789e+01
E 011 018 1.456e+01
E 012 013 1.034e+02
E 012 014 8.360e+01
E 012 019 7.803e+01
E 013 014 8.616e+01
E 013 015 7.580e+01
E 013 017 4.105e+01
E 014 015 7.257e+01
E 015 019 6.989e+01
E 016 018 3.162e+00
E 016 019 2.973e+01
