N 000 079 027 6.617e-01
N 001 061 051 3.079e-01
N 002 070 069 1.240e-02
N 003 001 081 6.900e-01
N 004 002 049 3.118e-01
N 005 093 096 2.079e-01
N 006 053 048 4.163e-01
N 007 059 056 9.411e-02
N 008 051 025 4.024e-02
N 009 059 091 9.126e-01
N 010 095 083 4.527e-01
N 011 074 002 7.120e-01
N 012 082 081 1.444e-01
N 013 017 013 1.412e-02
N 014 071 070 3.929e-02
N 015 016 041 1.920e-01
N 016 086 068 6.179e-01
N 017 005 056 9.620e-01
N 018 059 085 2.803e-01
N 019 092 042 9.849e-01
E 000 009 6.705e+01
E 000 010 5.824e+01
E 000 006 3.342e+01
E 001 015 4.610e+01
E 001 016 3.023e+01
E 001 011 5.070e+01
E 001 019 3.228e+01
E 001 007 5.385e+00
E 002 003 7.004e+01
E 002 004 7.088e+01
E 002 007 1.703e+01
E 002 008 4.793e+01
E 002 010 2.865e+01
E 002 011 6.712e+01
E 003 011 1.076e+02
E 003 013 6.986e+01
E 003 014 7.086e+01
E 003 015 4.272e+01
E 003 019 9.901e+01
E 004 008 5.456e+01
E 004 016 8.612e+01
E 004 019 9.027e+01
E 004 005 1.024e+02
E 005 009 3.437e+01
E 005 012 1.860e+01
E 005 013 1.125e+02
E 005 014 3.406e+01
E 005 016 2.886e+01
E 005 018 3.574e+01
E 006 016 3.859e+01
E 006 012 4.393e+01
E 006 014 2.843e+01
E 006 017 4.866e+01
E 007 016 2.955e+01
E 007 012 3.397e+01
E 007 015 4.554e+01
E 008 013 3.606e+01
E 008 015 3.848e+01
E 009 010 3.688e+01
E 009 011 9.026e+01
E 009 013 8.859e+01
E 009 014 2.419e+01
E 009 015 6.595e+01
E 009 018 6.000e+00
E 010 012 1.315e+01
E 010 014 2.729e+01
E 010 016 1.749e+01
E 010 017 9.396e+01
E 011 014 6.807e+01
E 011 016 6.708e+01
E 011 017 8.762e+01
E 012 015 7.718e+01
E 012 016 1.360e+01
E 012 018 2.335e+01
E 013 014 7.852e+01
E 014 015 6.218e+01
E 015 016 7.503e+01
E 015 019 7.601e+01
E 016 018 3.191e+01
E 018 019 5.420e+01
