N 000 081 013 7.644e-01
N 001 071 075 8.116e-01
N 002 084 090 4.743e-01
N 003 019 066 8.362e-01
N 004 066 046 4.407e-01
N 005 056 036 5.657e-01
N 006 004 006 4.219e-01
N 007 024 068 4.030e-01
N 008 011 041 6.799e-01
N 009 029 002 1.703e-01
N 010 021 082 2.608e-01
N 011 019 060 3.963e-01
N 012 031 076 6.985e-01
N 013 099 048 2.140e-02
N 014 003 056 7.677e-01
N 015 018 024 1.258e-01
N 016 063 016 6.858e-01
N 017 004 035 7.265e-01
N 018 022 009 6.025e-01
N 019 069 037 7.186e-01
E 000 003 8.157e+01
E 000 008 7.539e+01
E 000 009 5.315e+01
E 000 014 8.907e+01
E 000 017 8.008e+01
E 000 019 2.683e+01
E 001 017 7.803e+01
E 001 019 3.805e+01
E 001 005 4.179e+01
E 001 006 9.618e+01
E 002 004 4.754e+01
E 002 006 1.160e+02
E 002 012 5.482e+01
E 002 013 4.460e+01
E 002 015 9.334e+01
E 002 018 1.020e+02
E 002 019 5.508e+01
E 003 009 6.478e+01
E 003 004 5.108e+01
E 003 005 4.763e+01
E 003 006 6.185e+01
E 004 009 5.749e+01
E 004 010 5.763e+01
E 004 011 4.904e+01
E 004 017 6.297e+01
E 004 018 5.749e+01
E 005 007 4.525e+01
E 006 014 5.001e+01
E 007 008 2.997e+01
E 007 011 9.434e+00
E 007 014 2.419e+01
E 007 015 4.441e+01
E 007 017 3.859e+01
E 007 019 5.464e+01
E 008 010 4.220e+01
E 008 012 4.031e+01
E 008 013 8.828e+01
E 008 019 5.814e+01
E 010 011 2.209e+01
E 010 012 1.166e+01
E 010 013 8.509e+01
E 010 016 7.823e+01
E 010 017 4.998e+01
E 010 019 6.580e+01
E 011 014 1.649e+01
E 011 017 2.915e+01
E 011 018 5.109e+01
E 012 014 3.441e+01
E 013 016 4.817e+01
E 013 017 9.589e+01
E 013 019 3.195e+01
E 014 015 3.534e+01
E 014 016 7.211e+01
E 014 017 2.102e+01
E 014 019 6.868e+01
E 015 016 4.571e+01
E 015 018 1.552e+01
E 016 017 6.198e+01
E 016 019 2.184e+01
E 017 019 6.503e+01
