N 000 060 023 8.440e-01
N 001 070 015 3.063e-01
N 002 028 075 2.355e-01
N 003 043 068 6.893e-01
N 004 078 078 3.247e-01
N 005 063 084 6.194e-01
N 006 077 092 5.774e-01
N 007 046 077 7.837e-01
N 008 003 029 4.718e-01
N 009 038 087 1.066e-01
N 010 000 014 2.151e-01
N 011 015 069 6.689e-01
N 012 075 035 4.445e-01
N 013 029 050 5.505e-01
N 014 038 098 9.634e-01
N 015 082 046 1.028e-01
N 016 030 020 5.779e-01
N 017 044 051 9.328e-01
N 018 077 027 8.932e-01
N 019 042 080 3.959e-01
E 000 001 1.281e+01
E 000 004 5.787e+01
E 000 005 6.107e+01
E 000 006 7.106e+01
E 000 007 5.579e+01
E 000 010 6.067e+01
E 000 015 3.183e+01
E 000 016 3.015e+01
E 000 018 1.746e+01
E 001 002 7.324e+01
E 001 004 6.351e+01
E 001 013 5.391e+01
E 001 014 8.896e+01
E 001 018 1.389e+01
E 002 004 5.009e+01
E 002 005 3.614e+01
E 002 007 1.811e+01
E 002 011 1.432e+01
E 002 012 6.172e+01
E 002 015 6.129e+01
E 002 016 5.504e+01
E 003 004 3.640e+01
E 003 011 2.802e+01
E 003 012 4.597e+01
E 003 013 2.280e+01
E 003 014 3.041e+01
E 003 018 5.326e+01
E 003 019 1.204e+01
E 004 005 1.616e+01
E 004 006 1.404e+01
E 004 008 8.959e+01
E 004 009 4.100e+01
E 004 010 1.009e+02
E 005 006 1.612e+01
E 005 007 1.838e+01
E 005 012 5.045e+01
E 005 014 2.865e+01
E 005 016 7.201e+01
E 006 012 5.704e+01
E 006 016 8.598e+01
E 006 018 6.500e+01
E 006 019 3.700e+01
E 007 011 3.202e+01
E 008 016 2.846e+01
E 008 017 4.653e+01
E 009 016 6.748e+01
E 009 013 3.808e+01
E 009 015 6.014e+01
E 010 018 7.809e+01
E 010 019 7.823e+01
E 010 013 4.623e+01
E 011 016 5.124e+01
E 011 018 7.489e+01
E 011 019 2.915e+01
E 012 018 8.246e+00
E 013 017 1.503e+01
E 013 019 3.270e+01
E 015 019 5.250e+01
E 016 017 3.401e+01
E 017 019 2.907e+01
