N 000 032 090 6.929e-02
N 001 011 060 1.983e-01
N 002 006 065 8.398e-01
N 003 032 068 7.728e-01
N 004 029 045 1.255e-01
N 005 054 056 7.899e-02
N 006 020 009 9.112e-01
N 007 054 080 8.436e-01
N 008 071 018 5.084e-01
N 009 062 011 3.104e-01
N 010 050 021 6.526e-01
N 011 068 092 2.488e-01
N 012 039 080 9.255e-01
N 013 041 071 9.811e-01
N 014 041 024 9.052e-01
N 015 074 018 3.482e-01
N 016 067 073 4.013e-01
N 017 046 092 6.663e-01
N 018 072 040 8.414e-01
N 019 071 024 4.432e-03
E 000 001 3.662e+01
E 000 005 4.050e+01
E 000 007 2.417e+01
E 000 008 8.188e+01
E 000 014 6.661e+01
E 000 016 3.891e+01
E 000 017 1.414e+01
E 001 002 7.071e+00
E 001 004 2.343e+01
E 001 014 4.686e+01
E 001 016 5.749e+01
E 001 018 6.420e+01
E 002 005 4.884e+01
E 002 007 5.029e+01
E 002 014 5.391e+01
E 002 016 6.152e+01
E 002 018 7.058e+01
E 003 005 2.506e+01
E 003 006 6.021e+01
E 003 007 2.506e+01
E 003 008 6.341e+01
E 003 011 4.327e+01
E 003 015 6.530e+01
E 003 019 5.880e+01
E 004 005 2.731e+01
E 004 011 6.107e+01
E 004 012 3.640e+01
E 004 014 2.419e+01
E 004 016 4.720e+01
E 005 006 5.801e+01
E 005 007 2.400e+01
E 005 008 4.163e+01
E 005 019 3.624e+01
E 006 007 7.872e+01
E 006 008 5.179e+01
E 006 010 3.231e+01
E 006 012 7.350e+01
E 006 013 6.546e+01
E 007 012 1.500e+01
E 008 009 1.140e+01
E 008 010 2.121e+01
E 008 016 5.515e+01
E 008 018 2.202e+01
E 009 018 3.068e+01
E 009 019 1.581e+01
E 009 012 7.273e+01
E 009 014 2.470e+01
E 010 012 6.002e+01
E 010 015 2.419e+01
E 010 017 7.111e+01
E 010 018 2.907e+01
E 011 017 2.200e+01
E 011 013 3.421e+01
E 012 014 5.604e+01
E 013 018 4.384e+01
E 013 014 4.700e+01
E 014 015 3.354e+01
E 016 019 4.916e+01
E 017 018 5.814e+01
E 018 019 1.603e+01
