N 000 016 045 1.525e-01
N 001 076 043 4.672e-01
N 002 008 037 4.379e-01
N 003 036 028 1.879e-01
N 004 058 022 5.344e-01
N 005 011 080 5.104e-01
N 006 074 044 8.444e-01
N 007 004 000 1.760e-01
N 008 028 028 9.748e-01
N 009 098 060 5.371e-01
N 010 082 066 4.251e-01
N 011 022 063 2.058e-01
N 012 045 057 1.622e-01
N 013 038 091 9.290e-01
N 014 044 000 5.837e-01
N 015 007 092 9.745e-01
N 016 036 078 7.980e-01
N 017 052 004 1.791e-01
N 018 093 057 9.758e-01
N 019 040 036 3.327e-01
E 000 001 6.003e+01
E 000 003 2.625e+01
E 000 006 5.801e+01
E 000 013 5.099e+01
E 000 018 7.793e+01
E 000 019 2.563e+01
E 001 003 4.272e+01
E 001 005 7.479e+01
E 001 006 2.236e+00
E 001 013 6.122e+01
E 002 010 7.948e+01
E 002 019 3.202e+01
E 002 005 4.310e+01
E 002 014 5.162e+01
E 003 005 5.770e+01
E 003 006 4.123e+01
E 003 008 8.000e+00
E 003 013 6.303e+01
E 003 017 2.884e+01
E 003 019 8.944e+00
E 004 008 3.059e+01
E 004 016 6.017e+01
E 004 019 2.280e+01
E 004 006 2.720e+01
E 004 007 5.831e+01
E 005 008 5.471e+01
E 005 013 2.915e+01
E 005 016 2.508e+01
E 006 010 2.341e+01
E 006 014 5.325e+01
E 006 015 8.242e+01
E 006 016 5.099e+01
E 006 017 4.565e+01
E 006 018 2.302e+01
E 007 008 3.688e+01
E 007 009 1.115e+02
E 007 018 1.057e+02
E 007 017 4.817e+01
E 008 010 6.603e+01
E 008 011 3.551e+01
E 008 012 3.362e+01
E 008 014 3.225e+01
E 008 015 6.736e+01
E 008 016 5.064e+01
E 008 019 1.442e+01
E 009 012 5.308e+01
E 010 017 6.888e+01
E 011 016 2.052e+01
E 011 018 7.125e+01
E 011 019 3.245e+01
E 011 017 6.619e+01
E 012 018 4.800e+01
E 012 013 3.471e+01
E 012 015 5.166e+01
E 013 017 8.812e+01
E 014 019 3.622e+01
E 014 015 9.916e+01
E 015 018 9.285e+01
E 016 017 7.571e+01
E 018 019 5.701e+01
