N 000 060 007 2.785e-01
N 001 020 033 9.542e-01
N 002 066 098 6.497e-01
N 003 064 038 3.269e-01
N 004 054 093 8.627e-01
N 005 009 078 7.211e-02
N 006 025 092 2.160e-01
N 007 016 056 5.727e-01
N 008 022 092 7.852e-01
N 009 062 067 3.970e-01
N 010 038 092 8.463e-01
N 011 005 010 2.186e-01
N 012 026 055 4.525e-01
N 013 021 054 6.307e-01
N 014 019 025 6.025e-01
N 015 018 085 3.543e-01
N 016 072 003 2.523e-02
N 017 044 007 7.585e-01
N 018 069 002 9.715e-01
N 019 063 089 3.998e-01
E 000 006 9.192e+01
E 000 007 6.586e+01
E 000 009 6.003e+01
E 000 011 5.508e+01
E 000 012 5.882e+01
E 000 013 6.107e+01
E 000 016 1.265e+01
E 000 019 8.205e+01
E 001 009 5.404e+01
E 001 004 6.896e+01
E 002 008 4.441e+01
E 002 017 9.362e+01
E 002 003 6.003e+01
E 002 015 4.973e+01
E 003 007 5.126e+01
E 003 011 6.531e+01
E 003 013 4.588e+01
E 003 016 3.590e+01
E 003 017 3.689e+01
E 003 018 3.635e+01
E 004 018 9.223e+01
E 004 007 5.304e+01
E 005 009 5.413e+01
E 005 010 3.220e+01
E 005 011 6.812e+01
E 005 012 2.860e+01
E 005 017 7.916e+01
E 005 019 5.511e+01
E 006 007 3.711e+01
E 006 012 3.701e+01
E 006 013 3.821e+01
E 006 015 9.899e+00
E 006 017 8.710e+01
E 006 019 3.812e+01
E 007 008 3.650e+01
E 007 009 4.730e+01
E 007 013 5.385e+00
E 007 015 2.907e+01
E 007 016 7.710e+01
E 007 018 7.566e+01
E 008 010 1.600e+01
E 008 013 3.801e+01
E 008 016 1.021e+02
E 008 018 1.015e+02
E 008 019 4.111e+01
E 009 017 6.264e+01
E 009 019 2.202e+01
E 010 016 9.527e+01
E 010 012 3.890e+01
E 011 013 4.682e+01
E 012 016 6.943e+01
E 012 019 5.025e+01
E 013 014 2.907e+01
E 013 016 7.212e+01
E 013 019 5.467e+01
E 014 018 5.504e+01
E 014 019 7.767e+01
E 014 015 6.001e+01
E 016 018 3.162e+00
E 017 018 2.550e+01
