N 000 031 073 3.700e-01
N 001 000 084 3.203e-01
N 002 080 004 1.795e-01
N 003 097 057 8.803e-01
N 004 072 019 5.992e-01
N 005 064 055 3.203e-01
N 006 059 096 9.428e-01
N 007 030 029 5.209e-01
N 008 007 036 1.838e-01
N 009 028 034 2.039e-01
N 010 069 046 9.622e-01
N 011 036 024 1.050e-01
N 012 065 019 6.217e-01
N 013 067 044 3.284e-01
N 014 014 098 5.835e-01
N 015 027 016 2.543e-01
N 016 090 046 7.156e-01
N 017 010 058 1.913e-01
N 018 039 072 2.560e-01
N 019 094 000 5.271e-01
E 000 009 3.912e+01
E 000 011 4.925e+01
E 000 014 3.023e+01
E 000 017 2.581e+01
E 001 002 1.131e+02
E 001 005 7.026e+01
E 001 006 6.021e+01
E 001 010 7.877e+01
E 001 011 6.997e+01
E 001 016 9.769e+01
E 002 010 4.342e+01
E 002 003 5.566e+01
E 002 004 1.700e+01
E 002 009 6.003e+01
E 003 006 5.445e+01
E 003 007 7.262e+01
E 003 008 9.242e+01
E 003 011 6.935e+01
E 003 017 8.701e+01
E 003 019 5.708e+01
E 004 005 3.688e+01
E 004 006 7.809e+01
E 004 007 4.317e+01
E 004 008 6.719e+01
E 004 017 7.325e+01
E 004 018 6.243e+01
E 005 008 6.008e+01
E 005 012 3.601e+01
E 005 014 6.595e+01
E 005 015 5.376e+01
E 005 018 3.023e+01
E 006 016 5.883e+01
E 006 010 5.099e+01
E 007 009 5.385e+00
E 007 011 7.810e+00
E 007 013 3.992e+01
E 007 014 7.083e+01
E 007 017 3.523e+01
E 008 010 6.280e+01
E 008 011 3.138e+01
E 008 012 6.044e+01
E 008 015 2.828e+01
E 009 010 4.272e+01
E 009 011 1.281e+01
E 009 012 3.992e+01
E 009 014 6.551e+01
E 009 018 3.956e+01
E 010 013 2.828e+00
E 010 018 3.970e+01
E 011 016 5.831e+01
E 012 013 2.508e+01
E 012 014 9.403e+01
E 012 015 3.812e+01
E 012 016 3.680e+01
E 013 018 3.960e+01
E 015 017 4.531e+01
E 015 018 5.727e+01
E 016 017 8.089e+01
E 016 018 5.725e+01
E 016 019 4.617e+01
