N 000 041 031 4.205e-02
N 001 021 076 7.066e-01
N 002 067 007 4.063e-01
N 003 003 021 7.387e-01
N 004 048 013 2.323e-01
N 005 044 048 4.625e-02
N 006 061 089 7.428e-01
N 007 009 092 1.726e-01
N 008 035 089 1.905e-02
N 009 094 015 1.738e-01
N 010 056 084 6.180e-01
N 011 001 020 3.469e-01
N 012 048 023 7.347e-01
N 013 023 098 4.591e-01
N 014 039 012 9.151e-01
N 015 074 056 2.674e-02
N 016 058 057 1.196e-01
N 017 021 063 5.788e-01
N 018 053 066 7.903e-01
N 019 025 089 9.865e-01
E 000 019 6.017e+01
E 000 010 5.508e+01
E 000 011 4.148e+01
E 000 012 1.063e+01
E 000 007 6.888e+01
E 001 003 5.787e+01
E 001 010 3.590e+01
E 001 012 5.948e+01
E 001 013 2.209e+01
E 001 017 1.300e+01
E 001 018 3.353e+01
E 002 004 1.992e+01
E 002 005 4.701e+01
E 002 009 2.816e+01
E 002 012 2.484e+01
E 002 015 4.950e+01
E 002 018 6.064e+01
E 003 007 7.125e+01
E 003 014 3.711e+01
E 003 015 7.916e+01
E 003 017 4.569e+01
E 003 018 6.727e+01
E 004 006 7.710e+01
E 004 008 7.710e+01
E 004 010 7.145e+01
E 004 014 9.055e+00
E 004 016 4.512e+01
E 005 016 1.664e+01
E 005 017 2.746e+01
E 005 011 5.131e+01
E 005 012 2.532e+01
E 006 008 2.600e+01
E 006 010 7.071e+00
E 006 013 3.905e+01
E 006 017 4.771e+01
E 006 018 2.435e+01
E 007 010 4.768e+01
E 007 013 1.523e+01
E 007 015 7.430e+01
E 007 017 3.138e+01
E 007 018 5.111e+01
E 008 009 9.464e+01
E 008 010 2.159e+01
E 008 013 1.500e+01
E 008 018 2.921e+01
E 010 011 8.439e+01
E 010 012 6.152e+01
E 010 013 3.585e+01
E 011 012 4.710e+01
E 011 013 8.104e+01
E 011 014 3.883e+01
E 012 019 6.989e+01
E 013 014 8.748e+01
E 013 019 9.220e+00
E 014 015 5.622e+01
E 014 016 4.885e+01
E 014 017 5.408e+01
E 015 018 2.326e+01
E 017 018 3.214e+01
E 017 019 2.631e+01
