N 000 034 080 7.072e-01
N 001 054 010 8.525e-01
N 002 091 069 5.398e-01
N 003 015 034 3.955e-01
N 004 038 006 6.404e-01
N 005 059 035 2.557e-01
N 006 001 031 5.769e-02
N 007 041 071 7.472e-01
N 008 079 090 1.902e-01
N 009 083 001 8.318e-01
N 010 032 085 6.384e-02
N 011 030 017 1.900e-01
N 012 002 066 9.969e-01
N 013 026 037 4.911e-01
N 014 058 024 6.704e-01
N 015 082 024 7.879e-01
N 016 007 089 3.690e-01
N 017 014 029 8.237e-01
N 018 082 098 6.136e-01
N 019 059 041 9.952e-01
E 000 003 4.977e+01
E 000 004 7.411e+01
E 000 009 9.296e+01
E 000 010 5.385e+00
E 000 013 4.374e+01
E 000 017 5.478e+01
E 001 002 6.964e+01
E 001 005 2.550e+01
E 001 011 2.500e+01
E 001 014 1.456e+01
E 001 015 3.130e+01
E 001 016 9.192e+01
E 001 017 4.428e+01
E 003 018 9.266e+01
E 003 012 3.454e+01
E 003 013 1.140e+01
E 004 006 4.465e+01
E 004 009 4.528e+01
E 004 010 7.923e+01
E 004 015 4.754e+01
E 004 018 1.020e+02
E 005 007 4.025e+01
E 005 010 5.682e+01
E 005 014 1.105e+01
E 005 017 4.540e+01
E 005 018 6.707e+01
E 005 019 6.000e+00
E 006 007 5.657e+01
E 006 008 9.780e+01
E 006 013 2.571e+01
E 006 014 5.743e+01
E 006 015 8.130e+01
E 006 018 1.051e+02
E 007 010 1.664e+01
E 007 011 5.511e+01
E 007 012 3.932e+01
E 007 013 3.716e+01
E 008 014 6.926e+01
E 008 010 4.727e+01
E 008 011 8.792e+01
E 008 013 7.495e+01
E 009 012 1.039e+02
E 009 019 4.665e+01
E 009 017 7.446e+01
E 010 014 6.631e+01
E 010 017 5.882e+01
E 011 017 2.000e+01
E 011 013 2.040e+01
E 012 016 2.354e+01
E 012 017 3.890e+01
E 012 018 8.616e+01
E 013 017 1.442e+01
E 013 018 8.281e+01
E 013 019 3.324e+01
E 014 016 8.262e+01
E 014 017 4.428e+01
E 015 017 6.818e+01
E 016 017 6.041e+01
E 017 019 4.657e+01
E 018 019 6.147e+01
