N 000 029 040 1.179e-01
N 001 075 099 5.650e-01
N 002 045 038 3.131e-01
N 003 060 040 6.752e-01
N 004 083 021 5.753e-01
N 005 013 056 1.918e-01
N 006 088 037 5.556e-01
N 007 039 036 2.826e-02
N 008 078 090 6.709e-01
N 009 077 059 7.197e-01
N 010 029 022 7.245e-01
N 011 090 016 1.779e-01
N 012 092 004 5.889e-01
N 013 018 043 2.505e-01
N 014 085 031 1.642e-01
N 015 013 080 2.632e-01
N 016 072 033 4.166e-01
N 017 004 000 4.990e-01
N 018 062 042 6.720e-01
N 019 097 073 4.434e-01
E 000 003 3.100e+01
E 000 009 5.162e+01
E 000 011 6.555e+01
E 000 014 5.672e+01
E 000 015 4.308e+01
E 000 019 7.558e+01
E 001 003 6.088e+01
E 001 004 7.841e+01
E 001 007 7.256e+01
E 001 009 4.005e+01
E 001 010 8.969e+01
E 001 011 8.434e+01
E 001 013 7.991e+01
E 001 016 6.607e+01
E 001 019 3.406e+01
E 002 010 2.263e+01
E 002 018 1.746e+01
E 002 007 6.325e+00
E 003 006 2.816e+01
E 003 009 2.550e+01
E 003 014 2.657e+01
E 003 016 1.389e+01
E 003 018 2.828e+00
E 003 019 4.958e+01
E 004 010 5.401e+01
E 004 011 8.602e+00
E 004 005 7.826e+01
E 004 009 3.847e+01
E 005 006 7.737e+01
E 005 008 7.336e+01
E 005 013 1.393e+01
E 005 014 7.622e+01
E 005 016 6.332e+01
E 006 009 2.460e+01
E 006 012 3.324e+01
E 006 017 9.179e+01
E 006 019 3.711e+01
E 007 008 6.661e+01
E 007 011 5.478e+01
E 007 013 2.214e+01
E 007 014 4.627e+01
E 007 017 5.021e+01
E 007 018 2.377e+01
E 008 009 3.102e+01
E 008 012 8.713e+01
E 009 017 9.386e+01
E 011 013 7.690e+01
E 011 015 1.001e+02
E 011 017 8.748e+01
E 012 017 8.809e+01
E 012 014 2.789e+01
E 012 015 1.096e+02
E 013 014 6.807e+01
E 013 017 4.522e+01
E 014 018 2.550e+01
E 015 017 8.050e+01
E 016 019 4.717e+01
E 017 018 7.161e+01
E 017 019 1.182e+02
E 018 019 4.675e+01
