N 000 087 084 8.719e-01
N 001 005 073 4.124e-01
N 002 076 062 5.786e-01
N 003 003 081 6.249e-01
N 004 040 032 7.335e-01
N 005 066 056 9.133e-01
N 006 010 072 8.886e-01
N 007 014 035 9.376e-01
N 008 063 074 4.016e-01
N 009 059 047 7.151e-01
N 010 021 021 1.278e-01
N 011 049 012 8.168e-01
N 012 088 060 3.781e-01
N 013 028 083 1.885e-01
N 014 056 037 9.556e-01
N 015 055 063 3.889e-01
N 016 003 008 2.947e-01
N 017 017 002 7.869e-01
N 018 078 069 6.999e-01
N 019 001 058 7.265e-01
E 000 016 1.133e+02
E 000 002 2.460e+01
E 000 018 1.749e+01
E 000 015 3.828e+01
E 001 017 7.201e+01
E 001 018 7.311e+01
E 001 012 8.401e+01
E 001 015 5.099e+01
E 002 005 1.166e+01
E 002 007 6.762e+01
E 002 010 6.860e+01
E 002 012 1.217e+01
E 002 013 5.239e+01
E 002 015 2.102e+01
E 002 017 8.415e+01
E 003 004 6.140e+01
E 003 005 6.778e+01
E 003 008 6.041e+01
E 003 010 6.264e+01
E 003 012 8.756e+01
E 003 013 2.508e+01
E 003 014 6.888e+01
E 004 011 2.193e+01
E 004 009 2.421e+01
E 004 018 5.304e+01
E 004 014 1.676e+01
E 005 006 5.824e+01
E 005 011 4.717e+01
E 005 012 2.236e+01
E 005 013 4.662e+01
E 005 015 1.304e+01
E 005 019 6.503e+01
E 006 007 3.722e+01
E 006 008 5.304e+01
E 006 011 7.156e+01
E 006 012 7.892e+01
E 006 013 2.110e+01
E 006 019 1.664e+01
E 007 009 4.657e+01
E 007 011 4.188e+01
E 007 014 4.205e+01
E 008 013 3.614e+01
E 009 016 6.824e+01
E 009 019 5.903e+01
E 009 014 1.044e+01
E 010 016 2.220e+01
E 010 017 1.942e+01
E 010 013 6.239e+01
E 011 014 2.596e+01
E 011 016 4.617e+01
E 012 016 9.964e+01
E 012 017 9.168e+01
E 013 015 3.360e+01
E 013 016 7.906e+01
E 014 017 5.240e+01
E 014 018 3.883e+01
E 015 016 7.569e+01
E 016 018 9.667e+01
E 016 019 5.004e+01
E 017 019 5.824e+01
