N 000 057 077 9.123e-01
N 001 088 077 4.590e-01
N 002 037 021 8.910e-01
N 003 029 049 4.229e-01
N 004 071 072 8.611e-01
N 005 093 090 1.706e-01
N 006 057 009 9.384e-01
N 007 055 073 8.300e-01
N 008 047 033 2.967e-01
N 009 006 057 4.283e-01
N 010 062 060 9.712e-01
N 011 028 002 4.269e-01
N 012 022 005 2.281e-01
N 013 027 030 6.635e-01
N 014 025 075 9.154e-01
N 015 046 014 1.461e-02
N 016 069 013 3.437e-01
N 017 048 012 5.208e-01
N 018 098 008 8.689e-01
N 019 093 018 8.039e-01
E 000 002 5.946e+01
E 000 003 3.960e+01
E 000 005 3.828e+01
E 000 014 3.206e+01
E 001 004 1.772e+01
E 001 006 7.473e+01
E 001 007 3.324e+01
E 001 008 6.014e+01
E 001 013 7.701e+01
E 001 015 7.572e+01
E 001 018 6.972e+01
E 001 019 5.921e+01
E 002 003 2.912e+01
E 002 004 6.129e+01
E 002 009 4.751e+01
E 002 010 4.632e+01
E 002 011 2.102e+01
E 002 014 5.532e+01
E 002 015 1.140e+01
E 002 017 1.421e+01
E 003 006 4.883e+01
E 003 008 2.408e+01
E 003 014 2.631e+01
E 003 015 3.891e+01
E 004 011 8.215e+01
E 004 014 4.610e+01
E 004 018 6.946e+01
E 004 019 5.831e+01
E 005 018 8.215e+01
E 005 013 8.920e+01
E 005 014 6.963e+01
E 006 007 6.403e+01
E 006 011 2.983e+01
E 006 014 7.335e+01
E 006 015 1.208e+01
E 006 016 1.265e+01
E 007 009 5.155e+01
E 007 011 7.596e+01
E 007 013 5.131e+01
E 007 017 6.140e+01
E 007 018 7.794e+01
E 008 010 3.089e+01
E 008 012 3.754e+01
E 008 013 2.022e+01
E 008 015 1.903e+01
E 008 017 2.102e+01
E 008 019 4.838e+01
E 009 018 1.042e+02
E 009 011 5.924e+01
E 009 010 5.608e+01
E 010 017 5.000e+01
E 011 014 7.306e+01
E 011 015 2.163e+01
E 011 018 7.026e+01
E 012 016 4.768e+01
E 012 019 7.218e+01
E 012 013 2.550e+01
E 013 017 2.766e+01
E 016 018 2.943e+01
E 016 019 2.452e+01
