N 000 035 001 5.987e-01
N 001 033 049 5.635e-01
N 002 024 002 6.180e-01
N 003 027 009 7.701e-01
N 004 024 062 7.524e-01
N 005 063 061 9.657e-01
N 006 010 026 7.854e-01
N 007 016 087 5.755e-01
N 008 018 052 9.480e-01
N 009 018 019 7.839e-01
N 010 035 002 8.041e-01
N 011 064 082 8.290e-01
N 012 044 014 1.623e-01
N 013 059 064 1.837e-01
N 014 066 085 9.237e-01
N 015 058 045 3.722e-01
N 016 075 076 7.224e-01
N 017 093 044 8.377e-02
N 018 039 036 1.700e-01
N 019 087 075 2.627e-01
E 000 010 1.000e+00
E 000 011 8.603e+01
E 000 012 1.581e+01
E 000 013 6.742e+01
E 000 015 4.965e+01
E 000 019 9.044e+01
E 001 012 3.669e+01
E 001 010 4.704e+01
E 001 003 4.045e+01
E 001 004 1.581e+01
E 001 007 4.163e+01
E 002 016 8.987e+01
E 002 003 7.616e+00
E 002 012 2.332e+01
E 002 013 7.120e+01
E 002 007 8.538e+01
E 003 016 8.242e+01
E 003 013 6.363e+01
E 003 015 4.751e+01
E 004 005 3.901e+01
E 004 010 6.100e+01
E 004 012 5.200e+01
E 004 014 4.789e+01
E 004 018 3.002e+01
E 005 016 1.921e+01
E 005 009 6.155e+01
E 005 006 6.351e+01
E 006 017 8.493e+01
E 006 019 9.127e+01
E 006 012 3.606e+01
E 006 014 8.134e+01
E 007 008 3.506e+01
E 007 010 8.710e+01
E 007 011 4.826e+01
E 007 013 4.876e+01
E 007 015 5.940e+01
E 008 010 5.281e+01
E 008 011 5.492e+01
E 008 012 4.604e+01
E 008 013 4.272e+01
E 008 019 7.273e+01
E 009 019 8.887e+01
E 009 014 8.161e+01
E 010 014 8.860e+01
E 010 015 4.876e+01
E 010 019 8.963e+01
E 011 012 7.088e+01
E 011 016 1.253e+01
E 011 018 5.235e+01
E 012 016 6.932e+01
E 013 015 1.903e+01
E 014 016 1.273e+01
E 014 018 5.595e+01
E 014 019 2.326e+01
E 015 016 3.536e+01
E 015 017 3.501e+01
E 015 018 2.102e+01
E 016 018 5.381e+01
E 017 018 5.459e+01
E 018 019 6.185e+01
