N 000 069 058 1.626e-01
N 001 044 026 8.281e-01
N 002 095 001 7.351e-01
N 003 096 079 8.976e-01
N 004 084 051 5.343e-01
N 005 045 099 1.193e-01
N 006 078 086 9.914e-01
N 007 025 070 3.285e-01
N 008 048 055 6.226e-01
N 009 019 092 7.490e-01
N 010 024 021 3.025e-01
N 011 037 063 7.682e-01
N 012 074 056 4.943e-01
N 013 043 060 8.916e-01
N 014 003 050 6.623e-01
N 015 033 075 3.080e-02
N 016 071 021 1.668e-01
N 017 093 010 1.166e-01
N 018 053 069 4.890e-01
N 019 021 048 9.297e-01
E 000 001 4.061e+01
E 000 003 3.421e+01
E 000 008 2.121e+01
E 000 014 6.648e+01
E 000 017 5.367e+01
E 000 019 4.903e+01
E 001 002 5.680e+01
E 001 003 7.425e+01
E 001 005 7.301e+01
E 001 006 6.896e+01
E 001 007 4.793e+01
E 001 016 2.746e+01
E 001 017 5.155e+01
E 002 003 7.801e+01
E 002 005 1.100e+02
E 002 006 8.668e+01
E 003 005 5.478e+01
E 003 006 1.931e+01
E 003 007 7.157e+01
E 003 010 9.246e+01
E 003 015 6.313e+01
E 003 016 6.316e+01
E 003 017 6.907e+01
E 004 016 3.270e+01
E 004 018 3.585e+01
E 004 011 4.851e+01
E 004 005 6.185e+01
E 004 014 8.101e+01
E 005 007 3.523e+01
E 005 008 4.410e+01
E 005 010 8.078e+01
E 005 014 6.454e+01
E 005 017 1.011e+02
E 006 013 4.360e+01
E 006 014 8.319e+01
E 006 017 7.747e+01
E 007 012 5.096e+01
E 007 014 2.973e+01
E 007 015 9.434e+00
E 008 009 4.701e+01
E 008 011 1.360e+01
E 008 016 4.105e+01
E 009 016 8.801e+01
E 009 011 3.413e+01
E 009 013 4.000e+01
E 009 017 1.105e+02
E 010 011 4.397e+01
E 010 012 6.103e+01
E 010 014 3.581e+01
E 010 016 4.700e+01
E 010 018 5.608e+01
E 011 013 6.708e+00
E 011 015 1.265e+01
E 012 015 4.519e+01
E 013 019 2.506e+01
E 013 015 1.803e+01
E 014 015 3.905e+01
E 014 016 7.393e+01
E 014 018 5.349e+01
E 018 019 3.828e+01
