N 000 084 007 9.858e-01
N 001 004 050 1.497e-01
N 002 099 025 3.322e-01
N 003 056 036 4.492e-01
N 004 049 093 7.353e-01
N 005 008 087 1.849e-01
N 006 006 082 5.780e-01
N 007 019 033 2.823e-01
N 008 056 086 6.155e-01
N 009 035 031 5.906e-01
N 010 058 064 8.363e-02
N 011 014 089 3.033e-02
N 012 085 051 7.270e-01
N 013 094 023 4.196e-01
N 014 037 099 7.662e-01
N 015 066 010 1.283e-01
N 016 046 088 3.697e-02
N 017 053 009 9.243e-01
N 018 052 004 9.374e-01
N 019 075 067 3.004e-01
E 000 016 8.947e+01
E 000 002 2.343e+01
E 000 011 1.078e+02
E 000 012 4.401e+01
E 000 013 1.887e+01
E 001 002 9.823e+01
E 001 019 7.301e+01
E 001 013 9.396e+01
E 001 015 7.378e+01
E 002 008 7.463e+01
E 002 009 6.428e+01
E 002 012 2.953e+01
E 002 013 5.385e+00
E 002 016 8.233e+01
E 002 017 4.870e+01
E 002 018 5.148e+01
E 003 006 6.794e+01
E 003 007 3.712e+01
E 003 008 5.000e+01
E 003 009 2.159e+01
E 003 011 6.762e+01
E 003 014 6.580e+01
E 003 016 5.295e+01
E 004 009 6.356e+01
E 004 010 3.036e+01
E 004 018 8.905e+01
E 004 012 5.532e+01
E 004 013 8.322e+01
E 005 009 6.217e+01
E 005 012 8.500e+01
E 005 006 5.385e+00
E 006 016 4.045e+01
E 006 009 5.867e+01
E 006 007 5.070e+01
E 007 008 6.464e+01
E 007 012 6.841e+01
E 007 013 7.566e+01
E 007 018 4.393e+01
E 008 012 4.545e+01
E 008 018 8.210e+01
E 008 019 2.687e+01
E 009 011 6.168e+01
E 009 015 3.744e+01
E 009 016 5.805e+01
E 009 019 5.381e+01
E 010 017 5.523e+01
E 010 011 5.061e+01
E 010 015 5.459e+01
E 011 018 9.311e+01
E 012 013 2.941e+01
E 012 014 6.788e+01
E 012 015 4.519e+01
E 012 017 5.280e+01
E 013 014 9.500e+01
E 013 017 4.332e+01
E 013 018 4.610e+01
E 014 016 1.421e+01
E 014 018 9.618e+01
E 017 018 5.099e+00
E 018 019 6.707e+01
