N 000 046 025 4.013e-01
N 001 049 080 5.613e-02
N 002 079 053 9.212e-02
N 003 020 080 5.693e-01
N 004 050 023 9.732e-01
N 005 057 089 4.532e-01
N 006 076 035 7.702e-01
N 007 048 070 3.152e-01
N 008 005 062 1.205e-01
N 009 073 033 5.569e-01
N 010 001 053 3.054e-01
N 011 005 042 6.934e-01
N 012 063 043 6.563e-01
N 013 081 069 8.103e-01
N 014 004 018 2.221e-01
N 015 076 099 8.305e-01
N 016 060 051 9.035e-01
N 017 039 076 8.340e-02
N 018 027 039 3.721e-01
N 019 058 030 6.986e-01
E 000 011 4.438e+01
E 000 019 1.300e+01
E 000 010 5.300e+01
E 000 003 6.084e+01
E 000 013 5.622e+01
E 001 003 2.900e+01
E 001 004 5.701e+01
E 001 006 5.248e+01
E 001 013 3.384e+01
E 001 015 3.302e+01
E 001 017 1.077e+01
E 002 016 1.910e+01
E 002 010 7.800e+01
E 002 011 7.481e+01
E 002 004 4.173e+01
E 002 007 3.536e+01
E 003 004 6.441e+01
E 003 009 7.084e+01
E 003 012 5.673e+01
E 003 017 1.942e+01
E 003 018 4.159e+01
E 004 008 5.955e+01
E 004 014 4.627e+01
E 004 016 2.973e+01
E 004 018 2.802e+01
E 005 006 5.725e+01
E 005 009 5.824e+01
E 005 011 7.009e+01
E 005 013 3.124e+01
E 005 015 2.147e+01
E 005 019 5.901e+01
E 006 007 4.482e+01
E 006 013 3.437e+01
E 006 014 7.398e+01
E 006 017 5.523e+01
E 007 008 4.374e+01
E 007 013 3.302e+01
E 007 014 6.812e+01
E 007 016 2.247e+01
E 008 018 3.183e+01
E 008 019 6.191e+01
E 008 013 7.632e+01
E 009 011 6.859e+01
E 009 017 5.482e+01
E 009 010 7.473e+01
E 010 013 8.158e+01
E 010 014 3.513e+01
E 010 017 4.442e+01
E 010 018 2.953e+01
E 010 019 6.147e+01
E 011 012 5.801e+01
E 011 013 8.065e+01
E 011 018 2.220e+01
E 012 018 3.622e+01
E 012 014 6.408e+01
E 012 015 5.749e+01
E 013 015 3.041e+01
E 014 015 1.084e+02
E 014 017 6.774e+01
E 016 018 3.511e+01
