N 000 041 012 1.864e-01
N 001 071 072 8.788e-01
N 002 015 008 9.972e-01
N 003 015 008 8.308e-01
N 004 027 010 9.389e-01
N 005 013 049 3.259e-01
N 006 095 029 3.898e-01
N 007 038 032 1.469e-02
N 008 073 042 1.210e-01
N 009 035 020 4.314e-01
N 010 032 075 1.175e-01
N 011 092 020 4.609e-01
N 012 043 070 9.329e-02
N 013 023 015 1.472e-01
N 014 043 077 2.047e-01
N 015 007 033 4.058e-01
N 016 091 054 6.854e-01
N 017 003 024 3.426e-02
N 018 027 064 2.959e-01
N 019 010 043 1.122e-01
E 000 001 6.708e+01
E 000 008 4.386e+01
E 000 009 1.000e+01
E 000 012 5.803e+01
E 000 014 6.503e+01
E 000 016 6.530e+01
E 000 019 4.384e+01
E 001 002 8.504e+01
E 001 004 7.603e+01
E 001 005 6.239e+01
E 001 007 5.186e+01
E 001 012 2.807e+01
E 001 013 7.452e+01
E 001 016 2.691e+01
E 001 017 8.323e+01
E 001 019 6.754e+01
E 002 010 6.912e+01
E 002 012 6.803e+01
E 002 013 1.063e+01
E 002 006 8.271e+01
E 003 010 6.912e+01
E 003 012 6.803e+01
E 003 005 4.105e+01
E 003 013 1.063e+01
E 004 009 1.281e+01
E 004 011 6.576e+01
E 004 013 6.403e+00
E 004 016 7.767e+01
E 004 017 2.778e+01
E 005 008 6.041e+01
E 005 010 3.220e+01
E 005 013 3.544e+01
E 005 014 4.104e+01
E 005 015 1.709e+01
E 005 017 2.693e+01
E 005 019 6.708e+00
E 006 008 2.555e+01
E 006 010 7.801e+01
E 006 014 7.077e+01
E 006 015 8.809e+01
E 007 016 5.738e+01
E 007 015 3.102e+01
E 007 019 3.008e+01
E 007 009 1.237e+01
E 008 018 5.099e+01
E 008 011 2.907e+01
E 009 011 5.700e+01
E 009 013 1.300e+01
E 009 014 5.756e+01
E 010 013 6.067e+01
E 010 018 1.208e+01
E 011 019 8.516e+01
E 012 013 5.852e+01
E 012 016 5.060e+01
E 013 014 6.515e+01
E 013 015 2.408e+01
E 013 018 4.916e+01
E 014 016 5.323e+01
E 014 018 2.062e+01
E 018 019 2.702e+01
