N 000 079 055 2.780e-01
N 001 068 085 5.555e-01
N 002 075 043 6.118e-01
N 003 082 082 9.738e-01
N 004 096 062 8.401e-01
N 005 018 008 9.475e-01
N 006 062 050 7.148e-01
N 007 076 011 3.262e-01
N 008 078 039 1.115e-01
N 009 057 015 5.961e-01
N 010 009 015 5.125e-01
N 011 038 041 6.515e-01
N 012 080 078 4.543e-01
N 013 043 078 6.477e-01
N 014 018 068 2.314e-02
N 015 076 047 9.225e-01
N 016 064 073 9.009e-02
N 017 068 014 7.214e-01
N 018 059 004 5.898e-01
N 019 012 046 2.083e-01
E 000 001 3.195e+01
E 000 004 1.838e+01
E 000 007 4.410e+01
E 000 012 2.302e+01
E 000 013 4.272e+01
E 000 015 8.544e+00
E 001 004 3.624e+01
E 001 006 3.551e+01
E 002 008 5.000e+00
E 002 009 3.329e+01
E 002 010 7.169e+01
E 002 019 6.307e+01
E 002 014 6.224e+01
E 003 008 4.319e+01
E 003 018 8.132e+01
E 003 019 7.871e+01
E 003 013 3.920e+01
E 004 015 2.500e+01
E 004 017 5.557e+01
E 004 018 6.880e+01
E 004 019 8.551e+01
E 005 016 7.963e+01
E 005 017 5.036e+01
E 005 018 4.119e+01
E 005 011 3.859e+01
E 005 006 6.083e+01
E 006 007 4.144e+01
E 006 009 3.536e+01
E 006 010 6.351e+01
E 006 017 3.650e+01
E 007 008 2.807e+01
E 007 009 1.942e+01
E 007 010 6.712e+01
E 007 012 6.712e+01
E 007 013 7.469e+01
E 007 015 3.600e+01
E 007 018 1.838e+01
E 007 019 7.295e+01
E 008 018 3.982e+01
E 009 012 6.707e+01
E 009 013 6.454e+01
E 009 014 6.580e+01
E 009 015 3.722e+01
E 009 016 5.842e+01
E 010 011 3.895e+01
E 010 015 7.425e+01
E 010 016 7.993e+01
E 011 015 3.847e+01
E 011 016 4.123e+01
E 011 018 4.254e+01
E 011 019 2.648e+01
E 012 018 7.692e+01
E 012 019 7.515e+01
E 014 016 4.627e+01
E 014 019 2.280e+01
E 014 017 7.359e+01
E 015 017 3.396e+01
E 016 019 5.859e+01
E 017 018 1.345e+01
E 018 019 6.303e+01
