N 000 061 014 7.439e-01
N 001 071 065 4.621e-01
N 002 003 002 3.756e-01
N 003 066 077 1.036e-01
N 004 061 047 5.772e-01
N 005 037 074 4.311e-01
N 006 082 087 5.565e-01
N 007 026 063 7.070e-01
N 008 083 087 7.756e-01
N 009 040 063 5.023e-01
N 010 073 007 6.384e-01
N 011 074 016 8.135e-02
N 012 092 097 6.093e-02
N 013 093 054 2.773e-01
N 014 043 086 2.770e-02
N 015 055 018 6.741e-01
N 016 051 071 8.321e-01
N 017 050 025 5.546e-01
N 018 042 072 4.089e-01
N 019 055 004 3.965e-01
E 000 002 5.923e+01
E 000 003 6.320e+01
E 000 005 6.462e+01
E 000 007 6.022e+01
E 000 011 1.315e+01
E 000 014 7.422e+01
E 000 015 7.211e+00
E 000 016 5.787e+01
E 001 017 4.518e+01
E 001 015 4.965e+01
E 001 012 3.828e+01
E 001 007 4.504e+01
E 002 016 8.405e+01
E 002 003 9.795e+01
E 002 019 5.204e+01
E 002 007 6.519e+01
E 003 008 1.972e+01
E 003 011 6.152e+01
E 003 013 3.547e+01
E 003 019 7.382e+01
E 004 009 2.640e+01
E 004 018 3.140e+01
E 004 012 5.883e+01
E 005 017 5.070e+01
E 005 010 7.606e+01
E 005 019 7.228e+01
E 005 007 1.556e+01
E 006 007 6.093e+01
E 006 009 4.837e+01
E 006 012 1.414e+01
E 006 013 3.479e+01
E 006 014 3.901e+01
E 006 015 7.409e+01
E 006 017 6.977e+01
E 007 013 6.760e+01
E 007 016 2.625e+01
E 007 017 4.494e+01
E 007 018 1.836e+01
E 007 019 6.574e+01
E 008 016 3.578e+01
E 008 012 1.345e+01
E 008 013 3.448e+01
E 010 016 6.768e+01
E 010 019 1.825e+01
E 010 011 9.055e+00
E 011 015 1.910e+01
E 011 016 5.962e+01
E 011 017 2.563e+01
E 012 013 4.301e+01
E 012 014 5.022e+01
E 012 016 4.855e+01
E 012 017 8.335e+01
E 012 019 1.001e+02
E 013 017 5.187e+01
E 013 019 6.280e+01
E 014 015 6.905e+01
E 015 018 5.554e+01
E 016 017 4.601e+01
E 016 019 6.712e+01
E 017 019 2.159e+01
