N 000 059 062 7.626e-01
N 001 025 092 9.154e-01
N 002 022 075 7.670e-01
N 003 094 029 4.634e-01
N 004 056 051 3.453e-01
N 005 045 059 5.227e-01
N 006 070 010 2.766e-01
N 007 081 029 3.810e-01
N 008 002 093 4.409e-01
N 009 075 042 8.827e-01
N 010 062 085 3.285e-01
N 011 093 020 3.793e-01
N 012 001 048 5.279e-01
N 013 044 086 9.774e-01
N 014 081 043 3.613e-01
N 015 036 084 1.521e-01
N 016 090 070 9.358e-01
N 017 019 026 4.920e-01
N 018 052 060 2.134e-02
N 019 046 018 6.724e-01
E 000 019 4.588e+01
E 000 003 4.810e+01
E 000 012 5.967e+01
E 000 015 3.183e+01
E 001 003 9.343e+01
E 001 004 5.140e+01
E 001 007 8.429e+01
E 001 010 3.766e+01
E 001 014 7.441e+01
E 001 015 1.360e+01
E 001 018 4.187e+01
E 002 012 3.421e+01
E 002 018 3.354e+01
E 002 003 8.544e+01
E 002 004 4.162e+01
E 003 005 5.745e+01
E 003 008 1.121e+02
E 003 013 7.582e+01
E 003 014 1.910e+01
E 003 015 7.993e+01
E 004 007 3.330e+01
E 004 012 5.508e+01
E 004 014 2.625e+01
E 004 015 3.859e+01
E 004 019 3.448e+01
E 005 009 3.448e+01
E 005 014 3.940e+01
E 005 007 4.686e+01
E 006 008 1.073e+02
E 006 010 7.543e+01
E 006 014 3.479e+01
E 007 010 5.914e+01
E 007 015 7.106e+01
E 007 019 3.669e+01
E 008 010 6.053e+01
E 008 011 1.167e+02
E 008 014 9.349e+01
E 008 017 6.912e+01
E 009 016 3.176e+01
E 010 012 7.134e+01
E 010 013 1.803e+01
E 010 014 4.610e+01
E 010 015 2.602e+01
E 010 016 3.176e+01
E 011 012 9.617e+01
E 011 013 8.220e+01
E 011 015 8.570e+01
E 012 014 8.016e+01
E 012 016 9.168e+01
E 012 018 5.239e+01
E 013 014 5.673e+01
E 013 015 8.246e+00
E 013 016 4.870e+01
E 013 018 2.720e+01
E 014 017 6.429e+01
E 014 019 4.301e+01
E 015 016 5.579e+01
E 015 018 2.884e+01
E 016 017 8.353e+01
E 016 019 6.812e+01
