N 000 015 096 8.360e-01
N 001 055 082 6.143e-01
N 002 009 000 4.105e-02
N 003 041 083 9.537e-01
N 004 079 063 5.932e-01
N 005 032 009 4.346e-02
N 006 029 003 3.783e-01
N 007 043 081 8.641e-01
N 008 083 052 9.573e-01
N 009 012 011 7.504e-01
N 010 018 055 5.042e-01
N 011 094 084 2.292e-01
N 012 025 073 5.351e-01
N 013 080 012 3.424e-02
N 014 027 037 2.039e-01
N 015 048 026 4.098e-01
N 016 021 004 5.933e-01
N 017 013 029 3.006e-01
N 018 091 008 8.771e-01
N 019 087 075 6.110e-01
E 000 004 7.201e+01
E 000 009 8.505e+01
E 000 010 4.111e+01
E 000 013 1.062e+02
E 000 018 1.163e+02
E 000 019 7.500e+01
E 001 008 4.104e+01
E 001 014 5.300e+01
E 002 003 8.896e+01
E 002 006 2.022e+01
E 002 010 5.573e+01
E 002 011 1.195e+02
E 002 013 7.201e+01
E 002 016 1.265e+01
E 002 017 2.927e+01
E 002 018 8.239e+01
E 003 006 8.089e+01
E 003 008 5.220e+01
E 003 009 7.762e+01
E 003 011 5.301e+01
E 003 013 8.101e+01
E 003 018 9.014e+01
E 004 005 7.159e+01
E 004 007 4.025e+01
E 004 009 8.481e+01
E 004 013 5.101e+01
E 004 016 8.273e+01
E 004 017 7.424e+01
E 005 017 2.759e+01
E 005 015 2.335e+01
E 006 008 7.292e+01
E 006 015 2.983e+01
E 007 009 7.656e+01
E 007 013 7.829e+01
E 008 010 6.507e+01
E 008 014 5.797e+01
E 008 015 4.360e+01
E 008 018 4.472e+01
E 008 019 2.335e+01
E 009 011 1.098e+02
E 009 012 6.335e+01
E 009 015 3.900e+01
E 009 017 1.803e+01
E 010 011 8.134e+01
E 010 016 5.109e+01
E 010 017 2.648e+01
E 010 018 8.682e+01
E 010 019 7.184e+01
E 011 015 7.403e+01
E 011 019 1.140e+01
E 012 013 8.213e+01
E 013 014 5.860e+01
E 013 017 6.912e+01
E 014 015 2.371e+01
E 014 017 1.612e+01
E 014 019 7.102e+01
E 016 018 7.011e+01
E 017 018 8.078e+01
E 017 019 8.713e+01
E 018 019 6.712e+01
