N 000 009 060 1.227e-02
N 001 063 085 6.522e-02
N 002 050 009 5.984e-01
N 003 093 015 7.570e-01
N 004 087 077 5.026e-01
N 005 069 077 7.871e-01
N 006 062 086 6.811e-01
N 007 073 059 4.528e-01
N 008 062 042 5.628e-01
N 009 016 083 1.304e-01
N 010 023 071 5.078e-01
N 011 053 051 4.580e-01
N 012 067 094 8.995e-02
N 013 079 094 1.063e-01
N 014 030 071 8.839e-01
N 015 016 057 1.212e-01
N 016 079 032 6.629e-01
N 017 095 005 2.726e-01
N 018 070 050 5.234e-01
N 019 034 021 3.328e-01
E 000 008 5.597e+01
E 000 009 2.404e+01
E 000 004 7.983e+01
E 000 014 2.371e+01
E 000 016 7.539e+01
E 001 009 4.704e+01
E 001 010 4.238e+01
E 001 012 9.849e+00
E 001 014 3.585e+01
E 001 015 5.471e+01
E 001 018 3.569e+01
E 001 019 7.026e+01
E 002 008 3.511e+01
E 002 005 7.060e+01
E 002 013 8.981e+01
E 003 007 4.833e+01
E 003 008 4.111e+01
E 003 009 1.027e+02
E 003 010 8.964e+01
E 003 015 8.771e+01
E 003 016 2.202e+01
E 003 019 5.930e+01
E 004 013 1.879e+01
E 004 005 1.800e+01
E 004 006 2.657e+01
E 004 007 2.280e+01
E 005 007 1.844e+01
E 005 009 5.334e+01
E 005 016 4.610e+01
E 005 019 6.604e+01
E 006 012 9.434e+00
E 006 014 3.534e+01
E 006 017 8.746e+01
E 007 008 2.025e+01
E 007 013 3.551e+01
E 007 015 5.704e+01
E 008 010 4.860e+01
E 008 014 4.319e+01
E 008 015 4.838e+01
E 008 017 4.958e+01
E 009 010 1.389e+01
E 009 011 4.892e+01
E 009 013 6.395e+01
E 009 015 2.600e+01
E 010 012 4.965e+01
E 010 013 6.054e+01
E 010 014 7.000e+00
E 010 016 6.824e+01
E 011 018 1.703e+01
E 011 012 4.522e+01
E 012 017 9.330e+01
E 012 019 8.011e+01
E 013 014 5.413e+01
E 013 018 4.491e+01
E 014 015 1.980e+01
E 014 019 5.016e+01
E 015 016 6.778e+01
E 015 019 4.025e+01
E 016 017 3.138e+01
E 016 019 4.632e+01
