N 000 099 064 5.108e-02
N 001 018 070 1.335e-01
N 002 012 052 6.886e-01
N 003 020 010 9.448e-03
N 004 090 047 6.118e-01
N 005 092 010 2.854e-01
N 006 003 085 5.079e-01
N 007 043 077 4.530e-01
N 008 055 037 5.304e-02
N 009 017 074 9.226e-01
N 010 011 096 1.159e-01
N 011 063 081 2.192e-01
N 012 047 034 1.432e-01
N 013 024 092 3.853e-01
N 014 053 099 3.067e-01
N 015 014 032 3.563e-01
N 016 014 015 3.020e-01
N 017 024 060 8.185e-01
N 018 053 007 5.641e-01
N 019 085 088 9.927e-01
E 000 001 8.122e+01
E 000 006 9.827e+01
E 000 008 5.162e+01
E 000 013 8.006e+01
E 000 015 9.082e+01
E 000 018 7.325e+01
E 001 005 9.527e+01
E 001 008 4.958e+01
E 001 011 4.632e+01
E 001 016 5.515e+01
E 001 017 1.166e+01
E 002 003 4.276e+01
E 002 006 3.421e+01
E 002 007 3.982e+01
E 002 013 4.176e+01
E 002 016 3.705e+01
E 002 017 1.442e+01
E 002 018 6.088e+01
E 003 006 7.690e+01
E 003 007 7.084e+01
E 003 012 3.612e+01
E 003 013 8.210e+01
E 003 015 2.280e+01
E 003 019 1.015e+02
E 004 017 6.727e+01
E 004 005 3.705e+01
E 005 008 4.580e+01
E 005 011 7.669e+01
E 005 012 5.100e+01
E 005 014 9.717e+01
E 006 011 6.013e+01
E 006 015 5.413e+01
E 006 019 8.205e+01
E 007 009 2.617e+01
E 007 014 2.417e+01
E 008 017 3.860e+01
E 008 015 4.130e+01
E 009 011 4.653e+01
E 009 015 4.211e+01
E 009 017 1.565e+01
E 009 018 7.606e+01
E 009 019 6.943e+01
E 010 019 7.443e+01
E 010 011 5.412e+01
E 010 013 1.360e+01
E 010 014 4.211e+01
E 010 015 6.407e+01
E 011 014 2.059e+01
E 011 015 6.930e+01
E 011 016 8.220e+01
E 011 018 7.467e+01
E 012 017 3.471e+01
E 012 018 2.766e+01
E 012 015 3.306e+01
E 013 015 6.083e+01
E 013 019 6.113e+01
E 014 015 7.752e+01
E 015 017 2.973e+01
E 016 019 1.018e+02
E 017 018 6.042e+01
