N 000 059 060 4.545e-02
N 001 099 067 1.377e-01
N 002 087 068 2.804e-01
N 003 054 079 4.547e-01
N 004 094 089 9.525e-01
N 005 065 044 7.249e-01
N 006 021 005 8.002e-01
N 007 026 073 9.802e-01
N 008 044 072 1.153e-01
N 009 089 095 2.848e-01
N 010 007 098 5.099e-02
N 011 043 002 1.875e-02
N 012 058 044 3.949e-01
N 013 028 060 5.006e-01
N 014 084 067 1.100e-01
N 015 067 042 4.061e-01
N 016 048 004 2.023e-02
N 017 013 047 2.824e-01
N 018 044 098 9.650e-01
N 019 095 027 1.612e-01
E 000 002 2.912e+01
E 000 006 6.685e+01
E 000 007 3.547e+01
E 000 008 1.921e+01
E 000 011 6.017e+01
E 000 012 1.603e+01
E 000 015 1.970e+01
E 000 017 4.780e+01
E 001 006 9.964e+01
E 001 007 7.325e+01
E 001 008 5.523e+01
E 001 009 2.973e+01
E 001 012 4.701e+01
E 001 019 4.020e+01
E 002 019 4.177e+01
E 002 012 3.764e+01
E 002 014 3.162e+00
E 002 007 6.120e+01
E 003 004 4.123e+01
E 003 008 1.221e+01
E 003 014 3.231e+01
E 003 015 3.922e+01
E 003 016 7.524e+01
E 003 017 5.201e+01
E 004 011 1.008e+02
E 005 008 3.500e+01
E 005 015 2.828e+00
E 005 018 5.794e+01
E 005 011 4.741e+01
E 005 007 4.860e+01
E 006 007 6.818e+01
E 006 011 2.220e+01
E 006 012 5.376e+01
E 006 015 5.903e+01
E 006 016 2.702e+01
E 007 009 6.673e+01
E 007 011 7.301e+01
E 007 012 4.319e+01
E 008 012 3.130e+01
E 008 014 4.031e+01
E 008 015 3.780e+01
E 008 016 6.812e+01
E 008 017 3.982e+01
E 009 010 8.205e+01
E 009 018 4.510e+01
E 009 014 2.844e+01
E 010 016 1.026e+02
E 010 019 1.131e+02
E 011 013 5.991e+01
E 011 016 5.385e+00
E 011 017 5.408e+01
E 012 016 4.123e+01
E 012 019 4.072e+01
E 013 017 1.985e+01
E 014 015 3.023e+01
E 014 017 7.376e+01
E 014 018 5.061e+01
E 016 017 5.544e+01
E 017 018 5.968e+01
E 017 019 8.440e+01
