N 000 072 085 6.976e-01
N 001 036 097 3.528e-01
N 002 068 090 5.896e-01
N 003 099 023 7.367e-01
N 004 049 095 9.614e-02
N 005 088 048 2.075e-01
N 006 044 029 1.735e-01
N 007 030 038 7.446e-01
N 008 017 066 1.470e-01
N 009 057 086 9.170e-01
N 010 058 047 4.546e-01
N 011 024 025 4.228e-01
N 012 091 074 2.104e-01
N 013 057 090 5.945e-02
N 014 075 056 5.468e-01
N 015 057 034 8.630e-01
N 016 042 025 9.632e-01
N 017 028 038 3.525e-02
N 018 021 058 9.215e-01
N 019 084 042 8.122e-01
E 000 003 6.762e+01
E 000 005 4.031e+01
E 000 008 5.819e+01
E 000 011 7.684e+01
E 000 014 2.915e+01
E 000 015 5.316e+01
E 000 016 6.708e+01
E 000 019 4.464e+01
E 001 004 1.315e+01
E 001 008 3.636e+01
E 001 010 5.463e+01
E 001 011 7.299e+01
E 001 012 5.962e+01
E 001 016 7.225e+01
E 002 004 1.965e+01
E 002 006 6.555e+01
E 002 011 7.849e+01
E 002 012 2.802e+01
E 002 015 5.707e+01
E 002 016 7.001e+01
E 003 016 5.704e+01
E 003 004 8.766e+01
E 003 017 7.257e+01
E 004 005 6.107e+01
E 004 007 6.008e+01
E 004 008 4.319e+01
E 004 009 1.204e+01
E 004 010 4.884e+01
E 004 012 4.696e+01
E 004 013 9.434e+00
E 005 007 5.886e+01
E 005 008 7.325e+01
E 005 011 6.801e+01
E 005 012 2.617e+01
E 005 019 7.211e+00
E 006 008 4.580e+01
E 006 016 4.472e+00
E 006 019 4.206e+01
E 006 017 1.836e+01
E 007 009 5.507e+01
E 007 019 5.415e+01
E 007 017 2.000e+00
E 008 013 4.665e+01
E 009 017 5.608e+01
E 010 018 3.860e+01
E 010 019 2.648e+01
E 011 013 7.290e+01
E 011 014 5.968e+01
E 011 016 1.800e+01
E 011 019 6.236e+01
E 012 013 3.758e+01
E 012 018 7.181e+01
E 013 014 3.847e+01
E 013 016 6.671e+01
E 013 017 5.954e+01
E 013 018 4.817e+01
E 014 017 5.033e+01
E 014 018 5.404e+01
E 015 018 4.327e+01
E 018 019 6.500e+01
