N 000 094 036 3.721e-01
N 001 064 074 8.079e-02
N 002 064 083 1.616e-01
N 003 019 042 6.144e-01
N 004 048 024 4.106e-01
N 005 087 031 9.573e-01
N 006 046 031 8.879e-01
N 007 043 042 1.272e-01
N 008 088 047 4.066e-01
N 009 018 074 6.973e-01
N 010 063 096 4.281e-01
N 011 086 029 1.111e-01
N 012 010 019 7.179e-01
N 013 019 021 7.843e-01
N 014 045 023 6.553e-01
N 015 079 077 3.551e-01
N 016 068 041 3.678e-01
N 017 057 047 2.056e-02
N 018 029 098 8.075e-02
N 019 008 041 5.800e-01
E 000 001 4.841e+01
E 000 004 4.754e+01
E 000 005 8.602e+00
E 000 009 8.497e+01
E 000 010 6.754e+01
E 000 016 2.648e+01
E 000 017 3.860e+01
E 000 018 8.983e+01
E 001 007 3.828e+01
E 001 008 3.612e+01
E 001 012 7.708e+01
E 001 014 5.442e+01
E 001 019 6.500e+01
E 002 004 6.113e+01
E 002 008 4.327e+01
E 002 009 4.687e+01
E 002 010 1.304e+01
E 002 011 5.831e+01
E 002 014 6.294e+01
E 002 017 3.667e+01
E 003 006 2.915e+01
E 003 008 6.918e+01
E 003 009 3.202e+01
E 003 012 2.470e+01
E 003 016 4.901e+01
E 003 018 5.689e+01
E 003 019 1.105e+01
E 004 006 7.280e+00
E 004 008 4.614e+01
E 004 012 3.833e+01
E 004 014 3.162e+00
E 004 016 2.625e+01
E 004 018 7.640e+01
E 004 019 4.346e+01
E 005 006 4.100e+01
E 005 009 8.130e+01
E 005 010 6.929e+01
E 005 013 6.873e+01
E 005 015 4.669e+01
E 005 019 7.963e+01
E 006 017 1.942e+01
E 007 008 4.528e+01
E 007 019 3.501e+01
E 007 009 4.061e+01
E 008 010 5.501e+01
E 009 014 5.771e+01
E 009 017 4.743e+01
E 010 014 7.519e+01
E 010 015 2.484e+01
E 010 017 4.937e+01
E 010 019 7.778e+01
E 011 016 2.163e+01
E 011 012 7.666e+01
E 011 018 8.950e+01
E 011 015 4.851e+01
E 012 019 2.209e+01
E 013 015 8.207e+01
E 014 019 4.115e+01
E 015 018 5.423e+01
E 016 017 1.253e+01
