N 000 066 015 6.265e-03
N 001 033 066 8.115e-01
N 002 058 008 2.234e-01
N 003 001 004 5.879e-02
N 004 059 095 9.892e-01
N 005 006 090 3.566e-01
N 006 076 082 1.824e-01
N 007 040 068 6.777e-01
N 008 016 068 6.510e-01
N 009 026 013 4.707e-01
N 010 036 017 9.352e-01
N 011 040 062 1.385e-01
N 012 016 084 9.412e-01
N 013 054 046 4.561e-01
N 014 004 019 4.277e-01
N 015 010 054 9.958e-01
N 016 053 093 5.046e-01
N 017 024 054 9.718e-01
N 018 065 044 8.054e-01
N 019 033 025 5.060e-01
E 000 001 6.075e+01
E 000 004 8.031e+01
E 000 005 9.605e+01
E 000 006 6.774e+01
E 000 007 5.903e+01
E 000 009 4.005e+01
E 000 012 8.521e+01
E 000 013 3.324e+01
E 000 015 6.824e+01
E 000 019 3.448e+01
E 001 002 6.316e+01
E 001 003 6.977e+01
E 001 004 3.895e+01
E 001 005 3.612e+01
E 001 009 5.346e+01
E 001 012 2.476e+01
E 001 014 5.523e+01
E 001 019 4.100e+01
E 002 004 8.701e+01
E 002 007 6.264e+01
E 002 011 5.692e+01
E 002 012 8.683e+01
E 002 016 8.515e+01
E 002 018 3.667e+01
E 003 006 1.082e+02
E 003 015 5.080e+01
E 004 007 3.302e+01
E 004 011 3.808e+01
E 004 013 4.925e+01
E 005 011 4.405e+01
E 005 012 1.166e+01
E 005 017 4.025e+01
E 005 019 7.038e+01
E 006 017 5.906e+01
E 006 013 4.219e+01
E 007 008 2.400e+01
E 007 014 6.080e+01
E 007 016 2.818e+01
E 007 017 2.126e+01
E 008 009 5.590e+01
E 008 012 1.600e+01
E 008 013 4.391e+01
E 008 014 5.045e+01
E 008 017 1.612e+01
E 008 019 4.624e+01
E 009 011 5.096e+01
E 009 013 4.328e+01
E 009 016 8.443e+01
E 010 018 3.962e+01
E 010 015 4.522e+01
E 011 012 3.256e+01
E 011 013 2.126e+01
E 011 016 3.362e+01
E 011 017 1.789e+01
E 011 019 3.766e+01
E 012 013 5.374e+01
E 014 015 3.551e+01
E 014 016 8.875e+01
E 015 018 5.590e+01
E 016 017 4.860e+01
