N 000 057 034 9.654e-01
N 001 058 042 5.434e-01
N 002 008 016 2.760e-01
N 003 025 008 2.382e-01
N 004 024 096 4.453e-01
N 005 035 041 3.923e-01
N 006 084 059 8.452e-01
N 007 034 038 5.642e-01
N 008 097 080 2.423e-01
N 009 044 011 6.514e-01
N 010 081 095 4.526e-01
N 011 081 072 1.755e-02
N 012 078 008 7.612e-01
N 013 035 093 7.270e-01
N 014 087 053 3.920e-01
N 015 083 036 6.014e-01
N 016 055 050 2.868e-01
N 017 056 006 2.842e-01
N 018 090 061 9.886e-02
N 019 038 088 4.451e-01
E 000 006 3.680e+01
E 000 007 2.335e+01
E 000 009 2.642e+01
E 000 011 4.494e+01
E 000 012 3.342e+01
E 000 014 3.551e+01
E 000 018 4.264e+01
E 001 002 5.636e+01
E 001 003 4.738e+01
E 001 010 5.778e+01
E 001 013 5.595e+01
E 001 018 3.722e+01
E 001 019 5.016e+01
E 002 006 8.732e+01
E 002 014 8.724e+01
E 002 016 5.801e+01
E 002 017 4.903e+01
E 002 019 7.800e+01
E 003 010 1.035e+02
E 003 012 5.300e+01
E 003 009 1.924e+01
E 004 005 5.609e+01
E 004 006 7.049e+01
E 004 013 1.140e+01
E 004 015 8.415e+01
E 004 017 9.552e+01
E 004 019 1.612e+01
E 005 007 3.162e+00
E 005 011 5.547e+01
E 005 013 5.200e+01
E 005 015 4.826e+01
E 005 017 4.082e+01
E 006 009 6.248e+01
E 006 011 1.334e+01
E 006 012 5.135e+01
E 006 015 2.302e+01
E 006 017 5.994e+01
E 006 019 5.438e+01
E 007 009 2.879e+01
E 007 012 5.325e+01
E 007 017 3.883e+01
E 008 013 6.335e+01
E 008 014 2.879e+01
E 008 015 4.617e+01
E 009 016 4.052e+01
E 009 019 7.723e+01
E 010 011 2.300e+01
E 010 012 8.705e+01
E 010 013 4.604e+01
E 010 016 5.197e+01
E 011 013 5.057e+01
E 011 014 1.992e+01
E 011 018 1.421e+01
E 012 018 5.434e+01
E 013 014 6.560e+01
E 013 015 7.452e+01
E 013 019 5.831e+00
E 014 016 3.214e+01
E 015 018 2.596e+01
E 016 017 4.401e+01
