N 000 002 067 4.704e-01
N 001 027 028 8.584e-01
N 002 071 085 4.881e-01
N 003 045 014 8.184e-01
N 004 083 013 3.193e-01
N 005 053 091 1.702e-01
N 006 054 079 4.724e-01
N 007 060 049 6.517e-01
N 008 077 058 3.831e-01
N 009 045 003 7.089e-01
N 010 074 007 7.839e-01
N 011 027 054 8.390e-01
N 012 014 090 6.995e-01
N 013 087 035 1.175e-01
N 014 093 024 8.834e-02
N 015 054 004 6.770e-01
N 016 081 098 1.678e-01
N 017 053 095 7.342e-01
N 018 034 050 7.923e-01
N 019 035 049 2.762e-01
E 000 001 4.632e+01
E 000 007 6.073e+01
E 000 009 7.710e+01
E 000 010 9.372e+01
E 000 013 9.082e+01
E 000 015 8.169e+01
E 001 017 7.187e+01
E 001 003 2.280e+01
E 001 013 6.041e+01
E 002 006 1.803e+01
E 002 007 3.764e+01
E 002 009 8.602e+01
E 002 010 7.806e+01
E 002 011 5.382e+01
E 002 018 5.093e+01
E 002 019 5.091e+01
E 003 006 6.562e+01
E 003 007 3.808e+01
E 003 014 4.903e+01
E 003 015 1.345e+01
E 003 016 9.139e+01
E 004 008 4.540e+01
E 004 016 8.502e+01
E 004 018 6.140e+01
E 004 012 1.034e+02
E 004 015 3.036e+01
E 005 006 1.204e+01
E 005 009 8.836e+01
E 005 010 8.659e+01
E 005 015 8.701e+01
E 005 016 2.886e+01
E 005 017 4.000e+00
E 006 008 3.114e+01
E 006 009 7.653e+01
E 006 017 1.603e+01
E 006 019 3.551e+01
E 007 008 1.924e+01
E 007 011 3.338e+01
E 007 012 6.162e+01
E 007 016 5.331e+01
E 007 017 4.653e+01
E 007 019 2.500e+01
E 008 011 5.016e+01
E 008 014 3.758e+01
E 008 017 4.410e+01
E 009 012 9.236e+01
E 009 018 4.827e+01
E 010 016 9.127e+01
E 010 014 2.550e+01
E 011 013 6.294e+01
E 011 014 7.250e+01
E 011 015 5.682e+01
E 012 013 9.140e+01
E 013 014 1.253e+01
E 014 015 4.383e+01
E 015 018 5.016e+01
E 015 019 4.885e+01
E 017 018 4.885e+01
E 017 019 4.940e+01
E 018 019 1.414e+00
