N 000 056 081 5.626e-01
N 001 079 046 5.488e-01
N 002 091 015 4.650e-01
N 003 003 094 1.839e-01
N 004 081 025 6.948e-01
N 005 009 077 4.204e-01
N 006 090 057 8.302e-01
N 007 042 083 2.256e-01
N 008 022 021 9.385e-01
N 009 083 026 3.857e-01
N 010 006 058 3.686e-01
N 011 020 057 3.969e-01
N 012 071 038 3.956e-01
N 013 097 004 4.906e-01
N 014 039 096 9.431e-01
N 015 027 028 1.785e-01
N 016 088 064 3.401e-01
N 017 057 001 5.717e-01
N 018 043 019 4.386e-01
N 019 051 032 7.716e-01
E 000 001 4.188e+01
E 000 004 6.133e+01
E 000 007 1.414e+01
E 000 009 6.127e+01
E 000 012 4.554e+01
E 000 015 6.042e+01
E 001 002 3.324e+01
E 001 005 7.656e+01
E 001 007 5.233e+01
E 001 009 2.040e+01
E 001 010 7.398e+01
E 001 016 2.012e+01
E 002 008 6.926e+01
E 002 019 4.346e+01
E 002 014 9.625e+01
E 003 008 7.543e+01
E 003 019 7.841e+01
E 003 005 1.803e+01
E 003 014 3.606e+01
E 004 005 8.881e+01
E 004 007 6.989e+01
E 004 008 5.914e+01
E 004 010 8.194e+01
E 004 016 3.962e+01
E 004 017 3.394e+01
E 004 018 3.847e+01
E 005 009 8.987e+01
E 005 010 1.924e+01
E 005 012 7.325e+01
E 005 013 1.143e+02
E 005 014 3.551e+01
E 005 015 5.220e+01
E 006 008 7.694e+01
E 006 009 3.178e+01
E 006 013 5.346e+01
E 006 015 6.935e+01
E 006 016 7.280e+00
E 006 019 4.632e+01
E 007 010 4.383e+01
E 007 017 8.336e+01
E 008 011 3.606e+01
E 008 012 5.187e+01
E 008 017 4.031e+01
E 008 018 2.110e+01
E 009 010 8.338e+01
E 009 016 3.833e+01
E 010 015 3.662e+01
E 010 016 8.222e+01
E 010 018 5.376e+01
E 010 019 5.197e+01
E 011 017 6.712e+01
E 011 019 3.982e+01
E 011 014 4.338e+01
E 012 013 4.280e+01
E 012 015 4.512e+01
E 012 019 2.088e+01
E 013 014 1.088e+02
E 013 015 7.400e+01
E 014 018 7.710e+01
E 015 018 1.836e+01
