N 000 027 043 1.624e-01
N 001 098 040 9.977e-01
N 002 031 091 4.639e-01
N 003 047 029 9.682e-02
N 004 091 054 7.573e-01
N 005 088 031 9.063e-01
N 006 031 029 7.581e-01
N 007 057 006 1.072e-01
N 008 056 093 3.147e-02
N 009 090 022 6.227e-01
N 010 082 013 3.031e-01
N 011 039 030 2.512e-01
N 012 009 011 8.069e-01
N 013 050 050 4.381e-01
N 014 077 028 6.396e-01
N 015 084 024 6.237e-01
N 016 067 052 6.339e-01
N 017 030 068 2.906e-01
N 018 002 063 8.105e-01
N 019 033 056 3.079e-01
E 000 001 7.106e+01
E 000 002 4.817e+01
E 000 003 2.441e+01
E 000 006 1.456e+01
E 000 008 5.780e+01
E 000 009 6.641e+01
E 000 013 2.404e+01
E 000 016 4.100e+01
E 001 002 8.420e+01
E 001 007 5.326e+01
E 001 013 4.903e+01
E 001 014 2.419e+01
E 001 016 3.324e+01
E 001 018 9.872e+01
E 002 005 8.276e+01
E 002 009 9.079e+01
E 002 013 4.519e+01
E 002 014 7.801e+01
E 002 015 8.543e+01
E 002 016 5.308e+01
E 002 017 2.302e+01
E 003 009 4.357e+01
E 003 011 8.062e+00
E 003 004 5.061e+01
E 004 006 6.500e+01
E 004 007 5.882e+01
E 004 015 3.081e+01
E 004 016 2.408e+01
E 004 018 8.945e+01
E 005 018 9.176e+01
E 005 011 4.901e+01
E 005 010 1.897e+01
E 006 019 2.707e+01
E 006 011 8.062e+00
E 007 009 3.667e+01
E 007 011 3.000e+01
E 007 016 4.707e+01
E 007 017 6.762e+01
E 008 009 7.872e+01
E 008 019 4.357e+01
E 008 014 6.831e+01
E 009 011 5.162e+01
E 009 016 3.780e+01
E 009 017 7.560e+01
E 009 018 9.708e+01
E 010 012 7.303e+01
E 010 015 1.118e+01
E 010 017 7.569e+01
E 010 018 9.434e+01
E 010 019 6.519e+01
E 011 017 3.905e+01
E 012 016 7.103e+01
E 012 019 5.100e+01
E 012 014 7.009e+01
E 013 019 1.803e+01
E 013 016 1.712e+01
E 014 016 2.600e+01
E 015 016 3.276e+01
E 016 018 6.592e+01
E 017 018 2.844e+01
