N 000 057 056 6.231e-02
N 001 015 061 8.339e-01
N 002 038 094 2.980e-01
N 003 098 058 1.543e-01
N 004 012 073 4.731e-01
N 005 087 007 8.686e-01
N 006 018 091 5.043e-01
N 007 039 041 7.187e-01
N 008 084 037 6.054e-01
N 009 064 075 5.865e-01
N 010 066 033 7.780e-01
N 011 029 055 2.124e-01
N 012 034 061 4.798e-01
N 013 053 048 6.343e-01
N 014 056 034 8.105e-01
N 015 092 098 1.549e-01
N 016 017 041 2.370e-01
N 017 013 036 9.555e-01
N 018 036 045 9.932e-01
N 019 039 023 5.359e-01
E 000 001 4.230e+01
E 000 003 4.105e+01
E 000 005 5.745e+01
E 000 007 2.343e+01
E 000 011 2.802e+01
E 000 013 8.944e+00
E 000 017 4.833e+01
E 000 019 3.759e+01
E 001 004 1.237e+01
E 001 008 7.305e+01
E 001 011 1.523e+01
E 001 012 1.900e+01
E 001 013 4.016e+01
E 001 015 8.543e+01
E 001 017 2.508e+01
E 001 019 4.494e+01
E 002 017 6.316e+01
E 002 011 4.002e+01
E 002 004 3.342e+01
E 002 013 4.838e+01
E 003 009 3.801e+01
E 003 011 6.907e+01
E 003 004 8.730e+01
E 003 005 5.217e+01
E 004 009 5.204e+01
E 004 011 2.476e+01
E 004 012 2.506e+01
E 004 013 4.802e+01
E 004 015 8.382e+01
E 004 017 3.701e+01
E 004 018 3.688e+01
E 004 019 5.682e+01
E 005 019 5.060e+01
E 005 010 3.342e+01
E 006 016 5.001e+01
E 006 017 5.523e+01
E 006 018 4.940e+01
E 007 009 4.220e+01
E 007 018 5.000e+00
E 007 019 1.800e+01
E 007 017 2.648e+01
E 008 016 6.712e+01
E 008 012 5.546e+01
E 008 013 3.289e+01
E 008 015 6.152e+01
E 009 012 3.311e+01
E 009 018 4.104e+01
E 010 011 4.305e+01
E 010 012 4.252e+01
E 010 014 1.005e+01
E 011 018 1.221e+01
E 011 019 3.353e+01
E 012 019 3.833e+01
E 013 014 1.432e+01
E 013 016 3.667e+01
E 014 016 3.962e+01
E 014 018 2.283e+01
E 015 019 9.184e+01
E 015 016 9.420e+01
E 016 017 6.403e+00
