N 000 014 024 7.999e-01
N 001 092 093 2.653e-01
N 002 052 099 6.001e-01
N 003 063 023 4.669e-01
N 004 073 005 3.588e-01
N 005 089 039 6.505e-01
N 006 026 084 4.821e-01
N 007 062 032 5.763e-01
N 008 015 079 4.165e-01
N 009 018 090 8.884e-01
N 010 053 050 9.031e-01
N 011 016 033 5.304e-01
N 012 015 078 4.525e-01
N 013 021 005 2.565e-01
N 014 086 000 9.917e-01
N 015 042 089 2.029e-01
N 016 089 038 5.918e-01
N 017 089 093 7.931e-01
N 018 055 001 2.961e-01
N 019 012 023 2.894e-01
E 000 001 1.041e+02
E 000 002 8.408e+01
E 000 004 6.198e+01
E 000 006 6.119e+01
E 000 016 7.630e+01
E 000 017 1.019e+02
E 000 019 2.236e+00
E 001 002 4.045e+01
E 001 004 9.003e+01
E 001 006 6.661e+01
E 001 008 7.826e+01
E 001 019 1.063e+02
E 002 004 9.632e+01
E 002 007 6.774e+01
E 002 008 4.206e+01
E 002 011 7.518e+01
E 002 013 9.898e+01
E 002 016 7.134e+01
E 003 004 2.059e+01
E 003 013 4.569e+01
E 003 015 6.926e+01
E 003 016 3.002e+01
E 003 017 7.467e+01
E 003 018 2.341e+01
E 004 007 2.915e+01
E 005 008 8.412e+01
E 005 010 3.764e+01
E 005 007 2.789e+01
E 006 014 1.032e+02
E 006 015 1.676e+01
E 006 016 7.801e+01
E 006 019 6.259e+01
E 007 009 7.280e+01
E 007 012 6.576e+01
E 007 018 3.178e+01
E 007 019 5.080e+01
E 008 009 1.140e+01
E 008 012 1.000e+00
E 008 014 1.062e+02
E 008 015 2.879e+01
E 008 016 8.460e+01
E 008 017 7.531e+01
E 008 019 5.608e+01
E 009 012 1.237e+01
E 009 013 8.505e+01
E 009 016 8.801e+01
E 009 017 7.106e+01
E 010 017 5.608e+01
E 010 018 4.904e+01
E 010 012 4.720e+01
E 011 017 9.449e+01
E 011 015 6.174e+01
E 012 013 7.325e+01
E 012 016 8.412e+01
E 012 017 7.550e+01
E 013 015 8.659e+01
E 014 016 3.812e+01
E 015 016 6.935e+01
E 015 018 8.896e+01
E 015 019 7.250e+01
