N 000 044 063 3.529e-01
N 001 095 029 9.227e-01
N 002 078 025 2.305e-01
N 003 070 051 8.120e-01
N 004 092 038 3.801e-01
N 005 061 080 4.793e-01
N 006 027 088 7.025e-01
N 007 030 026 9.008e-01
N 008 067 004 4.206e-01
N 009 091 003 4.136e-01
N 010 074 037 8.395e-01
N 011 005 017 2.426e-02
N 012 050 000 6.693e-01
N 013 009 055 5.044e-01
N 014 046 047 2.476e-01
N 015 024 090 7.553e-01
N 016 075 062 5.230e-01
N 017 043 001 5.681e-01
N 018 087 091 8.075e-01
N 019 095 028 4.022e-01
E 000 004 5.412e+01
E 000 005 2.404e+01
E 000 006 3.023e+01
E 000 008 6.332e+01
E 000 012 6.329e+01
E 000 013 3.590e+01
E 000 015 3.360e+01
E 000 017 6.201e+01
E 000 019 6.185e+01
E 001 019 1.000e+00
E 001 018 6.251e+01
E 001 011 9.080e+01
E 001 012 5.354e+01
E 001 007 6.507e+01
E 002 008 2.371e+01
E 002 019 1.726e+01
E 002 012 3.754e+01
E 002 005 5.757e+01
E 002 006 8.106e+01
E 003 008 4.710e+01
E 003 019 3.397e+01
E 003 011 7.336e+01
E 003 005 3.036e+01
E 004 018 5.324e+01
E 004 011 8.950e+01
E 004 015 8.560e+01
E 005 009 8.264e+01
E 005 011 8.429e+01
E 005 012 8.075e+01
E 005 013 5.770e+01
E 005 014 3.625e+01
E 005 016 2.280e+01
E 005 017 8.102e+01
E 005 018 2.823e+01
E 005 019 6.213e+01
E 006 018 6.007e+01
E 006 014 4.519e+01
E 007 016 5.763e+01
E 007 017 2.818e+01
E 007 009 6.519e+01
E 008 013 7.723e+01
E 008 015 9.615e+01
E 008 016 5.855e+01
E 009 010 3.801e+01
E 009 012 4.111e+01
E 009 014 6.294e+01
E 009 016 6.113e+01
E 010 014 2.973e+01
E 010 015 7.286e+01
E 011 013 3.821e+01
E 011 017 4.123e+01
E 011 018 1.105e+02
E 012 017 7.071e+00
E 012 018 9.823e+01
E 014 016 3.265e+01
E 014 017 4.610e+01
E 014 019 5.255e+01
E 015 016 5.818e+01
E 016 017 6.888e+01
E 018 019 6.351e+01
