N 000 025 014 9.673e-01
N 001 007 013 9.457e-01
N 002 075 053 7.046e-01
N 003 025 018 9.053e-01
N 004 019 012 9.073e-01
N 005 055 052 4.424e-01
N 006 091 021 9.953e-02
N 007 025 084 1.486e-01
N 008 065 096 1.149e-01
N 009 092 054 3.007e-01
N 010 000 020 3.809e-01
N 011 038 061 5.231e-01
N 012 011 069 5.444e-01
N 013 054 061 6.318e-01
N 014 023 040 6.163e-01
N 015 084 058 2.731e-01
N 016 071 085 2.867e-01
N 017 060 011 3.534e-01
N 018 013 012 9.064e-01
N 019 089 064 1.512e-02
E 000 016 8.460e+01
E 000 001 1.803e+01
E 000 013 5.523e+01
E 000 014 2.608e+01
E 000 017 3.513e+01
E 001 002 7.889e+01
E 001 003 1.868e+01
E 001 007 7.325e+01
E 001 010 9.899e+00
E 001 013 6.718e+01
E 001 014 3.138e+01
E 001 015 8.919e+01
E 001 018 6.083e+00
E 002 015 1.030e+01
E 002 018 7.433e+01
E 002 003 6.103e+01
E 002 009 1.703e+01
E 003 004 8.485e+00
E 003 007 6.600e+01
E 003 008 8.766e+01
E 003 013 5.187e+01
E 004 010 2.062e+01
E 004 013 6.022e+01
E 004 006 7.256e+01
E 004 007 7.225e+01
E 005 010 6.363e+01
E 005 011 1.924e+01
E 005 018 5.800e+01
E 005 015 2.961e+01
E 006 011 6.640e+01
E 006 007 9.124e+01
E 008 016 1.253e+01
E 008 012 6.037e+01
E 008 014 7.000e+01
E 008 015 4.249e+01
E 009 010 9.808e+01
E 009 012 8.238e+01
E 009 014 7.041e+01
E 009 015 8.944e+00
E 009 019 1.044e+01
E 010 014 3.048e+01
E 010 016 9.626e+01
E 010 017 6.067e+01
E 010 019 9.928e+01
E 011 012 2.816e+01
E 011 016 4.080e+01
E 011 017 5.463e+01
E 011 018 5.501e+01
E 012 016 6.210e+01
E 012 019 7.816e+01
E 013 016 2.941e+01
E 013 018 6.389e+01
E 014 017 4.701e+01
E 014 019 7.023e+01
E 015 016 2.997e+01
E 015 017 5.277e+01
E 015 018 8.460e+01
E 016 017 7.481e+01
E 017 019 6.042e+01
E 018 019 9.209e+01
