N 000 069 024 6.525e-03
N 001 010 079 1.018e-01
N 002 077 064 6.519e-01
N 003 081 082 1.208e-01
N 004 071 030 2.686e-01
N 005 097 075 9.521e-01
N 006 056 090 3.723e-01
N 007 070 045 6.497e-01
N 008 002 064 4.940e-01
N 009 042 024 3.202e-01
N 010 009 005 5.318e-01
N 011 088 089 6.366e-01
N 012 089 023 7.247e-01
N 013 020 016 6.043e-01
N 014 013 018 2.093e-02
N 015 079 085 3.384e-01
N 016 008 036 1.269e-01
N 017 078 007 2.040e-01
N 018 050 075 6.355e-01
N 019 097 065 1.395e-01
E 000 003 5.923e+01
E 000 006 6.727e+01
E 000 010 6.294e+01
E 000 015 6.181e+01
E 000 017 1.924e+01
E 000 018 5.442e+01
E 001 002 6.866e+01
E 001 004 7.824e+01
E 001 005 8.709e+01
E 001 006 4.730e+01
E 001 010 7.401e+01
E 001 012 9.683e+01
E 001 013 6.379e+01
E 002 004 3.453e+01
E 002 005 2.283e+01
E 002 010 9.003e+01
E 002 011 2.731e+01
E 002 013 7.452e+01
E 002 019 2.002e+01
E 003 004 5.295e+01
E 003 006 2.625e+01
E 003 015 3.606e+00
E 004 005 5.197e+01
E 004 007 1.503e+01
E 004 008 7.692e+01
E 004 011 6.140e+01
E 004 012 1.931e+01
E 004 014 5.923e+01
E 004 015 5.558e+01
E 004 018 4.966e+01
E 005 008 9.563e+01
E 005 006 4.366e+01
E 006 007 4.713e+01
E 006 010 9.713e+01
E 006 015 2.354e+01
E 007 018 3.606e+01
E 007 019 3.360e+01
E 008 016 2.864e+01
E 008 019 9.501e+01
E 008 014 4.730e+01
E 009 010 3.808e+01
E 009 011 7.963e+01
E 009 013 2.341e+01
E 009 014 2.961e+01
E 009 017 3.981e+01
E 009 018 5.162e+01
E 010 011 1.153e+02
E 010 019 1.065e+02
E 011 019 2.563e+01
E 012 014 7.616e+01
E 012 016 8.204e+01
E 012 017 1.942e+01
E 012 019 4.276e+01
E 013 019 9.127e+01
E 013 018 6.619e+01
E 014 019 9.625e+01
E 015 016 8.627e+01
E 015 018 3.068e+01
E 017 018 7.354e+01
E 018 019 4.805e+01
