N 000 032 063 9.378e-01
N 001 074 049 2.512e-01
N 002 002 085 1.332e-01
N 003 091 032 8.897e-01
N 004 017 008 7.103e-01
N 005 078 031 9.130e-02
N 006 010 052 3.347e-01
N 007 059 013 5.395e-01
N 008 074 052 6.747e-01
N 009 024 010 9.225e-02
N 010 099 002 9.915e-01
N 011 071 028 1.206e-01
N 012 081 011 8.701e-02
N 013 066 091 1.413e-02
N 014 024 056 9.517e-01
N 015 035 031 4.539e-01
N 016 095 041 3.589e-01
N 017 091 083 9.357e-01
N 018 000 005 1.497e-01
N 019 029 044 5.833e-01
E 000 005 5.604e+01
E 000 008 4.342e+01
E 000 012 7.145e+01
E 000 013 4.405e+01
E 000 017 6.230e+01
E 000 019 1.924e+01
E 001 007 3.900e+01
E 001 008 3.000e+00
E 001 009 6.341e+01
E 001 011 2.121e+01
E 001 017 3.801e+01
E 001 018 8.609e+01
E 002 019 4.909e+01
E 002 003 1.036e+02
E 002 004 7.845e+01
E 002 013 6.428e+01
E 002 014 3.640e+01
E 003 007 3.722e+01
E 003 009 7.052e+01
E 003 013 6.408e+01
E 003 016 9.849e+00
E 003 018 9.492e+01
E 003 019 6.315e+01
E 004 016 8.469e+01
E 004 017 1.054e+02
E 004 018 1.726e+01
E 005 009 5.794e+01
E 005 017 5.360e+01
E 005 015 4.300e+01
E 006 017 8.673e+01
E 007 008 4.179e+01
E 007 010 4.148e+01
E 007 015 3.000e+01
E 007 017 7.697e+01
E 008 011 2.419e+01
E 008 012 4.159e+01
E 008 015 4.429e+01
E 008 016 2.371e+01
E 008 018 8.766e+01
E 009 011 5.033e+01
E 009 013 9.124e+01
E 009 016 7.747e+01
E 009 019 3.437e+01
E 010 017 8.139e+01
E 010 018 9.905e+01
E 010 013 9.492e+01
E 011 013 6.320e+01
E 011 016 2.729e+01
E 011 017 5.852e+01
E 012 018 8.122e+01
E 012 019 6.159e+01
E 012 016 3.311e+01
E 013 014 5.467e+01
E 013 015 6.754e+01
E 013 016 5.780e+01
E 013 017 2.625e+01
E 014 017 7.224e+01
E 015 016 6.083e+01
E 015 017 7.642e+01
E 017 019 7.325e+01
