N 000 040 056 6.364e-01
N 001 091 059 9.746e-01
N 002 057 091 3.024e-01
N 003 019 041 3.352e-01
N 004 071 047 1.264e-01
N 005 034 072 1.221e-01
N 006 040 072 1.549e-01
N 007 074 075 9.096e-02
N 008 034 046 6.342e-01
N 009 001 079 6.241e-01
N 010 089 090 7.966e-01
N 011 080 016 1.597e-01
N 012 077 002 9.375e-03
N 013 016 003 1.754e-01
N 014 028 072 9.189e-01
N 015 079 030 4.702e-02
N 016 031 087 1.829e-01
N 017 023 082 2.259e-01
N 018 015 074 1.610e-02
N 019 048 018 2.863e-01
E 000 003 2.581e+01
E 000 007 3.895e+01
E 000 008 1.166e+01
E 000 012 6.546e+01
E 000 015 4.687e+01
E 000 017 3.106e+01
E 000 019 3.883e+01
E 001 004 2.332e+01
E 001 008 5.846e+01
E 001 010 3.106e+01
E 001 012 5.869e+01
E 001 017 7.178e+01
E 001 019 5.941e+01
E 002 016 2.631e+01
E 002 009 5.727e+01
E 002 010 3.202e+01
E 002 018 4.531e+01
E 002 014 3.467e+01
E 003 004 5.235e+01
E 003 007 6.466e+01
E 003 009 4.205e+01
E 003 010 8.545e+01
E 003 018 3.324e+01
E 004 009 7.697e+01
E 004 010 4.662e+01
E 004 012 4.540e+01
E 004 019 3.701e+01
E 005 008 2.600e+01
E 005 009 3.373e+01
E 005 011 7.247e+01
E 005 006 6.000e+00
E 005 007 4.011e+01
E 006 007 3.413e+01
E 006 008 2.668e+01
E 006 009 3.962e+01
E 006 010 5.220e+01
E 006 013 7.305e+01
E 006 017 1.972e+01
E 006 018 2.508e+01
E 007 011 5.930e+01
E 007 016 4.464e+01
E 007 017 5.148e+01
E 007 018 5.901e+01
E 008 019 3.130e+01
E 009 010 8.868e+01
E 009 012 1.082e+02
E 009 019 7.701e+01
E 010 012 8.881e+01
E 010 013 1.136e+02
E 011 017 8.721e+01
E 011 012 1.432e+01
E 011 014 7.642e+01
E 012 015 2.807e+01
E 012 017 9.652e+01
E 012 018 9.502e+01
E 014 016 1.530e+01
E 014 017 1.118e+01
E 014 018 1.315e+01
E 016 019 7.106e+01
E 017 019 6.871e+01
