N 000 081 072 4.882e-01
N 001 098 076 6.862e-01
N 002 053 064 7.852e-01
N 003 010 034 4.124e-01
N 004 036 059 4.982e-01
N 005 012 055 6.615e-01
N 006 083 079 9.783e-01
N 007 064 097 7.291e-04
N 008 097 072 2.950e-01
N 009 013 092 8.936e-02
N 010 025 022 4.725e-01
N 011 059 071 3.897e-01
N 012 053 046 4.145e-01
N 013 020 004 7.681e-01
N 014 048 052 3.291e-01
N 015 078 020 5.803e-01
N 016 082 033 3.629e-01
N 017 008 060 8.952e-01
N 018 059 014 6.122e-01
N 019 013 082 3.929e-01
E 000 002 2.912e+01
E 000 018 6.203e+01
E 000 004 4.684e+01
E 000 005 7.106e+01
E 000 007 3.023e+01
E 001 002 4.657e+01
E 001 006 1.530e+01
E 001 009 8.649e+01
E 001 011 3.932e+01
E 001 012 5.408e+01
E 001 016 4.588e+01
E 001 018 7.325e+01
E 002 003 5.243e+01
E 002 004 1.772e+01
E 002 005 4.198e+01
E 002 008 4.472e+01
E 002 010 5.048e+01
E 002 014 1.300e+01
E 002 017 4.518e+01
E 003 008 9.494e+01
E 003 009 5.808e+01
E 003 011 6.140e+01
E 003 013 3.162e+01
E 004 008 6.237e+01
E 004 019 3.253e+01
E 004 013 5.728e+01
E 005 007 6.684e+01
E 005 012 4.198e+01
E 005 016 7.338e+01
E 005 017 6.403e+00
E 005 018 6.237e+01
E 006 011 2.530e+01
E 007 008 4.140e+01
E 007 012 5.217e+01
E 007 015 7.826e+01
E 008 009 8.635e+01
E 008 010 8.766e+01
E 008 017 8.981e+01
E 008 018 6.934e+01
E 009 010 7.102e+01
E 009 011 5.057e+01
E 009 012 6.096e+01
E 009 016 9.079e+01
E 009 017 3.239e+01
E 010 011 5.964e+01
E 010 013 1.868e+01
E 011 015 5.442e+01
E 011 016 4.442e+01
E 012 013 5.341e+01
E 012 015 3.607e+01
E 012 016 3.178e+01
E 012 017 4.713e+01
E 013 016 6.845e+01
E 014 016 3.895e+01
E 014 018 3.956e+01
E 014 015 4.386e+01
E 015 016 1.360e+01
E 015 018 1.992e+01
E 016 018 2.983e+01
E 017 018 6.868e+01
