N 000 073 033 1.398e-01
N 001 040 010 2.002e-01
N 002 026 000 3.322e-01
N 003 019 085 1.779e-02
N 004 000 039 1.729e-01
N 005 087 013 6.122e-01
N 006 056 036 8.935e-01
N 007 077 012 7.451e-01
N 008 097 099 3.853e-01
N 009 020 042 3.966e-01
N 010 056 024 6.745e-01
N 011 027 084 8.974e-01
N 012 043 031 6.726e-01
N 013 009 083 4.312e-01
N 014 074 005 5.084e-01
N 015 026 068 2.002e-01
N 016 036 003 4.123e-01
N 017 068 044 1.484e-01
N 018 098 038 6.825e-01
N 019 030 002 7.343e-02
E 000 001 4.022e+01
E 000 004 7.325e+01
E 000 008 7.023e+01
E 000 009 5.376e+01
E 000 010 1.924e+01
E 000 011 6.868e+01
E 000 013 8.122e+01
E 000 018 2.550e+01
E 001 003 7.788e+01
E 001 007 3.705e+01
E 001 009 3.774e+01
E 001 014 3.437e+01
E 001 015 5.967e+01
E 001 017 4.405e+01
E 002 012 3.536e+01
E 002 013 8.472e+01
E 003 006 6.140e+01
E 003 008 7.925e+01
E 003 009 4.301e+01
E 003 013 1.020e+01
E 003 014 9.708e+01
E 003 015 1.838e+01
E 004 019 4.763e+01
E 004 007 8.160e+01
E 005 008 8.658e+01
E 005 010 3.289e+01
E 005 013 1.048e+02
E 005 015 8.213e+01
E 005 018 2.731e+01
E 005 019 5.805e+01
E 006 008 7.517e+01
E 006 010 1.200e+01
E 006 012 1.393e+01
E 006 013 6.647e+01
E 006 017 1.442e+01
E 007 008 8.927e+01
E 007 010 2.419e+01
E 007 014 7.616e+00
E 007 017 3.324e+01
E 007 019 4.805e+01
E 008 009 9.580e+01
E 008 010 8.548e+01
E 008 012 8.683e+01
E 008 013 8.944e+01
E 008 016 1.137e+02
E 008 017 6.218e+01
E 009 013 4.245e+01
E 009 017 4.804e+01
E 010 011 6.664e+01
E 010 012 1.476e+01
E 010 018 4.427e+01
E 011 017 5.728e+01
E 011 012 5.536e+01
E 011 014 9.192e+01
E 012 016 2.886e+01
E 013 016 8.443e+01
E 013 018 9.973e+01
E 014 019 4.410e+01
E 015 019 6.612e+01
E 015 018 7.800e+01
