N 000 044 037 1.949e-01
N 001 043 052 8.832e-01
N 002 039 072 8.368e-01
N 003 040 016 8.012e-01
N 004 030 041 4.291e-01
N 005 077 008 9.871e-01
N 006 013 065 1.955e-01
N 007 091 066 6.500e-01
N 008 087 057 9.976e-01
N 009 081 006 5.119e-01
N 010 009 023 1.763e-01
N 011 057 092 3.934e-01
N 012 035 040 6.253e-01
N 013 036 042 3.175e-02
N 014 016 039 5.148e-01
N 015 058 031 2.590e-01
N 016 026 029 2.946e-01
N 017 036 047 2.128e-01
N 018 094 014 8.094e-01
N 019 041 002 1.691e-01
E 000 001 1.503e+01
E 000 011 5.652e+01
E 000 012 9.487e+00
E 000 013 9.434e+00
E 000 016 1.970e+01
E 000 018 5.504e+01
E 001 002 2.040e+01
E 001 010 4.469e+01
E 001 012 1.442e+01
E 001 018 6.360e+01
E 001 019 5.004e+01
E 002 003 5.601e+01
E 002 009 7.823e+01
E 002 010 5.745e+01
E 002 011 2.691e+01
E 002 012 3.225e+01
E 002 014 4.022e+01
E 002 018 7.993e+01
E 003 004 2.693e+01
E 003 006 5.595e+01
E 003 008 6.237e+01
E 003 010 3.178e+01
E 003 016 1.910e+01
E 003 017 3.126e+01
E 003 018 5.404e+01
E 003 019 1.404e+01
E 004 017 8.485e+00
E 004 010 2.766e+01
E 004 018 6.946e+01
E 005 016 5.515e+01
E 005 009 4.472e+00
E 005 007 5.967e+01
E 006 015 5.640e+01
E 006 012 3.330e+01
E 006 014 2.617e+01
E 006 007 7.801e+01
E 007 016 7.479e+01
E 007 017 5.819e+01
E 007 014 7.971e+01
E 008 013 5.316e+01
E 008 014 7.325e+01
E 008 015 3.895e+01
E 009 011 8.929e+01
E 009 014 7.290e+01
E 009 016 5.962e+01
E 009 017 6.088e+01
E 010 011 8.405e+01
E 010 015 4.965e+01
E 011 012 5.646e+01
E 011 013 5.423e+01
E 011 014 6.701e+01
E 011 018 8.633e+01
E 012 014 1.903e+01
E 012 017 7.071e+00
E 013 014 2.022e+01
E 013 019 4.031e+01
E 014 019 4.465e+01
E 015 016 3.206e+01
E 016 019 3.089e+01
E 017 018 6.673e+01
