N 000 052 061 8.184e-01
N 001 095 080 6.084e-01
N 002 091 061 8.491e-01
N 003 026 056 6.170e-01
N 004 086 024 1.785e-01
N 005 067 074 2.315e-01
N 006 022 009 2.831e-01
N 007 092 070 8.103e-01
N 008 027 032 7.219e-01
N 009 080 028 8.311e-01
N 010 051 002 2.529e-01
N 011 003 085 7.178e-01
N 012 072 012 2.871e-01
N 013 035 046 9.943e-01
N 014 036 044 5.728e-01
N 015 095 048 1.538e-01
N 016 034 092 7.114e-01
N 017 099 099 1.008e-01
N 018 074 021 1.799e-01
N 019 065 086 6.999e-01
E 000 003 2.648e+01
E 000 006 6.003e+01
E 000 007 4.100e+01
E 000 009 4.328e+01
E 000 016 3.585e+01
E 000 017 6.044e+01
E 001 004 5.672e+01
E 001 008 8.323e+01
E 001 011 9.214e+01
E 001 015 3.200e+01
E 001 016 6.217e+01
E 001 018 6.263e+01
E 002 004 3.734e+01
E 002 008 7.026e+01
E 002 010 7.128e+01
E 002 014 5.757e+01
E 002 015 1.360e+01
E 002 017 3.883e+01
E 002 019 3.607e+01
E 003 004 6.800e+01
E 003 006 4.717e+01
E 003 008 2.402e+01
E 003 013 1.345e+01
E 003 014 1.562e+01
E 003 015 6.946e+01
E 004 009 7.211e+00
E 004 010 4.134e+01
E 004 011 1.030e+02
E 004 012 1.844e+01
E 004 013 5.554e+01
E 004 017 7.612e+01
E 005 006 7.906e+01
E 005 008 5.800e+01
E 005 011 6.494e+01
E 005 012 6.220e+01
E 005 014 4.314e+01
E 005 015 3.821e+01
E 005 016 3.759e+01
E 006 011 7.834e+01
E 006 010 2.983e+01
E 007 008 7.529e+01
E 007 010 7.940e+01
E 007 014 6.174e+01
E 008 014 1.500e+01
E 008 016 6.041e+01
E 009 014 4.682e+01
E 010 011 9.588e+01
E 010 013 4.682e+01
E 011 013 5.045e+01
E 011 016 3.178e+01
E 011 019 6.201e+01
E 012 016 8.857e+01
E 012 015 4.272e+01
E 013 015 6.003e+01
E 013 019 5.000e+01
E 014 016 4.804e+01
E 014 017 8.363e+01
E 015 016 7.521e+01
E 015 018 3.421e+01
E 017 019 3.640e+01
