N 000 022 006 6.323e-01
N 001 060 064 1.566e-01
N 002 026 086 5.775e-01
N 003 036 044 1.875e-01
N 004 069 029 5.508e-01
N 005 051 051 4.190e-01
N 006 024 014 5.403e-01
N 007 065 086 3.927e-01
N 008 063 027 3.464e-01
N 009 039 055 8.676e-01
N 010 006 052 8.533e-01
N 011 021 086 6.447e-01
N 012 014 054 7.437e-02
N 013 017 092 2.494e-02
N 014 073 081 2.005e-02
N 015 070 029 2.017e-01
N 016 061 089 2.057e-01
N 017 058 050 3.512e-01
N 018 099 069 2.528e-01
N 019 006 083 1.335e-01
E 000 008 4.607e+01
E 000 001 6.934e+01
E 000 011 8.001e+01
E 000 012 4.866e+01
E 000 007 9.082e+01
E 001 003 3.124e+01
E 001 008 3.712e+01
E 001 012 4.707e+01
E 001 016 2.502e+01
E 001 019 5.725e+01
E 002 019 2.022e+01
E 002 010 3.945e+01
E 002 003 4.317e+01
E 002 018 7.495e+01
E 003 005 1.655e+01
E 003 008 3.191e+01
E 003 013 5.162e+01
E 003 015 3.716e+01
E 003 016 5.148e+01
E 003 018 6.778e+01
E 004 013 8.169e+01
E 005 006 4.580e+01
E 005 009 1.265e+01
E 005 016 3.929e+01
E 005 018 5.126e+01
E 005 019 5.522e+01
E 006 012 4.123e+01
E 006 013 7.831e+01
E 007 008 5.903e+01
E 007 010 6.810e+01
E 007 015 5.722e+01
E 007 016 5.000e+00
E 007 019 5.908e+01
E 008 010 6.224e+01
E 008 011 7.242e+01
E 008 012 5.595e+01
E 008 016 6.203e+01
E 008 018 5.532e+01
E 009 017 1.965e+01
E 009 019 4.328e+01
E 009 014 4.280e+01
E 009 013 4.305e+01
E 010 012 8.246e+00
E 010 014 7.301e+01
E 010 018 9.454e+01
E 010 019 3.100e+01
E 011 012 3.276e+01
E 011 013 7.211e+00
E 011 014 5.224e+01
E 011 015 7.517e+01
E 011 016 4.011e+01
E 012 013 3.812e+01
E 012 016 5.860e+01
E 013 014 5.707e+01
E 013 015 8.233e+01
E 013 018 8.516e+01
E 014 015 5.209e+01
E 016 019 5.533e+01
E 017 018 4.519e+01
E 017 019 6.159e+01
