N 000 045 051 6.240e-01
N 001 052 073 1.371e-01
N 002 058 078 7.467e-01
N 003 053 033 4.979e-01
N 004 045 028 9.350e-01
N 005 011 090 4.545e-01
N 006 078 085 1.834e-01
N 007 079 076 8.770e-01
N 008 043 052 3.205e-01
N 009 043 048 8.816e-01
N 010 086 034 3.550e-02
N 011 043 066 7.585e-01
N 012 079 084 4.308e-01
N 013 032 063 6.911e-01
N 014 029 007 8.048e-01
N 015 090 069 1.326e-01
N 016 060 049 5.549e-02
N 017 012 088 6.323e-01
N 018 005 027 1.522e-01
N 019 048 069 8.240e-01
E 000 018 4.665e+01
E 000 019 1.825e+01
E 000 005 5.174e+01
E 000 015 4.847e+01
E 001 011 1.140e+01
E 001 018 6.576e+01
E 001 003 4.001e+01
E 001 015 3.821e+01
E 002 003 4.528e+01
E 002 006 2.119e+01
E 002 010 5.215e+01
E 002 013 3.002e+01
E 002 015 3.324e+01
E 002 019 1.345e+01
E 003 012 5.725e+01
E 003 013 3.662e+01
E 003 015 5.162e+01
E 004 008 2.408e+01
E 004 017 6.848e+01
E 004 018 4.001e+01
E 004 019 4.111e+01
E 004 012 6.551e+01
E 005 007 6.943e+01
E 005 009 5.280e+01
E 005 011 4.000e+01
E 005 012 6.826e+01
E 005 014 8.493e+01
E 005 019 4.254e+01
E 006 013 5.099e+01
E 007 009 4.561e+01
E 007 010 4.258e+01
E 007 011 3.736e+01
E 007 012 8.000e+00
E 007 015 1.304e+01
E 008 009 4.000e+00
E 008 014 4.713e+01
E 008 012 4.817e+01
E 008 015 4.998e+01
E 009 015 5.148e+01
E 009 016 1.703e+01
E 009 017 5.061e+01
E 010 012 5.049e+01
E 010 013 6.129e+01
E 010 015 3.523e+01
E 010 016 3.002e+01
E 010 017 9.161e+01
E 010 018 8.130e+01
E 011 012 4.025e+01
E 011 013 1.140e+01
E 011 014 6.064e+01
E 011 016 2.404e+01
E 011 018 5.445e+01
E 012 013 5.148e+01
E 012 015 1.860e+01
E 012 017 6.712e+01
E 013 016 3.130e+01
E 013 017 3.202e+01
E 014 017 8.276e+01
E 014 015 8.698e+01
E 015 019 4.200e+01
