N 000 001 033 6.173e-02
N 001 022 048 7.166e-01
N 002 003 010 6.874e-01
N 003 066 018 1.135e-01
N 004 016 059 2.577e-01
N 005 012 099 4.474e-01
N 006 024 097 1.618e-01
N 007 076 009 3.805e-01
N 008 071 004 1.493e-01
N 009 009 037 1.411e-01
N 010 045 024 6.856e-01
N 011 082 088 4.756e-01
N 012 036 068 1.865e-01
N 013 059 005 1.459e-01
N 014 045 038 4.744e-01
N 015 085 029 7.941e-01
N 016 088 002 5.815e-01
N 017 002 011 2.153e-01
N 018 063 051 1.692e-01
N 019 006 049 7.259e-02
E 000 001 2.581e+01
E 000 007 7.875e+01
E 000 008 7.577e+01
E 000 009 8.944e+00
E 000 010 4.491e+01
E 000 011 9.791e+01
E 000 013 6.440e+01
E 000 016 9.236e+01
E 001 004 1.253e+01
E 001 005 5.197e+01
E 001 006 4.904e+01
E 001 009 1.703e+01
E 001 013 5.673e+01
E 001 014 2.508e+01
E 002 011 1.110e+02
E 002 012 6.673e+01
E 002 007 7.301e+01
E 003 017 6.438e+01
E 003 010 2.184e+01
E 003 005 9.735e+01
E 003 006 8.947e+01
E 004 005 4.020e+01
E 004 006 3.883e+01
E 004 017 5.000e+01
E 004 018 4.768e+01
E 004 019 1.414e+01
E 005 006 1.217e+01
E 005 007 1.104e+02
E 005 009 6.207e+01
E 005 011 7.086e+01
E 005 015 1.011e+02
E 005 019 5.036e+01
E 006 008 1.042e+02
E 006 012 3.138e+01
E 006 013 9.843e+01
E 006 015 9.135e+01
E 006 019 5.126e+01
E 007 014 4.245e+01
E 007 017 7.403e+01
E 007 018 4.397e+01
E 008 011 8.472e+01
E 008 013 1.204e+01
E 008 015 2.865e+01
E 009 010 3.828e+01
E 009 017 2.693e+01
E 010 015 4.031e+01
E 010 017 4.492e+01
E 010 018 3.245e+01
E 010 019 4.632e+01
E 011 014 6.220e+01
E 011 018 4.159e+01
E 012 015 6.263e+01
E 013 018 4.617e+01
E 014 019 4.052e+01
E 014 018 2.220e+01
E 015 019 8.149e+01
E 016 018 5.501e+01
E 016 019 9.451e+01
E 017 018 7.295e+01
E 018 019 5.704e+01
