N 000 098 018 6.611e-01
N 001 097 035 2.562e-01
N 002 018 007 4.778e-01
N 003 081 091 6.949e-01
N 004 039 031 3.047e-01
N 005 046 041 1.732e-01
N 006 035 008 8.227e-01
N 007 062 068 7.202e-01
N 008 071 004 7.542e-01
N 009 039 091 1.951e-01
N 010 037 042 1.118e-01
N 011 086 084 9.708e-01
N 012 071 029 4.597e-01
N 013 081 005 9.932e-01
N 014 031 040 5.499e-01
N 015 037 014 4.949e-01
N 016 054 034 7.814e-01
N 017 020 078 4.762e-01
N 018 012 054 7.425e-01
N 019 049 095 7.960e-01
E 000 016 4.682e+01
E 000 002 8.075e+01
E 000 010 6.555e+01
E 000 006 6.379e+01
E 001 018 8.710e+01
E 001 011 5.022e+01
E 001 012 2.668e+01
E 001 006 6.762e+01
E 002 019 9.330e+01
E 002 014 3.547e+01
E 002 007 7.521e+01
E 003 004 7.324e+01
E 003 005 6.103e+01
E 003 006 9.489e+01
E 003 008 8.757e+01
E 003 009 4.200e+01
E 003 015 8.868e+01
E 003 016 6.307e+01
E 003 017 6.237e+01
E 003 019 3.225e+01
E 004 011 7.084e+01
E 004 009 6.000e+01
E 004 014 1.204e+01
E 004 007 4.357e+01
E 005 008 4.465e+01
E 005 010 9.055e+00
E 005 011 5.873e+01
E 005 014 1.503e+01
E 005 019 5.408e+01
E 006 009 8.310e+01
E 006 012 4.168e+01
E 006 014 3.225e+01
E 006 016 3.220e+01
E 006 018 5.143e+01
E 007 009 3.253e+01
E 007 011 2.884e+01
E 007 015 5.951e+01
E 007 017 4.317e+01
E 007 018 5.192e+01
E 008 010 5.099e+01
E 008 014 5.381e+01
E 009 010 4.904e+01
E 009 012 6.977e+01
E 009 014 5.162e+01
E 009 015 7.703e+01
E 010 018 2.773e+01
E 010 019 5.434e+01
E 011 013 7.916e+01
E 011 015 8.545e+01
E 012 019 6.957e+01
E 012 015 3.716e+01
E 013 019 9.552e+01
E 013 018 8.463e+01
E 013 014 6.103e+01
E 013 015 4.491e+01
E 014 015 2.668e+01
E 014 016 2.377e+01
E 015 016 2.625e+01
E 015 018 4.717e+01
E 018 019 5.523e+01
