N 000 093 045 1.907e-01
N 001 046 072 5.597e-01
N 002 016 008 9.724e-01
N 003 056 036 9.523e-01
N 004 042 051 7.013e-01
N 005 065 038 5.461e-01
N 006 016 025 3.036e-01
N 007 058 012 1.468e-01
N 008 090 073 4.631e-01
N 009 062 096 8.159e-01
N 010 099 043 3.826e-03
N 011 064 076 2.322e-01
N 012 092 092 8.475e-01
N 013 056 027 9.678e-01
N 014 054 003 6.244e-01
N 015 028 083 4.704e-01
N 016 032 029 8.527e-01
N 017 047 077 1.977e-01
N 018 034 068 9.977e-01
N 019 039 020 2.638e-01
E 000 001 5.420e+01
E 000 003 3.808e+01
E 000 005 2.886e+01
E 000 007 4.810e+01
E 000 008 2.816e+01
E 000 012 4.701e+01
E 000 013 4.115e+01
E 000 014 5.731e+01
E 000 015 7.529e+01
E 000 017 5.604e+01
E 000 018 6.332e+01
E 001 003 3.736e+01
E 001 007 6.119e+01
E 001 008 4.401e+01
E 001 010 6.042e+01
E 001 014 6.946e+01
E 001 018 1.265e+01
E 002 008 9.849e+01
E 002 016 2.640e+01
E 002 013 4.428e+01
E 002 007 4.219e+01
E 003 007 2.408e+01
E 003 010 4.357e+01
E 003 011 4.079e+01
E 003 013 9.000e+00
E 003 018 3.883e+01
E 004 019 3.114e+01
E 004 011 3.330e+01
E 004 006 3.677e+01
E 005 008 4.301e+01
E 005 011 3.801e+01
E 005 009 5.808e+01
E 006 008 8.820e+01
E 006 012 1.013e+02
E 006 011 7.004e+01
E 006 017 6.054e+01
E 007 014 9.849e+00
E 008 015 6.280e+01
E 008 016 7.280e+01
E 008 018 5.622e+01
E 009 010 6.464e+01
E 009 011 2.010e+01
E 009 013 6.926e+01
E 009 017 2.421e+01
E 009 019 7.940e+01
E 010 012 4.950e+01
E 010 013 4.588e+01
E 010 014 6.021e+01
E 010 018 6.964e+01
E 011 013 4.965e+01
E 011 019 6.133e+01
E 012 018 6.277e+01
E 013 015 6.261e+01
E 013 016 2.408e+01
E 013 017 5.080e+01
E 013 018 4.653e+01
E 014 017 7.433e+01
E 015 016 5.415e+01
E 016 017 5.029e+01
E 018 019 4.826e+01
