N 000 067 097 8.295e-01
N 001 026 095 8.005e-01
N 002 055 069 3.450e-02
N 003 001 037 7.357e-01
N 004 075 016 3.894e-01
N 005 013 021 5.014e-01
N 006 059 057 4.745e-01
N 007 053 099 7.253e-01
N 008 004 039 8.760e-01
N 009 056 090 1.389e-01
N 010 069 068 1.933e-01
N 011 089 020 3.573e-01
N 012 061 062 2.421e-01
N 013 047 068 6.996e-01
N 014 039 004 8.059e-01
N 015 022 038 1.913e-01
N 016 020 006 6.171e-01
N 017 074 038 3.985e-02
N 018 044 011 1.979e-01
N 019 078 071 9.427e-01
E 000 001 4.105e+01
E 000 004 8.139e+01
E 000 005 9.323e+01
E 000 012 3.551e+01
E 000 013 3.523e+01
E 001 009 3.041e+01
E 001 010 5.077e+01
E 001 003 6.316e+01
E 001 011 9.795e+01
E 002 003 6.277e+01
E 002 006 1.265e+01
E 002 008 5.917e+01
E 002 009 2.102e+01
E 002 010 1.404e+01
E 002 013 8.062e+00
E 002 015 4.528e+01
E 002 018 5.903e+01
E 003 011 8.963e+01
E 003 005 2.000e+01
E 004 009 7.640e+01
E 004 011 1.456e+01
E 004 015 5.738e+01
E 004 007 8.587e+01
E 005 009 8.130e+01
E 006 009 3.314e+01
E 006 010 1.487e+01
E 006 011 4.763e+01
E 006 012 5.385e+00
E 006 014 5.665e+01
E 006 017 2.421e+01
E 006 019 2.360e+01
E 007 009 9.487e+00
E 007 013 3.158e+01
E 007 014 9.603e+01
E 007 016 9.868e+01
E 007 017 6.451e+01
E 008 011 8.710e+01
E 008 012 6.147e+01
E 008 013 5.187e+01
E 008 015 1.803e+01
E 008 019 8.062e+01
E 009 015 6.213e+01
E 009 017 5.503e+01
E 009 018 7.991e+01
E 010 014 7.068e+01
E 010 017 3.041e+01
E 011 013 6.378e+01
E 011 016 7.041e+01
E 012 014 6.203e+01
E 012 015 4.579e+01
E 012 018 5.376e+01
E 013 014 6.450e+01
E 013 017 4.036e+01
E 013 018 5.708e+01
E 014 015 3.801e+01
E 014 018 8.602e+00
E 014 019 7.752e+01
E 015 016 3.206e+01
E 015 017 5.200e+01
E 016 017 6.277e+01
