N 000 047 086 6.619e-01
N 001 084 052 9.923e-01
N 002 017 082 9.131e-01
N 003 019 089 4.401e-01
N 004 035 095 2.069e-01
N 005 017 083 4.274e-01
N 006 032 095 1.644e-02
N 007 090 067 6.149e-01
N 008 078 067 2.195e-01
N 009 049 089 3.149e-01
N 010 027 005 2.040e-02
N 011 062 070 2.954e-01
N 012 037 020 3.902e-01
N 013 044 086 7.741e-01
N 014 021 042 4.598e-01
N 015 028 091 5.648e-02
N 016 015 034 4.399e-01
N 017 064 043 5.723e-01
N 018 044 016 7.322e-01
N 019 009 003 3.448e-01
E 000 013 3.000e+00
E 001 002 7.341e+01
E 001 004 6.519e+01
E 001 005 7.382e+01
E 001 007 1.616e+01
E 001 010 7.388e+01
E 001 013 5.250e+01
E 001 018 5.381e+01
E 002 003 7.280e+00
E 002 004 2.220e+01
E 002 008 6.282e+01
E 002 013 2.729e+01
E 002 016 4.804e+01
E 002 017 6.107e+01
E 002 018 7.131e+01
E 003 004 1.709e+01
E 003 005 6.325e+00
E 003 006 1.432e+01
E 003 009 3.000e+01
E 003 013 2.518e+01
E 003 014 4.704e+01
E 003 018 7.716e+01
E 004 005 2.163e+01
E 004 007 6.172e+01
E 004 009 1.523e+01
E 004 014 5.482e+01
E 004 015 8.062e+00
E 004 019 9.560e+01
E 005 008 6.306e+01
E 005 012 6.610e+01
E 005 013 2.717e+01
E 005 014 4.119e+01
E 005 016 4.904e+01
E 005 017 6.172e+01
E 005 018 7.224e+01
E 005 019 8.040e+01
E 006 009 1.803e+01
E 006 010 9.014e+01
E 006 015 5.657e+00
E 006 016 6.332e+01
E 006 018 7.991e+01
E 007 011 2.816e+01
E 007 015 6.648e+01
E 007 018 6.868e+01
E 007 019 1.032e+02
E 008 011 1.628e+01
E 008 014 6.224e+01
E 008 018 6.129e+01
E 008 019 9.411e+01
E 009 010 8.683e+01
E 009 014 5.471e+01
E 009 015 2.110e+01
E 009 018 7.317e+01
E 011 018 5.692e+01
E 012 016 2.608e+01
E 013 014 4.965e+01
E 013 016 5.954e+01
E 016 017 4.982e+01
E 016 018 3.413e+01
E 017 019 6.801e+01
