N 000 039 068 7.922e-01
N 001 070 089 4.227e-01
N 002 041 043 9.136e-01
N 003 052 004 7.737e-01
N 004 055 065 1.014e-01
N 005 088 008 7.563e-02
N 006 036 028 3.510e-01
N 007 001 073 2.585e-01
N 008 013 064 1.984e-01
N 009 084 000 3.539e-01
N 010 054 029 9.062e-01
N 011 026 081 8.704e-01
N 012 047 045 7.248e-01
N 013 044 026 2.628e-01
N 014 025 028 2.893e-01
N 015 010 041 1.960e-01
N 016 089 073 2.130e-01
N 017 079 039 5.234e-01
N 018 039 063 1.992e-01
N 019 097 080 1.758e-01
E 000 009 8.154e+01
E 000 002 2.508e+01
E 000 011 1.838e+01
E 000 010 4.179e+01
E 000 015 3.962e+01
E 001 003 8.688e+01
E 001 013 6.815e+01
E 001 007 7.083e+01
E 002 005 5.860e+01
E 002 006 1.581e+01
E 002 007 5.000e+01
E 002 008 3.500e+01
E 002 012 6.325e+00
E 002 013 1.726e+01
E 003 006 2.884e+01
E 003 010 2.508e+01
E 003 012 4.130e+01
E 003 014 3.612e+01
E 003 016 7.829e+01
E 003 019 8.832e+01
E 004 007 5.459e+01
E 004 009 7.118e+01
E 004 010 3.601e+01
E 004 014 4.763e+01
E 004 016 3.493e+01
E 004 019 4.460e+01
E 005 008 9.360e+01
E 005 009 8.944e+00
E 005 012 5.523e+01
E 005 017 3.228e+01
E 005 018 7.366e+01
E 005 019 7.256e+01
E 006 008 4.272e+01
E 006 009 5.557e+01
E 006 010 1.803e+01
E 006 016 6.953e+01
E 007 008 1.500e+01
E 007 009 1.105e+02
E 007 016 8.800e+01
E 007 017 8.509e+01
E 008 009 9.559e+01
E 008 016 7.653e+01
E 009 015 8.460e+01
E 009 016 7.317e+01
E 010 012 1.746e+01
E 010 013 1.044e+01
E 010 015 4.561e+01
E 010 018 3.716e+01
E 011 017 6.762e+01
E 011 012 4.168e+01
E 011 013 5.787e+01
E 011 014 5.301e+01
E 012 014 2.780e+01
E 013 015 3.716e+01
E 013 018 3.734e+01
E 014 015 1.985e+01
E 014 018 3.770e+01
E 016 017 3.544e+01
E 017 018 4.665e+01
E 017 019 4.478e+01
