N 000 083 037 5.200e-01
N 001 076 013 9.701e-01
N 002 049 026 7.789e-01
N 003 005 035 7.765e-01
N 004 041 014 3.436e-01
N 005 006 099 1.357e-01
N 006 027 023 5.195e-01
N 007 033 073 6.426e-02
N 008 090 051 7.813e-01
N 009 065 044 4.758e-02
N 010 036 080 9.724e-01
N 011 025 045 1.732e-01
N 012 000 053 1.915e-01
N 013 086 071 7.537e-01
N 014 031 099 3.009e-01
N 015 020 024 3.599e-01
N 016 009 058 9.844e-01
N 017 070 048 9.268e-01
N 018 083 061 5.301e-01
N 019 099 038 5.567e-01
E 000 001 2.500e+01
E 000 006 5.772e+01
E 000 011 5.855e+01
E 000 012 8.453e+01
E 000 013 3.413e+01
E 000 016 7.692e+01
E 000 018 2.400e+01
E 001 006 5.001e+01
E 001 011 6.021e+01
E 001 014 9.706e+01
E 001 015 5.707e+01
E 001 017 3.551e+01
E 001 019 3.397e+01
E 002 010 5.554e+01
E 002 011 3.061e+01
E 003 004 4.168e+01
E 003 006 2.506e+01
E 003 012 1.868e+01
E 003 015 1.860e+01
E 003 016 2.335e+01
E 003 018 8.222e+01
E 004 005 9.192e+01
E 004 006 1.664e+01
E 004 007 5.954e+01
E 004 009 3.842e+01
E 004 019 6.277e+01
E 005 012 4.639e+01
E 005 011 5.725e+01
E 006 008 6.894e+01
E 006 010 5.771e+01
E 006 011 2.209e+01
E 006 013 7.606e+01
E 006 014 7.611e+01
E 006 018 6.768e+01
E 007 012 3.859e+01
E 007 013 5.304e+01
E 007 015 5.070e+01
E 007 016 2.830e+01
E 007 019 7.471e+01
E 008 009 2.596e+01
E 008 011 6.528e+01
E 008 012 9.002e+01
E 008 014 7.606e+01
E 009 012 6.562e+01
E 009 019 3.453e+01
E 010 013 5.080e+01
E 010 015 5.824e+01
E 010 016 3.483e+01
E 010 019 7.572e+01
E 011 012 2.625e+01
E 011 013 6.631e+01
E 011 014 5.433e+01
E 011 018 6.017e+01
E 012 018 8.338e+01
E 012 019 1.001e+02
E 013 014 6.172e+01
E 013 017 2.802e+01
E 013 019 3.547e+01
E 014 019 9.135e+01
E 015 018 7.306e+01
