N 000 041 029 5.494e-01
N 001 085 043 3.569e-01
N 002 053 002 5.044e-01
N 003 007 085 9.633e-01
N 004 036 018 4.227e-01
N 005 007 036 3.964e-01
N 006 011 001 1.220e-01
N 007 004 044 6.934e-01
N 008 020 094 4.296e-01
N 009 048 025 4.473e-01
N 010 021 043 4.267e-01
N 011 037 068 3.951e-02
N 012 046 089 6.684e-01
N 013 001 024 1.460e-01
N 014 071 052 5.832e-01
N 015 046 025 3.888e-01
N 016 000 009 9.397e-01
N 017 081 056 2.786e-01
N 018 063 019 8.328e-01
N 019 002 062 8.925e-01
E 000 008 6.831e+01
E 000 002 2.955e+01
E 000 003 6.551e+01
E 000 004 1.208e+01
E 000 006 4.104e+01
E 001 018 3.256e+01
E 001 005 7.831e+01
E 001 006 8.509e+01
E 002 003 9.489e+01
E 002 004 2.335e+01
E 002 006 4.201e+01
E 002 013 5.646e+01
E 002 017 6.083e+01
E 003 005 4.900e+01
E 003 006 8.410e+01
E 003 009 7.267e+01
E 003 013 6.129e+01
E 003 015 7.156e+01
E 003 017 7.948e+01
E 004 007 4.123e+01
E 004 017 5.890e+01
E 004 018 2.702e+01
E 004 019 5.561e+01
E 005 010 1.565e+01
E 005 013 1.342e+01
E 005 014 6.597e+01
E 005 015 4.052e+01
E 006 007 4.357e+01
E 006 013 2.508e+01
E 006 016 1.360e+01
E 006 019 6.166e+01
E 007 018 6.408e+01
E 007 011 4.080e+01
E 007 013 2.022e+01
E 008 009 7.446e+01
E 008 011 3.106e+01
E 008 013 7.253e+01
E 008 015 7.374e+01
E 009 011 4.438e+01
E 009 013 4.701e+01
E 009 015 2.000e+00
E 009 017 4.528e+01
E 009 018 1.616e+01
E 010 017 6.139e+01
E 010 018 4.837e+01
E 010 019 2.687e+01
E 011 012 2.285e+01
E 011 014 3.758e+01
E 012 016 9.228e+01
E 012 017 4.810e+01
E 012 019 5.162e+01
E 012 015 6.400e+01
E 013 017 8.616e+01
E 013 018 6.220e+01
E 014 016 8.301e+01
E 014 017 1.077e+01
E 014 015 3.680e+01
E 015 016 4.870e+01
E 015 019 5.749e+01
E 016 018 6.379e+01
