N 000 001 097 7.376e-01
N 001 000 096 7.833e-01
N 002 090 032 3.951e-01
N 003 005 084 9.980e-01
N 004 026 078 6.113e-01
N 005 033 065 4.074e-01
N 006 011 066 4.831e-01
N 007 042 017 5.222e-01
N 008 075 029 9.847e-01
N 009 096 025 5.152e-01
N 010 007 059 1.252e-01
N 011 074 084 2.945e-01
N 012 001 004 6.976e-01
N 013 031 025 4.281e-01
N 014 009 082 7.076e-02
N 015 028 042 3.781e-01
N 016 052 091 8.315e-01
N 017 002 005 2.714e-01
N 018 054 012 2.360e-02
N 019 004 056 6.748e-01
E 000 008 1.005e+02
E 000 016 5.135e+01
E 000 011 7.415e+01
E 000 014 1.700e+01
E 000 017 9.201e+01
E 001 008 1.006e+02
E 001 017 9.102e+01
E 001 010 3.766e+01
E 001 005 4.528e+01
E 002 017 9.205e+01
E 002 019 8.929e+01
E 002 015 6.280e+01
E 003 019 2.802e+01
E 003 013 6.447e+01
E 003 005 3.384e+01
E 003 007 7.654e+01
E 004 005 1.476e+01
E 004 008 6.930e+01
E 004 010 2.687e+01
E 004 011 4.837e+01
E 004 014 1.746e+01
E 004 015 3.606e+01
E 004 016 2.907e+01
E 004 018 7.169e+01
E 004 019 3.111e+01
E 005 008 5.532e+01
E 005 016 3.220e+01
E 006 016 4.802e+01
E 006 009 9.437e+01
E 006 015 2.941e+01
E 006 017 6.166e+01
E 006 007 5.798e+01
E 007 009 5.459e+01
E 007 013 1.360e+01
E 007 015 2.865e+01
E 007 017 4.176e+01
E 007 019 5.445e+01
E 008 013 4.418e+01
E 008 015 4.876e+01
E 009 017 9.610e+01
E 009 010 9.527e+01
E 009 014 1.040e+02
E 010 012 5.533e+01
E 010 013 4.162e+01
E 010 014 2.309e+01
E 010 015 2.702e+01
E 010 017 5.423e+01
E 010 019 4.243e+00
E 011 017 1.069e+02
E 011 015 6.229e+01
E 012 013 3.662e+01
E 012 015 4.662e+01
E 013 015 1.726e+01
E 013 016 6.926e+01
E 013 017 3.523e+01
E 013 018 2.642e+01
E 015 018 3.970e+01
E 016 018 7.903e+01
E 017 018 5.247e+01
E 018 019 6.660e+01
