N 000 050 092 2.771e-01
N 001 055 027 5.924e-01
N 002 037 009 8.706e-01
N 003 063 091 6.770e-01
N 004 071 030 9.893e-01
N 005 094 087 5.386e-01
N 006 013 052 2.172e-01
N 007 058 061 2.664e-01
N 008 053 019 3.101e-01
N 009 033 006 3.927e-01
N 010 049 055 2.290e-01
N 011 007 013 8.123e-01
N 012 085 062 6.667e-01
N 013 009 093 3.582e-01
N 014 007 078 1.172e-01
N 015 083 032 7.584e-01
N 016 088 013 6.350e-01
N 017 073 019 4.787e-01
N 018 083 078 1.710e-02
N 019 011 017 6.997e-01
E 000 001 6.519e+01
E 000 006 5.449e+01
E 000 008 7.306e+01
E 000 009 8.766e+01
E 000 012 4.610e+01
E 000 013 4.101e+01
E 000 015 6.848e+01
E 000 016 8.766e+01
E 000 017 7.654e+01
E 001 004 1.628e+01
E 001 007 3.413e+01
E 001 010 2.864e+01
E 001 011 5.000e+01
E 001 015 2.844e+01
E 001 019 4.512e+01
E 002 017 3.736e+01
E 002 019 2.720e+01
E 002 005 9.661e+01
E 003 006 6.341e+01
E 003 010 3.863e+01
E 003 012 3.640e+01
E 003 017 7.269e+01
E 003 018 2.385e+01
E 003 019 9.044e+01
E 004 010 3.330e+01
E 004 018 4.948e+01
E 004 007 3.362e+01
E 005 009 1.014e+02
E 005 010 5.522e+01
E 005 012 2.657e+01
E 005 014 8.746e+01
E 005 019 1.086e+02
E 006 008 5.186e+01
E 006 014 2.668e+01
E 006 015 7.280e+01
E 006 018 7.467e+01
E 007 008 4.230e+01
E 007 009 6.042e+01
E 007 010 1.082e+01
E 007 014 5.376e+01
E 007 016 5.660e+01
E 007 018 3.023e+01
E 008 009 2.385e+01
E 008 012 5.360e+01
E 009 010 5.155e+01
E 009 013 9.025e+01
E 009 014 7.655e+01
E 009 015 5.636e+01
E 009 016 5.544e+01
E 010 012 3.667e+01
E 010 017 4.327e+01
E 010 018 4.105e+01
E 011 016 8.100e+01
E 011 019 5.657e+00
E 011 017 6.627e+01
E 011 015 7.834e+01
E 012 015 3.007e+01
E 012 018 1.612e+01
E 014 015 8.884e+01
E 016 018 6.519e+01
