N 000 060 041 3.428e-01
N 001 085 080 3.821e-01
N 002 020 085 7.710e-01
N 003 062 075 7.835e-01
N 004 024 008 2.943e-01
N 005 006 084 7.747e-01
N 006 091 084 7.355e-01
N 007 045 056 7.480e-01
N 008 034 074 2.795e-01
N 009 046 040 2.109e-01
N 010 025 039 3.794e-01
N 011 093 064 9.793e-01
N 012 076 011 1.386e-01
N 013 053 088 3.930e-01
N 014 053 045 3.364e-01
N 015 076 087 5.953e-01
N 016 054 059 8.993e-01
N 017 013 021 6.514e-01
N 018 040 017 5.403e-01
N 019 009 009 5.443e-01
E 000 016 1.897e+01
E 000 018 3.124e+01
E 000 012 3.400e+01
E 000 005 6.903e+01
E 000 015 4.870e+01
E 001 003 2.354e+01
E 001 005 7.910e+01
E 001 008 5.135e+01
E 001 009 5.587e+01
E 001 010 7.267e+01
E 001 011 1.789e+01
E 001 012 6.958e+01
E 001 014 4.742e+01
E 002 008 1.780e+01
E 002 018 7.088e+01
E 002 010 4.627e+01
E 002 003 4.317e+01
E 002 005 1.404e+01
E 003 008 2.802e+01
E 003 013 1.581e+01
E 003 015 1.844e+01
E 003 017 7.292e+01
E 003 018 6.203e+01
E 004 016 5.917e+01
E 004 011 8.887e+01
E 004 012 5.209e+01
E 004 013 8.509e+01
E 005 009 5.946e+01
E 005 011 8.927e+01
E 005 012 1.011e+02
E 005 014 6.107e+01
E 005 017 6.339e+01
E 005 019 7.506e+01
E 006 010 7.988e+01
E 006 019 1.111e+02
E 006 012 7.453e+01
E 006 013 3.821e+01
E 006 014 5.445e+01
E 007 016 9.487e+00
E 007 017 4.742e+01
E 007 019 5.920e+01
E 007 014 1.360e+01
E 008 013 2.360e+01
E 008 016 2.500e+01
E 008 018 5.731e+01
E 008 019 6.964e+01
E 009 014 8.602e+00
E 009 016 2.062e+01
E 009 017 3.808e+01
E 009 018 2.377e+01
E 010 018 2.663e+01
E 011 016 3.932e+01
E 011 013 4.665e+01
E 012 016 5.280e+01
E 012 019 6.703e+01
E 013 015 2.302e+01
E 014 018 3.087e+01
E 014 019 5.685e+01
E 017 018 2.729e+01
E 017 019 1.265e+01
