N 000 070 098 4.246e-02
N 001 034 070 7.701e-01
N 002 039 079 6.865e-01
N 003 013 098 9.969e-01
N 004 003 037 4.147e-01
N 005 023 005 3.394e-03
N 006 057 036 8.972e-01
N 007 071 010 3.830e-01
N 008 014 000 2.155e-01
N 009 018 063 8.397e-01
N 010 088 004 2.905e-01
N 011 013 009 2.066e-01
N 012 031 028 1.330e-01
N 013 057 099 4.944e-01
N 014 079 038 3.166e-01
N 015 016 039 9.231e-01
N 016 012 092 5.742e-02
N 017 039 006 9.799e-01
N 018 069 074 1.459e-01
N 019 084 072 1.586e-01
E 000 001 4.561e+01
E 000 002 3.636e+01
E 000 007 8.801e+01
E 000 010 9.571e+01
E 000 016 5.831e+01
E 000 019 2.953e+01
E 001 003 3.500e+01
E 001 005 6.592e+01
E 001 008 7.280e+01
E 001 010 8.528e+01
E 001 011 6.451e+01
E 001 016 3.111e+01
E 001 018 3.523e+01
E 002 011 7.467e+01
E 002 003 3.220e+01
E 002 014 5.728e+01
E 002 017 7.300e+01
E 003 008 9.801e+01
E 003 010 1.203e+02
E 003 006 7.603e+01
E 004 006 5.401e+01
E 004 007 7.316e+01
E 004 010 9.118e+01
E 004 012 2.941e+01
E 004 015 1.315e+01
E 004 017 4.751e+01
E 004 018 7.566e+01
E 005 008 1.030e+01
E 005 009 5.822e+01
E 005 011 1.077e+01
E 005 012 2.435e+01
E 005 014 6.500e+01
E 005 018 8.293e+01
E 006 008 5.608e+01
E 006 013 6.300e+01
E 006 018 3.985e+01
E 006 019 4.500e+01
E 007 008 5.787e+01
E 007 010 1.803e+01
E 007 011 5.801e+01
E 007 012 4.386e+01
E 007 017 3.225e+01
E 007 018 6.403e+01
E 008 011 9.055e+00
E 008 018 9.220e+01
E 009 017 6.075e+01
E 009 012 3.734e+01
E 009 014 6.592e+01
E 009 015 2.408e+01
E 010 019 6.812e+01
E 011 013 1.002e+02
E 011 019 9.492e+01
E 012 014 4.903e+01
E 013 017 9.473e+01
E 013 015 7.267e+01
E 014 017 5.122e+01
E 014 018 3.736e+01
E 015 018 6.351e+01
E 016 019 7.473e+01
E 016 017 9.014e+01
