N 000 055 016 2.730e-01
N 001 096 074 4.928e-01
N 002 075 061 5.245e-01
N 003 006 010 6.553e-01
N 004 071 096 7.925e-01
N 005 000 083 1.703e-01
N 006 021 000 4.100e-01
N 007 010 003 4.998e-01
N 008 081 090 7.091e-01
N 009 080 070 5.749e-01
N 010 080 044 7.233e-01
N 011 063 085 4.413e-01
N 012 083 050 3.744e-01
N 013 060 096 6.682e-01
N 014 019 082 3.438e-01
N 015 056 072 2.163e-01
N 016 021 016 5.243e-01
N 017 042 064 9.121e-01
N 018 020 020 2.949e-02
N 019 069 037 9.097e-01
E 000 001 7.103e+01
E 000 002 4.924e+01
E 000 003 4.937e+01
E 000 013 8.016e+01
E 000 014 7.518e+01
E 000 016 3.400e+01
E 000 017 4.973e+01
E 001 009 1.649e+01
E 001 018 9.323e+01
E 002 003 8.580e+01
E 002 005 7.816e+01
E 002 008 2.961e+01
E 002 010 1.772e+01
E 002 011 2.683e+01
E 002 017 3.314e+01
E 002 018 6.860e+01
E 003 004 1.078e+02
E 003 010 8.144e+01
E 003 011 9.420e+01
E 003 012 8.677e+01
E 003 014 7.316e+01
E 004 006 1.082e+02
E 004 007 1.112e+02
E 004 008 1.166e+01
E 004 012 4.754e+01
E 004 014 5.385e+01
E 004 017 4.319e+01
E 005 009 8.105e+01
E 005 011 6.303e+01
E 006 010 7.360e+01
E 006 015 8.006e+01
E 006 018 2.002e+01
E 006 007 1.140e+01
E 007 009 9.690e+01
E 007 013 1.056e+02
E 007 017 6.888e+01
E 007 018 1.972e+01
E 007 019 6.810e+01
E 008 012 4.005e+01
E 008 017 4.687e+01
E 008 018 9.285e+01
E 008 019 5.434e+01
E 009 011 2.267e+01
E 009 012 2.022e+01
E 010 011 4.438e+01
E 010 012 6.708e+00
E 010 014 7.187e+01
E 010 017 4.294e+01
E 011 013 1.140e+01
E 011 014 4.410e+01
E 011 016 8.078e+01
E 011 017 2.970e+01
E 011 018 7.794e+01
E 012 017 4.332e+01
E 012 019 1.910e+01
E 013 017 3.672e+01
E 014 019 6.727e+01
E 015 017 1.612e+01
E 017 018 4.919e+01
E 018 019 5.187e+01
