N 000 018 078 5.512e-01
N 001 041 047 3.430e-01
N 002 097 080 3.148e-01
N 003 042 019 3.877e-01
N 004 040 025 6.338e-01
N 005 084 001 9.789e-01
N 006 089 063 6.530e-01
N 007 006 098 3.191e-01
N 008 095 026 3.286e-01
N 009 058 002 4.599e-01
N 010 089 013 8.984e-01
N 011 068 087 7.421e-02
N 012 081 019 4.206e-01
N 013 041 044 9.873e-01
N 014 083 062 5.081e-01
N 015 028 075 4.429e-01
N 016 018 047 1.369e-01
N 017 018 012 3.368e-01
N 018 078 043 8.982e-01
N 019 064 086 4.255e-01
E 000 005 1.014e+02
E 000 008 9.291e+01
E 000 009 8.588e+01
E 000 011 5.080e+01
E 000 012 8.631e+01
E 000 015 1.044e+01
E 000 016 3.100e+01
E 000 017 6.600e+01
E 001 017 4.188e+01
E 001 007 6.185e+01
E 002 019 3.354e+01
E 002 010 6.748e+01
E 002 011 2.983e+01
E 002 005 8.006e+01
E 002 015 6.918e+01
E 003 008 5.346e+01
E 003 010 4.738e+01
E 003 011 7.280e+01
E 003 005 4.569e+01
E 003 007 8.682e+01
E 004 005 5.012e+01
E 004 006 6.201e+01
E 004 010 5.045e+01
E 004 011 6.803e+01
E 004 013 1.903e+01
E 004 014 5.673e+01
E 004 016 3.111e+01
E 005 006 6.220e+01
E 005 010 1.300e+01
E 005 016 8.045e+01
E 005 018 4.243e+01
E 005 019 8.732e+01
E 006 007 9.008e+01
E 006 008 3.748e+01
E 006 013 5.162e+01
E 006 014 6.083e+00
E 007 009 1.092e+02
E 007 013 6.435e+01
E 007 015 3.183e+01
E 008 010 1.432e+01
E 008 012 1.565e+01
E 008 013 5.692e+01
E 009 019 8.421e+01
E 009 011 8.559e+01
E 009 013 4.531e+01
E 010 011 7.692e+01
E 010 012 1.000e+01
E 010 015 8.698e+01
E 011 014 2.915e+01
E 011 015 4.176e+01
E 011 018 4.512e+01
E 012 013 4.717e+01
E 012 014 4.305e+01
E 012 015 7.710e+01
E 013 016 2.319e+01
E 013 019 4.789e+01
E 014 015 5.652e+01
E 014 018 1.965e+01
E 017 019 8.713e+01
E 018 019 4.522e+01
