N 000 058 042 4.240e-01
N 001 043 049 7.657e-01
N 002 070 062 6.800e-01
N 003 007 042 2.071e-02
N 004 096 035 2.730e-01
N 005 020 008 8.685e-01
N 006 002 001 9.989e-01
N 007 004 007 7.068e-01
N 008 031 098 8.380e-01
N 009 090 097 2.509e-01
N 010 041 002 1.149e-01
N 011 075 081 3.381e-01
N 012 009 079 7.859e-01
N 013 053 010 5.686e-01
N 014 047 081 4.846e-01
N 015 057 010 4.542e-01
N 016 021 012 1.408e-01
N 017 024 007 4.527e-01
N 018 064 055 6.670e-01
N 019 044 086 4.407e-02
E 000 017 4.880e+01
E 000 005 5.099e+01
E 000 014 4.052e+01
E 001 002 2.997e+01
E 001 006 6.313e+01
E 001 008 5.045e+01
E 001 012 4.534e+01
E 001 016 4.305e+01
E 001 017 4.610e+01
E 001 018 2.184e+01
E 001 019 3.701e+01
E 002 009 4.031e+01
E 002 011 1.965e+01
E 002 012 6.332e+01
E 002 014 2.983e+01
E 002 018 9.220e+00
E 003 005 3.640e+01
E 003 007 3.513e+01
E 003 010 5.250e+01
E 003 011 7.839e+01
E 003 012 3.705e+01
E 003 013 5.604e+01
E 004 008 9.052e+01
E 004 019 7.284e+01
E 004 010 6.414e+01
E 004 011 5.057e+01
E 004 018 3.774e+01
E 005 006 1.931e+01
E 005 011 9.140e+01
E 005 012 7.185e+01
E 005 019 8.161e+01
E 006 012 7.831e+01
E 006 013 5.179e+01
E 006 014 9.179e+01
E 006 015 5.573e+01
E 006 018 8.222e+01
E 007 008 9.492e+01
E 007 009 1.245e+02
E 007 010 3.734e+01
E 007 017 2.000e+01
E 008 019 1.769e+01
E 009 015 9.305e+01
E 009 013 9.454e+01
E 009 010 1.069e+02
E 010 012 8.338e+01
E 010 013 1.442e+01
E 010 014 7.923e+01
E 010 019 8.405e+01
E 011 016 8.762e+01
E 011 019 3.140e+01
E 012 014 3.805e+01
E 012 017 7.355e+01
E 013 018 4.632e+01
E 013 019 7.653e+01
E 014 015 7.170e+01
E 014 016 7.374e+01
E 015 018 4.554e+01
E 015 019 7.710e+01
E 016 019 7.749e+01
E 018 019 3.689e+01
