N 000 050 092 2.842e-01
N 001 078 012 4.581e-01
N 002 019 080 3.828e-01
N 003 004 079 8.478e-01
N 004 042 094 8.889e-03
N 005 007 059 6.694e-01
N 006 023 067 2.284e-01
N 007 022 090 3.327e-01
N 008 071 019 3.655e-01
N 009 025 050 7.536e-01
N 010 042 039 8.013e-01
N 011 015 016 7.042e-01
N 012 042 079 5.543e-01
N 013 079 090 7.924e-01
N 014 092 071 1.464e-01
N 015 020 090 1.500e-01
N 016 080 054 9.065e-01
N 017 077 067 5.132e-01
N 018 055 018 3.176e-01
N 019 002 094 2.671e-01
E 000 008 7.596e+01
E 000 012 1.526e+01
E 001 009 6.522e+01
E 001 002 9.003e+01
E 001 012 7.606e+01
E 001 010 4.500e+01
E 001 007 9.602e+01
E 002 004 2.693e+01
E 002 006 1.360e+01
E 002 007 1.044e+01
E 002 009 3.059e+01
E 002 013 6.083e+01
E 002 014 7.355e+01
E 002 016 6.631e+01
E 002 018 7.169e+01
E 003 008 8.994e+01
E 003 010 5.517e+01
E 003 015 1.942e+01
E 003 014 8.836e+01
E 003 007 2.110e+01
E 004 017 4.420e+01
E 004 012 1.500e+01
E 005 006 1.789e+01
E 005 007 3.444e+01
E 005 014 8.584e+01
E 005 015 3.362e+01
E 005 016 7.317e+01
E 005 017 7.046e+01
E 005 018 6.313e+01
E 006 009 1.712e+01
E 006 011 5.162e+01
E 006 017 5.400e+01
E 006 019 3.421e+01
E 007 012 2.283e+01
E 007 014 7.253e+01
E 007 015 2.000e+00
E 007 016 6.826e+01
E 007 017 5.962e+01
E 007 019 2.040e+01
E 008 015 8.742e+01
E 009 012 3.362e+01
E 009 015 4.031e+01
E 009 016 5.515e+01
E 009 017 5.471e+01
E 009 019 4.965e+01
E 010 019 6.801e+01
E 010 012 4.000e+01
E 011 014 9.463e+01
E 011 018 4.005e+01
E 011 012 6.854e+01
E 011 013 9.784e+01
E 012 016 4.549e+01
E 013 017 2.309e+01
E 014 019 9.289e+01
E 015 016 6.997e+01
E 015 018 8.006e+01
E 015 019 1.844e+01
E 016 018 4.383e+01
E 017 018 5.371e+01
E 017 019 7.971e+01
