N 000 051 080 5.663e-01
N 001 039 009 5.744e-01
N 002 092 045 9.172e-01
N 003 033 012 9.141e-01
N 004 020 090 8.136e-01
N 005 006 017 9.689e-01
N 006 096 045 6.309e-01
N 007 062 015 6.632e-01
N 008 096 018 2.471e-01
N 009 008 038 1.807e-01
N 010 072 034 7.723e-01
N 011 081 029 3.589e-01
N 012 052 086 4.937e-01
N 013 008 015 5.251e-03
N 014 073 073 6.293e-01
N 015 067 048 7.320e-01
N 016 040 055 3.442e-01
N 017 076 035 3.356e-02
N 018 082 069 4.026e-01
N 019 014 094 7.181e-01
E 000 005 7.742e+01
E 000 008 7.661e+01
E 000 009 6.011e+01
E 000 010 5.057e+01
E 000 013 7.794e+01
E 000 018 3.289e+01
E 001 008 5.771e+01
E 001 010 4.140e+01
E 001 011 4.652e+01
E 001 012 7.809e+01
E 001 018 7.382e+01
E 002 003 6.760e+01
E 002 005 9.044e+01
E 002 006 4.000e+00
E 002 009 8.429e+01
E 002 010 2.283e+01
E 002 012 5.728e+01
E 002 016 5.295e+01
E 002 019 9.211e+01
E 003 008 6.329e+01
E 003 012 7.640e+01
E 003 018 7.517e+01
E 004 017 7.849e+01
E 004 012 3.225e+01
E 004 013 7.595e+01
E 004 007 8.596e+01
E 005 006 9.425e+01
E 005 010 6.815e+01
E 005 011 7.595e+01
E 005 015 6.843e+01
E 005 016 5.099e+01
E 005 017 7.228e+01
E 005 018 9.209e+01
E 006 007 4.534e+01
E 006 010 2.640e+01
E 006 016 5.689e+01
E 006 018 2.778e+01
E 007 017 2.441e+01
E 007 010 2.147e+01
E 007 014 5.903e+01
E 008 009 9.024e+01
E 008 010 2.884e+01
E 008 018 5.289e+01
E 008 019 1.118e+02
E 009 013 2.300e+01
E 009 014 7.382e+01
E 009 015 5.984e+01
E 009 018 8.023e+01
E 010 017 4.123e+00
E 010 019 8.345e+01
E 011 018 4.001e+01
E 011 012 6.395e+01
E 011 015 2.360e+01
E 013 014 8.711e+01
E 013 017 7.088e+01
E 014 019 6.263e+01
E 015 018 2.581e+01
E 016 017 4.118e+01
E 016 018 4.427e+01
E 017 019 8.559e+01
