N 000 093 050 2.414e-01
N 001 008 015 2.090e-02
N 002 054 016 4.006e-01
N 003 089 013 4.676e-01
N 004 052 059 9.091e-01
N 005 047 055 2.154e-01
N 006 012 039 2.339e-02
N 007 087 032 6.050e-01
N 008 004 081 1.286e-01
N 009 089 064 3.007e-01
N 010 028 064 5.073e-01
N 011 024 009 1.791e-02
N 012 001 046 3.628e-01
N 013 017 064 1.691e-01
N 014 087 096 2.412e-01
N 015 042 019 6.791e-02
N 016 091 014 4.365e-01
N 017 086 042 5.481e-01
N 018 063 028 5.784e-01
N 019 093 056 4.135e-01
E 000 001 9.192e+01
E 000 003 3.722e+01
E 000 004 4.198e+01
E 000 006 8.174e+01
E 000 008 9.424e+01
E 000 011 8.026e+01
E 000 016 3.606e+01
E 000 019 6.000e+00
E 001 002 4.601e+01
E 001 003 8.102e+01
E 001 005 5.587e+01
E 001 010 5.292e+01
E 001 015 3.423e+01
E 001 019 9.437e+01
E 002 004 4.305e+01
E 002 017 4.123e+01
E 002 014 8.654e+01
E 002 007 3.667e+01
E 003 010 7.951e+01
E 003 004 5.903e+01
E 003 005 5.940e+01
E 004 006 4.472e+01
E 004 007 4.420e+01
E 004 009 3.734e+01
E 004 013 3.536e+01
E 004 018 3.289e+01
E 005 006 3.848e+01
E 005 008 5.025e+01
E 005 009 4.295e+01
E 005 017 4.111e+01
E 005 019 4.601e+01
E 006 011 3.231e+01
E 006 012 1.304e+01
E 006 013 2.550e+01
E 006 016 8.286e+01
E 006 018 5.217e+01
E 007 011 6.707e+01
E 007 015 4.684e+01
E 007 016 1.844e+01
E 007 017 1.005e+01
E 008 011 7.473e+01
E 008 012 3.513e+01
E 008 014 8.434e+01
E 008 015 7.272e+01
E 008 016 1.098e+02
E 009 012 8.982e+01
E 009 018 4.441e+01
E 009 011 8.515e+01
E 010 018 5.021e+01
E 010 012 3.245e+01
E 011 013 5.544e+01
E 011 017 7.024e+01
E 013 016 8.931e+01
E 013 019 7.642e+01
E 014 017 5.401e+01
E 014 019 4.045e+01
E 015 018 2.285e+01
E 015 017 4.965e+01
E 016 018 3.130e+01
E 018 019 4.104e+01
