N 000 085 067 9.356e-01
N 001 017 073 3.438e-01
N 002 029 002 4.946e-01
N 003 096 066 6.368e-01
N 004 082 045 3.699e-02
N 005 097 078 6.602e-01
N 006 019 047 7.705e-02
N 007 049 024 5.691e-01
N 008 024 022 2.900e-01
N 009 030 066 1.422e-01
N 010 037 063 7.372e-01
N 011 056 031 3.996e-01
N 012 055 026 8.841e-01
N 013 084 022 9.570e-02
N 014 011 098 5.084e-01
N 015 032 040 6.346e-01
N 016 082 013 9.007e-01
N 017 024 003 6.150e-01
N 018 006 000 8.005e-01
N 019 089 075 6.040e-01
E 000 019 8.944e+00
E 000 001 6.826e+01
E 000 011 4.623e+01
E 000 005 1.628e+01
E 001 006 2.608e+01
E 001 012 6.044e+01
E 001 014 2.571e+01
E 001 015 3.625e+01
E 001 016 8.846e+01
E 002 004 6.825e+01
E 002 010 6.152e+01
E 002 014 9.767e+01
E 002 016 5.413e+01
E 002 017 5.099e+00
E 002 018 2.309e+01
E 003 019 1.140e+01
E 003 013 4.561e+01
E 004 007 3.912e+01
E 004 008 6.239e+01
E 004 009 5.608e+01
E 004 015 5.025e+01
E 004 017 7.161e+01
E 005 007 7.225e+01
E 005 011 6.237e+01
E 005 013 5.749e+01
E 005 014 8.829e+01
E 005 017 1.047e+02
E 006 008 2.550e+01
E 006 014 5.162e+01
E 006 009 2.195e+01
E 007 009 4.610e+01
E 007 014 8.319e+01
E 007 016 3.479e+01
E 007 017 3.265e+01
E 008 009 4.441e+01
E 008 019 8.387e+01
E 008 014 7.710e+01
E 009 012 4.717e+01
E 009 014 3.722e+01
E 009 018 7.023e+01
E 010 012 4.115e+01
E 010 015 2.354e+01
E 010 016 6.727e+01
E 010 017 6.139e+01
E 010 018 7.021e+01
E 011 017 4.252e+01
E 011 019 5.500e+01
E 011 012 5.099e+00
E 012 013 2.927e+01
E 012 018 5.547e+01
E 013 015 5.503e+01
E 013 016 9.220e+00
E 013 018 8.104e+01
E 014 015 6.168e+01
E 015 018 4.771e+01
E 015 019 6.689e+01
E 016 018 7.710e+01
E 016 019 6.239e+01
E 017 019 9.700e+01
E 018 019 1.119e+02
