N 000 065 078 7.592e-01
N 001 009 046 1.270e-01
N 002 093 060 2.769e-01
N 003 086 080 1.313e-02
N 004 056 078 3.822e-01
N 005 076 071 1.963e-03
N 006 022 014 1.978e-01
N 007 083 095 3.862e-01
N 008 065 015 8.803e-01
N 009 064 083 2.939e-01
N 010 072 077 8.150e-01
N 011 031 033 6.937e-01
N 012 021 006 9.402e-01
N 013 090 029 4.824e-01
N 014 053 033 5.325e-01
N 015 009 046 7.229e-03
N 016 037 080 4.180e-01
N 017 019 012 8.024e-01
N 018 043 049 4.100e-01
N 019 038 036 3.535e-01
E 000 001 6.450e+01
E 000 003 2.110e+01
E 000 008 6.300e+01
E 000 009 5.099e+00
E 000 012 8.438e+01
E 000 013 5.501e+01
E 000 014 4.657e+01
E 001 002 8.516e+01
E 001 003 8.417e+01
E 001 005 7.151e+01
E 001 009 6.629e+01
E 001 016 4.405e+01
E 002 004 4.115e+01
E 002 005 2.025e+01
E 002 008 5.300e+01
E 002 013 3.114e+01
E 002 014 4.826e+01
E 002 019 6.001e+01
E 003 004 3.007e+01
E 003 012 9.849e+01
E 003 014 5.743e+01
E 003 016 4.900e+01
E 004 016 1.910e+01
E 004 017 7.566e+01
E 004 005 2.119e+01
E 005 010 7.211e+00
E 005 012 8.515e+01
E 005 016 4.002e+01
E 005 018 3.966e+01
E 006 009 8.078e+01
E 006 018 4.082e+01
E 006 012 8.062e+00
E 006 015 3.454e+01
E 007 019 7.420e+01
E 007 010 2.110e+01
E 007 018 6.096e+01
E 007 013 6.637e+01
E 008 009 6.801e+01
E 008 010 6.239e+01
E 008 011 3.847e+01
E 008 012 4.491e+01
E 008 015 6.401e+01
E 009 011 5.991e+01
E 009 015 6.629e+01
E 009 018 3.996e+01
E 009 019 5.371e+01
E 010 011 6.014e+01
E 010 012 8.742e+01
E 010 015 7.021e+01
E 010 017 8.387e+01
E 010 019 5.326e+01
E 011 016 4.738e+01
E 012 014 4.187e+01
E 012 015 4.176e+01
E 013 018 5.108e+01
E 014 016 4.965e+01
E 015 019 3.068e+01
E 016 017 7.034e+01
E 017 019 3.061e+01
E 018 019 1.393e+01
