N 000 096 054 5.228e-01
N 001 087 045 6.538e-01
N 002 097 022 5.291e-01
N 003 047 084 1.812e-01
N 004 053 013 3.722e-01
N 005 086 075 2.333e-01
N 006 067 018 3.375e-02
N 007 025 049 8.343e-01
N 008 080 002 5.369e-01
N 009 021 096 2.625e-01
N 010 072 097 5.975e-01
N 011 005 004 1.863e-01
N 012 089 066 2.420e-02
N 013 075 072 8.374e-01
N 014 074 087 7.872e-01
N 015 036 053 8.259e-01
N 016 088 051 4.864e-01
N 017 041 053 1.762e-01
N 018 069 002 5.431e-01
N 019 032 021 4.639e-01
E 000 002 3.202e+01
E 000 003 5.745e+01
E 000 005 2.326e+01
E 000 006 4.623e+01
E 000 007 7.118e+01
E 000 008 5.441e+01
E 000 009 8.596e+01
E 000 017 5.501e+01
E 000 018 5.859e+01
E 001 008 4.357e+01
E 001 016 6.083e+00
E 001 019 6.001e+01
E 001 006 3.360e+01
E 001 007 6.213e+01
E 002 015 6.843e+01
E 002 013 5.463e+01
E 002 007 7.690e+01
E 003 004 7.125e+01
E 003 005 4.002e+01
E 003 006 6.896e+01
E 003 010 2.818e+01
E 003 013 3.046e+01
E 003 016 5.263e+01
E 004 017 4.176e+01
E 004 005 7.024e+01
E 004 014 7.692e+01
E 004 013 6.297e+01
E 005 008 7.325e+01
E 005 015 5.463e+01
E 005 017 5.009e+01
E 006 009 9.055e+01
E 006 011 6.356e+01
E 006 012 5.280e+01
E 007 013 5.504e+01
E 007 014 6.201e+01
E 007 018 6.438e+01
E 008 015 6.736e+01
E 008 018 1.100e+01
E 008 019 5.162e+01
E 009 016 8.071e+01
E 009 018 1.055e+02
E 009 012 7.432e+01
E 011 012 1.044e+02
E 011 013 9.759e+01
E 011 014 1.079e+02
E 011 015 5.798e+01
E 011 018 6.403e+01
E 012 013 1.523e+01
E 012 015 5.457e+01
E 012 016 1.503e+01
E 012 018 6.705e+01
E 012 019 7.262e+01
E 013 014 1.503e+01
E 013 017 3.895e+01
E 013 019 6.671e+01
E 014 016 3.863e+01
E 015 016 5.204e+01
E 015 018 6.075e+01
E 016 017 4.704e+01
E 017 019 3.324e+01
