N 000 055 061 1.464e-01
N 001 077 044 6.795e-01
N 002 050 011 6.685e-01
N 003 073 047 3.463e-01
N 004 046 017 8.313e-01
N 005 066 017 1.597e-01
N 006 000 017 6.912e-01
N 007 063 013 1.966e-01
N 008 043 090 3.006e-01
N 009 098 000 6.034e-01
N 010 027 028 9.888e-01
N 011 012 016 6.618e-01
N 012 029 058 4.668e-01
N 013 068 084 7.119e-02
N 014 002 077 8.685e-02
N 015 061 030 6.360e-01
N 016 008 061 4.521e-01
N 017 036 076 6.861e-01
N 018 061 061 2.711e-01
N 019 029 076 9.334e-01
E 000 004 4.491e+01
E 000 005 4.535e+01
E 000 006 7.043e+01
E 000 007 4.866e+01
E 000 010 4.328e+01
E 000 019 3.002e+01
E 001 002 4.264e+01
E 001 004 4.111e+01
E 001 005 2.915e+01
E 001 006 8.160e+01
E 001 009 4.875e+01
E 001 010 5.250e+01
E 001 019 5.769e+01
E 002 003 4.272e+01
E 002 017 6.649e+01
E 003 004 4.036e+01
E 003 005 3.081e+01
E 003 009 5.324e+01
E 003 011 6.843e+01
E 003 012 4.535e+01
E 003 013 3.734e+01
E 003 018 1.844e+01
E 003 019 5.270e+01
E 004 005 2.000e+01
E 004 014 7.440e+01
E 004 016 5.814e+01
E 004 017 5.984e+01
E 005 007 5.000e+00
E 005 012 5.523e+01
E 006 010 2.915e+01
E 006 019 6.574e+01
E 006 015 6.237e+01
E 007 008 7.956e+01
E 007 009 3.734e+01
E 007 012 5.640e+01
E 007 015 1.712e+01
E 008 009 1.055e+02
E 008 011 8.023e+01
E 008 012 3.493e+01
E 008 013 2.571e+01
E 008 016 4.545e+01
E 009 011 8.748e+01
E 009 013 8.920e+01
E 009 014 1.231e+02
E 009 015 4.763e+01
E 009 019 1.026e+02
E 010 017 4.884e+01
E 010 016 3.808e+01
E 011 012 4.531e+01
E 011 013 8.809e+01
E 011 014 6.181e+01
E 011 017 6.462e+01
E 012 014 3.302e+01
E 012 016 2.121e+01
E 013 019 3.981e+01
E 015 018 3.100e+01
E 016 017 3.176e+01
E 016 019 2.581e+01
E 017 018 2.915e+01
E 018 019 3.534e+01
