N 000 011 056 3.428e-01
N 001 008 083 4.226e-01
N 002 085 051 1.336e-01
N 003 047 082 3.064e-01
N 004 006 031 9.812e-01
N 005 095 048 4.392e-01
N 006 050 006 3.605e-02
N 007 060 056 2.695e-02
N 008 048 028 8.634e-01
N 009 022 071 7.560e-01
N 010 036 042 2.903e-01
N 011 067 083 5.865e-01
N 012 081 033 3.442e-01
N 013 005 022 9.887e-01
N 014 092 083 1.172e-01
N 015 098 028 9.395e-01
N 016 028 077 6.004e-01
N 017 032 034 5.970e-01
N 018 020 029 9.858e-02
N 019 072 055 7.027e-01
E 000 008 4.640e+01
E 000 001 2.717e+01
E 000 010 2.865e+01
E 000 014 8.538e+01
E 000 009 1.860e+01
E 001 003 3.901e+01
E 001 005 9.378e+01
E 001 006 8.771e+01
E 001 007 5.859e+01
E 001 014 8.400e+01
E 001 016 2.088e+01
E 001 018 5.532e+01
E 001 019 6.986e+01
E 002 016 6.265e+01
E 002 004 8.149e+01
E 002 013 8.509e+01
E 002 006 5.701e+01
E 002 015 2.642e+01
E 003 006 7.606e+01
E 003 007 2.907e+01
E 003 009 2.731e+01
E 003 010 4.148e+01
E 003 016 1.965e+01
E 003 019 3.680e+01
E 004 018 1.414e+01
E 004 010 3.195e+01
E 005 015 2.022e+01
E 005 013 9.368e+01
E 005 009 7.654e+01
E 006 007 5.099e+01
E 006 009 7.077e+01
E 006 012 4.111e+01
E 006 017 3.329e+01
E 007 019 1.204e+01
E 007 018 4.826e+01
E 008 009 5.025e+01
E 008 011 5.819e+01
E 008 012 3.338e+01
E 008 015 5.000e+01
E 008 017 1.709e+01
E 008 019 3.612e+01
E 009 011 4.657e+01
E 009 012 7.018e+01
E 009 015 8.732e+01
E 010 012 4.589e+01
E 010 013 3.689e+01
E 010 015 6.356e+01
E 011 018 7.159e+01
E 011 016 3.946e+01
E 012 016 6.888e+01
E 012 017 4.901e+01
E 012 018 6.113e+01
E 012 019 2.377e+01
E 013 014 1.063e+02
E 013 015 9.319e+01
E 013 019 7.469e+01
E 014 018 9.000e+01
E 014 017 7.747e+01
E 016 017 4.319e+01
E 017 018 1.300e+01
