N 000 062 091 2.304e-01
N 001 007 052 9.421e-01
N 002 000 015 3.389e-01
N 003 003 042 2.128e-01
N 004 054 035 1.158e-01
N 005 090 011 1.995e-01
N 006 024 075 2.670e-01
N 007 000 008 3.460e-01
N 008 049 064 5.438e-01
N 009 017 004 7.961e-01
N 010 005 088 9.649e-01
N 011 067 099 6.317e-01
N 012 096 089 4.094e-01
N 013 084 094 1.633e-01
N 014 053 026 1.864e-01
N 015 073 026 8.124e-01
N 016 019 087 7.958e-02
N 017 065 008 3.699e-01
N 018 032 074 4.313e-01
N 019 065 032 5.312e-01
E 000 005 8.476e+01
E 000 006 4.123e+01
E 000 007 1.036e+02
E 000 009 9.795e+01
E 000 014 6.562e+01
E 000 017 8.305e+01
E 000 018 3.448e+01
E 001 008 4.368e+01
E 001 002 3.766e+01
E 001 010 3.606e+01
E 001 005 9.257e+01
E 001 015 7.094e+01
E 002 017 6.538e+01
E 002 014 5.413e+01
E 002 006 6.462e+01
E 002 007 7.000e+00
E 003 008 5.099e+01
E 003 016 4.776e+01
E 003 011 8.570e+01
E 003 012 1.042e+02
E 003 019 6.280e+01
E 004 017 2.915e+01
E 004 018 4.478e+01
E 004 011 6.531e+01
E 004 007 6.037e+01
E 005 007 9.005e+01
E 005 008 6.701e+01
E 005 012 7.823e+01
E 005 013 8.322e+01
E 005 014 3.992e+01
E 005 018 8.563e+01
E 005 019 3.265e+01
E 006 008 2.731e+01
E 006 018 8.062e+00
E 006 007 7.117e+01
E 007 008 7.441e+01
E 007 009 1.746e+01
E 007 013 1.202e+02
E 007 015 7.519e+01
E 008 009 6.800e+01
E 008 011 3.936e+01
E 008 016 3.780e+01
E 008 017 5.824e+01
E 009 013 1.122e+02
E 009 014 4.219e+01
E 009 018 7.159e+01
E 010 017 1.000e+02
E 010 014 7.841e+01
E 010 015 9.202e+01
E 011 013 1.772e+01
E 011 015 7.325e+01
E 011 019 6.703e+01
E 012 018 6.573e+01
E 012 014 7.628e+01
E 013 017 8.807e+01
E 013 019 6.485e+01
E 014 018 5.239e+01
E 015 017 1.970e+01
E 016 017 9.142e+01
E 016 018 1.838e+01
