N 000 098 011 9.611e-01
N 001 084 096 6.836e-02
N 002 096 082 2.676e-01
N 003 023 044 4.069e-01
N 004 016 076 9.151e-03
N 005 077 012 5.118e-01
N 006 090 055 7.638e-02
N 007 050 080 4.616e-01
N 008 009 072 8.202e-02
N 009 050 070 1.028e-01
N 010 023 035 1.248e-01
N 011 016 051 4.704e-01
N 012 093 004 8.910e-01
N 013 072 097 1.693e-01
N 014 010 037 6.226e-01
N 015 021 081 6.410e-02
N 016 068 070 1.227e-01
N 017 003 049 5.794e-01
N 018 043 000 3.585e-01
N 019 011 095 6.238e-01
E 000 001 8.615e+01
E 000 012 8.602e+00
E 000 009 7.606e+01
E 001 002 1.844e+01
E 001 005 8.429e+01
E 001 008 7.875e+01
E 001 016 3.053e+01
E 001 019 7.301e+01
E 002 006 2.766e+01
E 002 007 4.604e+01
E 002 008 8.757e+01
E 002 012 7.806e+01
E 002 015 7.501e+01
E 002 018 9.764e+01
E 003 015 3.705e+01
E 003 016 5.197e+01
E 003 018 4.833e+01
E 003 011 9.899e+00
E 003 007 4.500e+01
E 004 019 1.965e+01
E 004 011 2.500e+01
E 004 012 1.054e+02
E 004 006 7.692e+01
E 005 007 7.316e+01
E 005 009 6.398e+01
E 005 010 5.869e+01
E 005 011 7.240e+01
E 005 014 7.151e+01
E 005 018 3.606e+01
E 006 007 4.717e+01
E 006 009 4.272e+01
E 006 013 4.569e+01
E 006 016 2.663e+01
E 007 010 5.248e+01
E 007 012 8.732e+01
E 007 018 8.031e+01
E 008 011 2.214e+01
E 008 013 6.778e+01
E 008 015 1.500e+01
E 008 016 5.903e+01
E 008 017 2.377e+01
E 009 010 4.420e+01
E 009 016 1.800e+01
E 009 017 5.148e+01
E 010 019 6.119e+01
E 010 014 1.315e+01
E 011 012 9.021e+01
E 011 016 5.536e+01
E 011 017 1.315e+01
E 011 018 5.771e+01
E 012 015 1.054e+02
E 012 016 7.058e+01
E 012 018 5.016e+01
E 013 018 1.012e+02
E 014 017 1.389e+01
E 014 019 5.801e+01
E 014 015 4.535e+01
E 016 017 6.831e+01
E 016 018 7.433e+01
E 018 019 1.002e+02
