N 000 081 054 7.430e-01
N 001 009 062 7.613e-01
N 002 041 086 3.084e-01
N 003 063 096 1.071e-01
N 004 069 086 7.067e-01
N 005 052 080 6.865e-01
N 006 085 053 2.584e-01
N 007 023 065 9.359e-02
N 008 071 026 2.954e-01
N 009 029 027 3.382e-01
N 010 022 066 1.306e-01
N 011 097 089 5.875e-01
N 012 016 018 4.639e-01
N 013 011 033 1.673e-01
N 014 064 029 8.766e-01
N 015 050 018 8.656e-01
N 016 074 061 1.473e-01
N 017 034 063 4.786e-01
N 018 045 037 8.125e-01
N 019 095 059 6.674e-01
E 000 002 5.122e+01
E 000 003 4.569e+01
E 000 004 3.418e+01
E 000 005 3.895e+01
E 000 009 5.859e+01
E 000 013 7.308e+01
E 000 014 3.023e+01
E 000 017 4.785e+01
E 000 019 1.487e+01
E 001 007 1.432e+01
E 001 008 7.169e+01
E 001 011 9.205e+01
E 001 013 2.907e+01
E 001 016 6.501e+01
E 001 017 2.502e+01
E 001 019 8.605e+01
E 002 006 5.500e+01
E 002 015 6.859e+01
E 003 008 7.046e+01
E 003 009 7.692e+01
E 003 007 5.061e+01
E 004 005 1.803e+01
E 004 007 5.057e+01
E 004 009 7.128e+01
E 004 010 5.108e+01
E 004 011 2.816e+01
E 005 007 3.265e+01
E 005 011 4.589e+01
E 005 012 7.169e+01
E 005 016 2.907e+01
E 005 017 2.476e+01
E 006 007 6.315e+01
E 006 012 7.737e+01
E 006 014 3.189e+01
E 006 015 4.950e+01
E 006 017 5.197e+01
E 006 018 4.308e+01
E 007 008 6.185e+01
E 007 011 7.779e+01
E 007 014 5.456e+01
E 007 015 5.420e+01
E 008 009 4.201e+01
E 008 014 7.616e+00
E 008 015 2.247e+01
E 008 017 5.233e+01
E 008 018 2.823e+01
E 008 019 4.080e+01
E 009 010 3.962e+01
E 009 016 5.640e+01
E 009 017 3.635e+01
E 011 014 6.848e+01
E 011 015 8.515e+01
E 011 016 3.624e+01
E 012 017 4.847e+01
E 012 019 8.901e+01
E 013 017 3.780e+01
E 014 019 4.314e+01
E 016 017 4.005e+01
E 016 018 3.764e+01
E 017 018 2.823e+01
