N 000 049 084 3.096e-01
N 001 086 048 7.975e-01
N 002 096 086 3.176e-01
N 003 009 011 4.378e-01
N 004 008 081 3.329e-01
N 005 067 028 5.695e-01
N 006 018 004 8.709e-01
N 007 071 019 9.078e-01
N 008 037 070 8.470e-01
N 009 082 072 1.697e-01
N 010 022 037 6.993e-03
N 011 041 005 3.785e-01
N 012 051 034 1.256e-01
N 013 092 038 1.446e-01
N 014 085 016 8.828e-01
N 015 018 079 6.362e-01
N 016 085 003 7.889e-01
N 017 098 049 1.264e-01
N 018 044 040 1.260e-01
N 019 088 027 2.783e-01
E 000 008 1.844e+01
E 000 003 8.324e+01
E 000 013 6.297e+01
E 000 006 8.580e+01
E 000 015 3.140e+01
E 001 009 2.433e+01
E 001 010 6.494e+01
E 002 004 8.814e+01
E 002 006 1.132e+02
E 002 009 1.980e+01
E 002 010 8.875e+01
E 002 015 7.831e+01
E 002 018 6.943e+01
E 003 004 7.001e+01
E 003 009 9.513e+01
E 003 010 2.907e+01
E 003 011 3.256e+01
E 003 012 4.789e+01
E 003 018 4.545e+01
E 004 005 7.931e+01
E 004 007 8.839e+01
E 004 010 4.617e+01
E 004 014 1.008e+02
E 004 018 5.456e+01
E 005 006 5.456e+01
E 005 009 4.649e+01
E 005 012 1.709e+01
E 005 013 2.693e+01
E 005 014 2.163e+01
E 005 015 7.072e+01
E 005 017 3.744e+01
E 006 009 9.338e+01
E 006 010 3.324e+01
E 006 012 4.460e+01
E 006 016 6.701e+01
E 007 008 6.129e+01
E 007 015 8.006e+01
E 008 017 6.451e+01
E 008 019 6.671e+01
E 008 012 3.863e+01
E 009 014 5.608e+01
E 009 016 6.907e+01
E 009 018 4.968e+01
E 010 014 6.641e+01
E 011 017 7.201e+01
E 011 018 3.513e+01
E 011 012 3.068e+01
E 011 014 4.535e+01
E 012 015 5.580e+01
E 012 016 4.601e+01
E 012 017 4.934e+01
E 013 014 2.309e+01
E 013 015 8.460e+01
E 013 017 1.253e+01
E 013 018 4.804e+01
E 015 016 1.013e+02
E 015 017 8.544e+01
E 015 018 4.687e+01
E 016 019 2.419e+01
E 017 019 2.417e+01
