N 000 045 029 4.202e-01
N 001 037 034 2.187e-01
N 002 087 029 4.587e-01
N 003 057 088 7.918e-01
N 004 057 027 6.714e-02
N 005 023 099 8.193e-01
N 006 091 016 7.101e-01
N 007 014 025 3.627e-01
N 008 033 031 6.406e-01
N 009 006 083 9.323e-01
N 010 046 014 8.760e-01
N 011 008 069 6.318e-01
N 012 026 016 7.181e-01
N 013 030 021 9.387e-01
N 014 099 094 5.634e-01
N 015 010 069 6.625e-02
N 016 087 054 7.267e-01
N 017 039 070 6.688e-01
N 018 024 091 2.605e-01
N 019 051 064 7.879e-01
E 000 002 4.200e+01
E 000 010 1.503e+01
E 000 011 5.449e+01
E 000 012 2.302e+01
E 000 013 1.700e+01
E 000 017 4.144e+01
E 001 002 5.025e+01
E 001 009 5.798e+01
E 001 010 2.193e+01
E 001 011 4.545e+01
E 001 017 3.606e+01
E 001 019 3.311e+01
E 002 003 6.619e+01
E 002 013 5.756e+01
E 002 015 8.677e+01
E 003 005 3.574e+01
E 003 006 7.962e+01
E 003 007 7.628e+01
E 003 013 7.224e+01
E 003 014 4.243e+01
E 003 015 5.070e+01
E 003 016 4.534e+01
E 003 019 2.474e+01
E 004 006 3.574e+01
E 004 007 4.305e+01
E 004 009 7.574e+01
E 004 011 6.454e+01
E 004 014 7.908e+01
E 004 019 3.748e+01
E 005 011 3.354e+01
E 005 016 7.824e+01
E 005 018 8.062e+00
E 005 017 3.312e+01
E 006 009 1.082e+02
E 006 011 9.848e+01
E 006 013 6.120e+01
E 006 015 9.680e+01
E 006 017 7.497e+01
E 006 019 6.248e+01
E 007 009 5.855e+01
E 007 016 7.855e+01
E 007 017 5.148e+01
E 007 018 6.675e+01
E 008 009 5.859e+01
E 008 018 6.067e+01
E 008 013 1.044e+01
E 008 014 9.124e+01
E 009 011 1.414e+01
E 009 017 3.547e+01
E 009 019 4.885e+01
E 010 018 8.008e+01
E 010 011 6.685e+01
E 010 012 2.010e+01
E 011 015 2.000e+00
E 011 017 3.102e+01
E 012 018 7.503e+01
E 013 015 5.200e+01
E 013 016 6.586e+01
E 017 018 2.581e+01
E 018 019 3.818e+01
