N 000 007 092 4.551e-01
N 001 022 096 9.525e-01
N 002 033 037 9.292e-01
N 003 007 099 9.887e-01
N 004 010 004 4.618e-01
N 005 072 007 6.985e-01
N 006 061 008 8.456e-02
N 007 099 023 5.537e-01
N 008 029 020 8.860e-01
N 009 047 040 8.793e-01
N 010 021 039 1.921e-01
N 011 006 075 1.565e-01
N 012 080 052 6.695e-01
N 013 056 076 8.565e-01
N 014 038 008 7.614e-01
N 015 056 032 1.267e-01
N 016 007 009 2.341e-01
N 017 032 008 6.548e-01
N 018 087 096 3.969e-01
N 019 011 001 9.155e-01
E 000 004 8.805e+01
E 000 005 1.070e+02
E 000 007 1.150e+02
E 000 015 7.747e+01
E 000 016 8.300e+01
E 000 018 8.010e+01
E 001 016 8.828e+01
E 001 012 7.280e+01
E 001 013 3.945e+01
E 001 007 1.061e+02
E 002 007 6.747e+01
E 002 009 1.432e+01
E 002 010 1.217e+01
E 002 013 4.528e+01
E 002 015 2.354e+01
E 002 019 4.219e+01
E 003 004 9.505e+01
E 003 006 1.058e+02
E 003 008 8.201e+01
E 003 010 6.161e+01
E 003 016 9.000e+01
E 003 017 9.437e+01
E 004 005 6.207e+01
E 004 011 7.111e+01
E 004 013 8.544e+01
E 004 014 2.828e+01
E 004 016 5.831e+00
E 005 006 1.105e+01
E 005 008 4.492e+01
E 005 010 6.021e+01
E 005 013 7.083e+01
E 005 019 6.129e+01
E 006 009 3.493e+01
E 006 016 5.401e+01
E 006 018 9.176e+01
E 006 019 5.049e+01
E 007 010 7.962e+01
E 007 013 6.825e+01
E 007 015 4.393e+01
E 008 009 2.691e+01
E 008 010 2.062e+01
E 008 015 2.955e+01
E 009 011 5.391e+01
E 009 013 3.711e+01
E 009 017 3.534e+01
E 009 018 6.882e+01
E 010 013 5.093e+01
E 010 017 3.289e+01
E 010 019 3.929e+01
E 012 013 3.394e+01
E 012 014 6.083e+01
E 012 015 3.124e+01
E 012 017 6.512e+01
E 012 019 8.580e+01
E 013 019 8.746e+01
E 014 016 3.102e+01
E 014 019 2.789e+01
E 015 019 5.464e+01
E 016 017 2.502e+01
E 017 018 1.038e+02
