N 000 051 062 2.881e-01
N 001 081 084 8.613e-01
N 002 058 023 2.737e-02
N 003 087 023 4.898e-01
N 004 090 009 5.151e-01
N 005 045 048 7.552e-01
N 006 076 059 5.684e-01
N 007 076 058 8.130e-04
N 008 026 014 8.701e-01
N 009 019 027 5.158e-02
N 010 022 054 3.905e-01
N 011 098 086 4.066e-01
N 012 062 091 3.713e-01
N 013 085 085 6.695e-01
N 014 054 034 5.660e-02
N 015 051 099 7.242e-01
N 016 031 025 1.065e-01
N 017 026 033 8.493e-01
N 018 093 035 9.114e-01
N 019 008 068 3.532e-01
E 000 005 1.523e+01
E 000 006 2.518e+01
E 000 010 3.008e+01
E 000 011 5.277e+01
E 000 013 4.105e+01
E 000 014 2.816e+01
E 000 018 4.993e+01
E 001 003 6.129e+01
E 001 008 8.902e+01
E 001 011 1.712e+01
E 001 012 2.025e+01
E 001 013 4.123e+00
E 001 016 7.734e+01
E 002 003 2.900e+01
E 002 005 2.818e+01
E 002 006 4.025e+01
E 002 009 3.920e+01
E 002 010 4.751e+01
E 002 011 7.463e+01
E 002 014 1.170e+01
E 002 015 7.632e+01
E 002 017 3.353e+01
E 002 019 6.727e+01
E 003 011 6.395e+01
E 003 018 1.342e+01
E 003 015 8.410e+01
E 004 009 7.325e+01
E 004 005 5.955e+01
E 004 013 7.616e+01
E 005 007 3.257e+01
E 005 015 5.135e+01
E 005 017 2.421e+01
E 005 019 4.206e+01
E 006 011 3.483e+01
E 006 018 2.941e+01
E 006 014 3.330e+01
E 007 019 6.873e+01
E 007 010 5.415e+01
E 007 018 2.860e+01
E 008 011 1.018e+02
E 008 012 8.500e+01
E 008 017 1.900e+01
E 008 015 8.860e+01
E 009 017 9.220e+00
E 009 019 4.245e+01
E 010 015 5.354e+01
E 010 018 7.350e+01
E 010 019 1.980e+01
E 011 014 6.812e+01
E 011 015 4.876e+01
E 011 018 5.124e+01
E 011 019 9.178e+01
E 012 019 5.869e+01
E 012 014 5.756e+01
E 013 016 8.072e+01
E 014 018 3.901e+01
E 014 019 5.720e+01
E 016 018 6.280e+01
E 016 017 9.434e+00
E 018 019 9.118e+01
