N 000 049 097 9.439e-01
N 001 023 023 1.954e-01
N 002 093 082 3.721e-01
N 003 010 069 9.600e-01
N 004 015 010 2.848e-01
N 005 030 081 2.978e-01
N 006 080 086 3.157e-01
N 007 024 074 1.927e-01
N 008 079 031 3.496e-01
N 009 012 050 6.901e-01
N 010 062 030 9.092e-01
N 011 072 038 1.984e-02
N 012 067 058 6.098e-01
N 013 030 045 8.089e-01
N 014 003 017 1.843e-01
N 015 085 050 2.689e-01
N 016 026 068 2.057e-01
N 017 050 097 5.128e-01
N 018 027 041 4.309e-01
N 019 083 072 2.577e-01
E 000 007 3.397e+01
E 000 008 7.250e+01
E 000 009 5.982e+01
E 000 010 6.825e+01
E 000 012 4.295e+01
E 000 013 5.536e+01
E 000 014 9.228e+01
E 000 018 6.017e+01
E 000 019 4.220e+01
E 001 009 2.915e+01
E 001 018 1.844e+01
E 001 017 7.877e+01
E 001 006 8.496e+01
E 001 015 6.762e+01
E 002 004 1.062e+02
E 002 005 6.301e+01
E 002 007 6.946e+01
E 002 011 4.875e+01
E 002 013 7.306e+01
E 002 015 3.298e+01
E 002 017 4.554e+01
E 002 019 1.414e+01
E 003 016 1.603e+01
E 003 009 1.910e+01
E 003 010 6.500e+01
E 003 018 3.276e+01
E 003 014 5.247e+01
E 004 005 7.257e+01
E 004 012 7.077e+01
E 004 013 3.808e+01
E 004 016 5.903e+01
E 004 019 9.202e+01
E 005 007 9.220e+00
E 005 011 6.011e+01
E 005 015 6.313e+01
E 005 018 4.011e+01
E 006 009 7.694e+01
E 006 010 5.882e+01
E 006 014 1.034e+02
E 006 016 5.692e+01
E 006 019 1.432e+01
E 007 008 6.981e+01
E 007 010 5.814e+01
E 007 014 6.075e+01
E 008 009 6.964e+01
E 008 011 9.899e+00
E 008 013 5.096e+01
E 008 016 6.464e+01
E 009 011 6.119e+01
E 009 017 6.044e+01
E 010 014 6.042e+01
E 010 015 3.048e+01
E 011 014 7.212e+01
E 011 019 3.574e+01
E 012 019 2.126e+01
E 012 014 7.601e+01
E 013 017 5.571e+01
E 014 019 9.708e+01
E 016 017 3.764e+01
E 017 018 6.054e+01
