N 000 014 051 5.649e-01
N 001 062 078 1.111e-01
N 002 054 047 6.236e-01
N 003 069 090 1.312e-01
N 004 097 050 9.866e-01
N 005 099 098 3.331e-01
N 006 025 054 5.569e-01
N 007 081 061 5.579e-01
N 008 031 022 3.245e-03
N 009 052 049 7.775e-01
N 010 008 039 9.204e-01
N 011 046 006 3.838e-01
N 012 009 048 5.601e-01
N 013 096 096 5.167e-01
N 014 065 081 9.907e-01
N 015 013 052 4.313e-01
N 016 030 064 6.250e-01
N 017 039 016 7.809e-01
N 018 001 028 8.737e-01
N 019 069 059 1.690e-01
E 000 002 4.020e+01
E 000 006 1.140e+01
E 000 008 3.362e+01
E 000 010 1.342e+01
E 000 011 5.522e+01
E 000 012 5.831e+00
E 000 017 4.301e+01
E 000 019 5.558e+01
E 001 008 6.401e+01
E 001 010 6.661e+01
E 001 011 7.376e+01
E 002 004 4.310e+01
E 002 005 6.801e+01
E 002 007 3.041e+01
E 002 008 3.397e+01
E 002 010 4.669e+01
E 002 011 4.177e+01
E 002 012 4.501e+01
E 002 019 1.921e+01
E 003 010 7.951e+01
E 004 011 6.736e+01
E 004 018 9.849e+01
E 004 006 7.211e+01
E 005 006 8.609e+01
E 005 009 6.790e+01
E 005 012 1.030e+02
E 005 013 3.606e+00
E 005 016 7.692e+01
E 005 017 1.016e+02
E 005 019 4.920e+01
E 006 007 5.644e+01
E 006 008 3.256e+01
E 006 009 2.746e+01
E 006 010 2.267e+01
E 006 011 5.239e+01
E 006 017 4.050e+01
E 006 018 3.538e+01
E 006 019 4.428e+01
E 007 017 6.155e+01
E 007 014 2.561e+01
E 008 009 3.421e+01
E 008 011 2.193e+01
E 008 012 3.406e+01
E 008 016 4.201e+01
E 009 017 3.547e+01
E 009 013 6.438e+01
E 010 011 5.033e+01
E 010 013 1.048e+02
E 010 017 3.860e+01
E 010 018 1.304e+01
E 010 019 6.420e+01
E 011 015 5.661e+01
E 011 017 1.221e+01
E 011 018 5.009e+01
E 012 019 6.100e+01
E 013 019 4.580e+01
E 013 015 9.394e+01
E 016 018 4.623e+01
E 017 018 3.985e+01
E 018 019 7.473e+01
