N 000 007 037 4.008e-01
N 001 017 013 3.630e-01
N 002 070 054 5.075e-01
N 003 091 055 2.741e-01
N 004 063 097 7.887e-01
N 005 064 058 6.762e-01
N 006 073 056 8.531e-01
N 007 055 040 8.715e-02
N 008 004 033 6.928e-01
N 009 063 038 5.061e-01
N 010 092 019 1.396e-01
N 011 025 095 6.963e-02
N 012 076 037 4.651e-01
N 013 080 008 7.023e-02
N 014 061 030 1.403e-01
N 015 011 009 9.597e-01
N 016 085 074 5.746e-01
N 017 046 058 8.192e-01
N 018 063 015 8.054e-01
N 019 095 047 8.578e-03
E 000 001 2.600e+01
E 000 007 4.809e+01
E 000 012 6.900e+01
E 000 016 8.633e+01
E 000 018 6.017e+01
E 000 019 8.857e+01
E 001 004 9.577e+01
E 001 007 4.662e+01
E 001 009 5.235e+01
E 001 011 8.239e+01
E 001 013 6.320e+01
E 001 017 5.354e+01
E 001 018 4.604e+01
E 002 009 1.746e+01
E 002 010 4.134e+01
E 002 012 1.803e+01
E 002 007 2.052e+01
E 003 008 8.974e+01
E 003 014 3.905e+01
E 003 015 9.228e+01
E 003 016 1.992e+01
E 003 017 4.510e+01
E 003 019 8.944e+00
E 004 005 3.901e+01
E 004 011 3.805e+01
E 004 013 9.061e+01
E 004 014 6.703e+01
E 004 017 4.254e+01
E 004 018 8.200e+01
E 005 016 2.640e+01
E 005 012 2.419e+01
E 005 018 4.301e+01
E 005 017 1.800e+01
E 006 019 2.377e+01
E 006 012 1.924e+01
E 006 007 2.408e+01
E 007 008 5.148e+01
E 007 009 8.246e+00
E 007 013 4.061e+01
E 007 015 5.382e+01
E 008 009 5.921e+01
E 008 011 6.546e+01
E 008 015 2.500e+01
E 008 019 9.207e+01
E 009 011 6.851e+01
E 009 016 4.219e+01
E 010 017 6.031e+01
E 010 019 2.816e+01
E 010 015 8.161e+01
E 012 015 7.077e+01
E 012 016 3.808e+01
E 013 014 2.907e+01
E 013 015 6.901e+01
E 013 017 6.046e+01
E 014 019 3.801e+01
E 014 017 3.176e+01
E 015 017 6.022e+01
E 015 019 9.220e+01
E 016 017 4.215e+01
E 016 018 6.297e+01
