N 000 047 006 8.466e-01
N 001 009 032 7.659e-01
N 002 009 003 6.810e-01
N 003 052 009 9.293e-01
N 004 017 051 1.228e-01
N 005 061 060 1.912e-02
N 006 050 033 6.257e-01
N 007 092 088 9.933e-01
N 008 044 000 1.616e-01
N 009 027 029 5.166e-01
N 010 084 084 3.413e-03
N 011 026 062 8.934e-01
N 012 043 022 1.212e-01
N 013 029 069 1.491e-01
N 014 066 084 7.710e-01
N 015 074 003 2.663e-01
N 016 024 083 9.642e-01
N 017 079 053 4.569e-01
N 018 067 085 4.495e-01
N 019 013 017 3.115e-01
E 000 003 5.831e+00
E 000 005 5.579e+01
E 000 006 2.717e+01
E 000 008 6.708e+00
E 000 011 5.981e+01
E 000 015 2.717e+01
E 000 016 8.036e+01
E 001 016 5.316e+01
E 001 009 1.825e+01
E 001 018 7.857e+01
E 001 011 3.448e+01
E 001 004 2.062e+01
E 002 005 7.716e+01
E 002 006 5.080e+01
E 002 009 3.162e+01
E 002 011 6.140e+01
E 002 015 6.500e+01
E 002 016 8.139e+01
E 003 009 3.202e+01
E 003 014 7.630e+01
E 003 015 2.280e+01
E 003 016 7.912e+01
E 003 019 3.981e+01
E 004 018 6.046e+01
E 004 012 3.895e+01
E 004 017 6.203e+01
E 004 007 8.363e+01
E 005 007 4.177e+01
E 005 008 6.236e+01
E 005 009 4.601e+01
E 005 018 2.571e+01
E 005 019 6.444e+01
E 006 008 3.354e+01
E 006 013 4.168e+01
E 006 015 3.842e+01
E 006 018 5.471e+01
E 007 008 1.002e+02
E 007 009 8.778e+01
E 007 012 8.220e+01
E 008 009 3.362e+01
E 008 016 8.538e+01
E 008 018 8.806e+01
E 008 019 3.536e+01
E 009 011 3.302e+01
E 009 013 4.005e+01
E 009 018 6.882e+01
E 010 017 3.140e+01
E 011 012 4.346e+01
E 011 013 7.616e+00
E 011 015 7.606e+01
E 011 018 4.701e+01
E 012 017 4.751e+01
E 013 017 5.250e+01
E 013 018 4.123e+01
E 013 019 5.441e+01
E 014 018 1.414e+00
E 015 017 5.025e+01
E 015 018 8.230e+01
E 016 019 6.691e+01
E 017 018 3.418e+01
