N 000 068 094 1.330e-01
N 001 061 062 4.793e-01
N 002 082 027 8.045e-01
N 003 099 061 2.039e-01
N 004 038 071 5.289e-01
N 005 098 001 7.863e-01
N 006 026 013 3.351e-01
N 007 024 035 8.094e-01
N 008 068 005 9.619e-01
N 009 079 033 7.769e-01
N 010 018 013 6.526e-01
N 011 074 024 9.295e-01
N 012 069 069 3.928e-01
N 013 055 039 1.484e-01
N 014 023 053 9.251e-01
N 015 024 090 3.127e-01
N 016 059 043 7.808e-01
N 017 078 020 8.198e-01
N 018 017 077 1.343e-01
N 019 040 093 2.395e-01
E 000 017 7.467e+01
E 000 018 5.376e+01
E 000 004 3.780e+01
E 000 006 9.124e+01
E 000 015 4.418e+01
E 001 003 3.801e+01
E 001 004 2.470e+01
E 001 005 7.134e+01
E 001 006 6.022e+01
E 001 007 4.580e+01
E 001 010 6.519e+01
E 001 011 4.016e+01
E 001 013 2.377e+01
E 001 016 1.910e+01
E 001 017 4.531e+01
E 001 019 3.744e+01
E 002 008 2.608e+01
E 002 016 2.802e+01
E 002 006 5.772e+01
E 002 007 5.855e+01
E 003 006 8.737e+01
E 003 009 3.441e+01
E 003 011 4.465e+01
E 003 016 4.386e+01
E 003 018 8.355e+01
E 004 018 2.184e+01
E 004 013 3.624e+01
E 004 014 2.343e+01
E 005 009 3.722e+01
E 005 011 3.324e+01
E 005 012 7.393e+01
E 005 016 5.731e+01
E 005 017 2.759e+01
E 006 008 4.276e+01
E 006 018 6.463e+01
E 007 012 5.640e+01
E 007 015 5.500e+01
E 007 017 5.604e+01
E 007 018 4.258e+01
E 007 019 6.017e+01
E 008 014 6.580e+01
E 008 013 3.640e+01
E 009 013 2.474e+01
E 010 016 5.080e+01
E 010 011 5.707e+01
E 010 012 7.574e+01
E 010 015 7.723e+01
E 011 013 2.421e+01
E 011 016 2.421e+01
E 011 017 5.657e+00
E 011 019 7.692e+01
E 012 013 3.311e+01
E 012 014 4.870e+01
E 012 015 4.966e+01
E 012 017 4.982e+01
E 013 015 5.968e+01
E 013 016 5.657e+00
E 013 017 2.983e+01
E 014 015 3.701e+01
E 016 018 5.404e+01
