N 000 093 037 2.730e-01
N 001 073 052 2.083e-01
N 002 043 002 1.796e-02
N 003 065 061 8.184e-01
N 004 072 009 3.245e-01
N 005 057 093 5.935e-01
N 006 017 080 8.581e-01
N 007 087 035 7.825e-01
N 008 032 045 9.405e-01
N 009 070 043 1.234e-01
N 010 070 073 8.907e-01
N 011 035 060 9.434e-01
N 012 093 004 8.562e-02
N 013 049 020 5.152e-01
N 014 071 076 8.912e-01
N 015 019 076 5.136e-01
N 016 086 008 9.241e-01
N 017 070 046 5.325e-01
N 018 019 042 4.957e-01
N 019 014 003 7.705e-01
E 000 019 8.601e+01
E 000 010 4.272e+01
E 000 018 7.417e+01
E 000 005 6.657e+01
E 000 014 4.478e+01
E 001 002 5.831e+01
E 001 010 2.121e+01
E 001 013 4.000e+01
E 001 014 2.408e+01
E 001 015 5.909e+01
E 001 019 7.669e+01
E 002 003 6.297e+01
E 002 005 9.207e+01
E 002 009 4.909e+01
E 002 011 5.855e+01
E 002 015 7.779e+01
E 002 017 5.162e+01
E 002 019 2.902e+01
E 003 004 5.247e+01
E 003 007 3.406e+01
E 003 008 3.667e+01
E 003 010 1.300e+01
E 003 014 1.616e+01
E 003 016 5.701e+01
E 003 018 4.977e+01
E 004 009 3.406e+01
E 004 011 6.301e+01
E 004 012 2.159e+01
E 004 014 6.701e+01
E 004 017 3.705e+01
E 005 015 4.163e+01
E 005 011 3.966e+01
E 005 007 6.530e+01
E 006 019 7.706e+01
E 006 009 6.464e+01
E 006 011 2.691e+01
E 007 009 1.879e+01
E 007 011 5.770e+01
E 007 015 7.940e+01
E 007 018 6.836e+01
E 008 011 1.530e+01
E 008 017 3.801e+01
E 008 013 3.023e+01
E 008 014 4.982e+01
E 009 012 4.528e+01
E 009 013 3.114e+01
E 009 017 3.000e+00
E 009 018 5.101e+01
E 009 019 6.882e+01
E 010 016 6.694e+01
E 010 019 8.964e+01
E 011 012 8.062e+01
E 011 015 2.263e+01
E 011 018 2.408e+01
E 011 019 6.075e+01
E 012 018 8.319e+01
E 012 015 1.032e+02
E 014 019 9.262e+01
E 016 017 4.123e+01
E 018 019 3.932e+01
