N 000 057 080 2.278e-01
N 001 082 070 4.155e-01
N 002 016 025 3.101e-01
N 003 067 051 3.263e-01
N 004 048 044 7.062e-01
N 005 047 034 3.655e-01
N 006 015 027 8.487e-01
N 007 004 021 1.755e-01
N 008 034 043 7.381e-03
N 009 055 033 9.639e-01
N 010 033 068 1.733e-01
N 011 088 058 6.598e-01
N 012 039 023 1.611e-01
N 013 035 043 5.980e-01
N 014 030 032 5.569e-02
N 015 079 074 3.276e-01
N 016 013 031 7.803e-01
N 017 067 088 7.201e-01
N 018 038 002 7.120e-01
N 019 019 070 8.862e-02
E 000 003 3.068e+01
E 000 005 4.707e+01
E 000 008 4.357e+01
E 000 011 3.801e+01
E 000 012 5.977e+01
E 000 013 4.305e+01
E 000 018 8.028e+01
E 001 004 4.280e+01
E 001 009 4.580e+01
E 001 013 5.420e+01
E 001 014 6.440e+01
E 001 015 5.000e+00
E 001 016 7.926e+01
E 002 003 5.725e+01
E 002 005 3.228e+01
E 002 013 2.617e+01
E 002 016 6.708e+00
E 002 018 3.183e+01
E 002 019 4.510e+01
E 003 009 2.163e+01
E 003 013 3.298e+01
E 004 006 3.712e+01
E 004 008 1.404e+01
E 004 009 1.304e+01
E 004 014 2.163e+01
E 004 015 4.314e+01
E 004 019 3.895e+01
E 005 007 4.492e+01
E 005 011 4.751e+01
E 005 014 1.712e+01
E 005 017 5.758e+01
E 006 008 2.484e+01
E 006 010 4.478e+01
E 006 012 2.433e+01
E 006 017 8.016e+01
E 006 018 3.397e+01
E 007 008 3.720e+01
E 007 009 5.239e+01
E 007 012 3.506e+01
E 007 014 2.823e+01
E 007 016 1.345e+01
E 007 017 9.197e+01
E 008 009 2.326e+01
E 008 011 5.604e+01
E 008 016 2.419e+01
E 008 019 3.089e+01
E 010 012 4.540e+01
E 011 012 6.022e+01
E 011 017 3.662e+01
E 012 013 2.040e+01
E 012 014 1.273e+01
E 012 016 2.720e+01
E 012 018 2.102e+01
E 013 019 3.138e+01
E 014 016 1.703e+01
E 014 019 3.956e+01
E 015 016 7.877e+01
E 015 019 6.013e+01
E 015 017 1.844e+01
E 016 017 7.852e+01
