N 000 003 077 7.154e-01
N 001 020 099 9.670e-01
N 002 067 009 7.439e-01
N 003 034 016 7.081e-01
N 004 001 035 8.674e-01
N 005 030 009 5.863e-01
N 006 013 000 9.683e-01
N 007 042 058 4.311e-02
N 008 038 068 8.634e-01
N 009 008 057 7.576e-01
N 010 044 056 6.909e-01
N 011 073 086 6.115e-01
N 012 025 089 1.231e-01
N 013 025 065 7.201e-01
N 014 010 019 7.723e-01
N 015 042 076 8.079e-01
N 016 098 027 5.150e-01
N 017 090 006 1.035e-01
N 018 080 067 9.786e-01
N 019 009 072 6.151e-01
E 000 016 1.074e+02
E 000 009 2.062e+01
E 000 011 7.058e+01
E 000 005 7.316e+01
E 001 017 1.164e+02
E 001 003 8.417e+01
E 001 012 1.118e+01
E 001 005 9.055e+01
E 002 006 5.474e+01
E 002 007 5.501e+01
E 002 008 6.574e+01
E 002 009 7.606e+01
E 002 012 9.035e+01
E 002 015 7.151e+01
E 002 016 3.585e+01
E 002 019 8.563e+01
E 003 006 2.640e+01
E 003 007 4.276e+01
E 003 011 8.013e+01
E 003 013 4.982e+01
E 003 017 5.689e+01
E 003 019 6.133e+01
E 004 008 4.958e+01
E 004 017 9.361e+01
E 004 018 8.523e+01
E 004 019 3.785e+01
E 004 007 4.701e+01
E 005 006 1.924e+01
E 005 016 7.034e+01
E 006 008 7.245e+01
E 006 009 5.722e+01
E 006 010 6.401e+01
E 006 016 8.919e+01
E 007 010 2.828e+00
E 007 016 6.401e+01
E 007 017 7.077e+01
E 007 019 3.585e+01
E 008 009 3.195e+01
E 008 010 1.342e+01
E 008 011 3.936e+01
E 008 012 2.470e+01
E 008 018 4.201e+01
E 009 010 3.601e+01
E 009 012 3.624e+01
E 009 013 1.879e+01
E 010 014 5.025e+01
E 010 018 3.764e+01
E 010 019 3.848e+01
E 011 017 8.179e+01
E 011 018 2.025e+01
E 011 019 6.551e+01
E 012 014 7.159e+01
E 012 017 1.054e+02
E 012 019 2.335e+01
E 013 019 1.746e+01
E 013 018 5.504e+01
E 014 016 8.836e+01
E 014 017 8.105e+01
E 014 018 8.488e+01
E 014 019 5.301e+01
