N 000 092 091 1.704e-01
N 001 047 028 8.099e-01
N 002 044 082 5.596e-01
N 003 065 065 5.361e-01
N 004 037 044 8.391e-01
N 005 025 028 6.884e-01
N 006 039 020 5.737e-02
N 007 002 065 8.619e-01
N 008 026 007 7.214e-01
N 009 091 011 9.826e-01
N 010 075 015 7.676e-01
N 011 027 056 8.442e-01
N 012 025 031 4.217e-01
N 013 082 058 1.379e-01
N 014 076 036 5.796e-01
N 015 042 017 7.004e-01
N 016 085 004 2.730e-01
N 017 022 031 7.320e-01
N 018 021 032 5.637e-01
N 019 013 050 8.900e-01
E 000 019 8.901e+01
E 000 011 7.382e+01
E 000 004 7.235e+01
E 000 015 8.931e+01
E 001 019 4.050e+01
E 001 003 4.115e+01
E 001 004 1.887e+01
E 001 014 3.008e+01
E 002 008 7.713e+01
E 002 016 8.812e+01
E 002 010 7.382e+01
E 002 015 6.503e+01
E 003 004 3.500e+01
E 003 009 5.993e+01
E 003 010 5.099e+01
E 003 014 3.102e+01
E 003 015 5.323e+01
E 003 017 5.482e+01
E 004 005 2.000e+01
E 004 017 1.985e+01
E 004 019 2.474e+01
E 005 007 4.357e+01
E 005 014 5.162e+01
E 005 015 2.025e+01
E 005 016 6.462e+01
E 005 018 5.657e+00
E 006 007 5.826e+01
E 006 009 5.277e+01
E 006 011 3.795e+01
E 006 012 1.780e+01
E 006 014 4.031e+01
E 006 016 4.870e+01
E 006 017 2.025e+01
E 006 018 2.163e+01
E 007 009 1.041e+02
E 007 010 8.848e+01
E 007 011 2.657e+01
E 007 015 6.248e+01
E 008 009 6.512e+01
E 008 010 4.965e+01
E 008 013 7.574e+01
E 008 014 5.780e+01
E 008 018 2.550e+01
E 008 019 4.492e+01
E 009 012 6.896e+01
E 009 018 7.308e+01
E 010 013 4.357e+01
E 010 015 3.306e+01
E 011 018 2.474e+01
E 011 013 5.504e+01
E 012 017 3.000e+00
E 013 014 2.280e+01
E 013 015 5.728e+01
E 014 015 3.895e+01
E 014 016 3.324e+01
E 015 016 4.492e+01
E 016 019 8.544e+01
E 017 018 1.414e+00
E 017 019 2.102e+01
E 018 019 1.970e+01
