N 000 086 087 6.311e-01
N 001 029 027 8.889e-01
N 002 082 023 4.944e-01
N 003 013 040 9.071e-01
N 004 067 011 3.452e-01
N 005 045 056 5.487e-01
N 006 005 085 7.200e-01
N 007 081 061 7.805e-01
N 008 012 039 2.507e-01
N 009 081 000 6.834e-01
N 010 049 081 9.408e-01
N 011 068 013 5.502e-01
N 012 014 078 2.308e-01
N 013 048 018 8.343e-01
N 014 032 095 2.940e-01
N 015 019 094 8.780e-02
N 016 022 063 4.905e-01
N 017 083 028 1.231e-02
N 018 010 008 2.206e-01
N 019 037 070 9.299e-01
E 000 011 7.616e+01
E 000 016 6.835e+01
E 000 002 6.412e+01
E 000 003 8.682e+01
E 000 004 7.834e+01
E 001 002 5.315e+01
E 001 003 2.062e+01
E 001 009 5.859e+01
E 001 012 5.316e+01
E 001 014 6.807e+01
E 001 018 2.687e+01
E 001 019 4.374e+01
E 002 011 1.720e+01
E 002 014 8.766e+01
E 002 015 9.492e+01
E 002 016 7.211e+01
E 003 005 3.578e+01
E 003 007 7.117e+01
E 003 009 7.889e+01
E 003 010 5.456e+01
E 003 011 6.127e+01
E 003 012 3.801e+01
E 003 013 4.134e+01
E 003 014 5.819e+01
E 003 015 5.433e+01
E 003 018 3.214e+01
E 004 009 1.780e+01
E 004 012 8.543e+01
E 004 013 2.025e+01
E 004 017 2.335e+01
E 004 018 5.708e+01
E 004 019 6.619e+01
E 005 011 4.876e+01
E 005 016 2.404e+01
E 005 013 3.812e+01
E 005 019 1.612e+01
E 006 017 9.661e+01
E 006 010 4.418e+01
E 006 012 1.140e+01
E 006 013 7.961e+01
E 007 012 6.912e+01
E 007 013 5.420e+01
E 007 015 7.024e+01
E 007 016 5.903e+01
E 007 019 4.491e+01
E 008 012 3.905e+01
E 008 015 5.544e+01
E 009 011 1.838e+01
E 009 014 1.069e+02
E 009 019 8.268e+01
E 010 011 7.060e+01
E 010 014 2.202e+01
E 010 013 6.301e+01
E 011 015 9.467e+01
E 012 014 2.476e+01
E 013 016 5.197e+01
E 014 015 1.304e+01
E 014 017 8.420e+01
E 016 018 5.629e+01
E 016 019 1.655e+01
