N 000 038 040 9.919e-01
N 001 026 089 3.485e-01
N 002 006 083 9.958e-01
N 003 069 015 7.539e-01
N 004 059 018 7.147e-02
N 005 061 057 6.529e-01
N 006 083 087 3.209e-01
N 007 031 043 9.103e-01
N 008 050 097 9.275e-01
N 009 007 087 3.624e-01
N 010 081 070 1.948e-01
N 011 024 061 1.970e-01
N 012 048 009 6.527e-01
N 013 064 056 1.547e-01
N 014 015 066 4.357e-01
N 015 077 020 1.372e-01
N 016 067 091 4.197e-01
N 017 090 019 1.960e-01
N 018 049 051 6.677e-01
N 019 079 090 2.857e-01
E 000 003 3.982e+01
E 000 008 5.825e+01
E 000 010 5.243e+01
E 000 013 3.053e+01
E 000 014 3.471e+01
E 000 015 4.383e+01
E 000 017 5.608e+01
E 000 018 1.556e+01
E 001 009 1.910e+01
E 001 003 8.559e+01
E 001 004 7.829e+01
E 001 006 5.704e+01
E 001 015 8.580e+01
E 002 009 4.123e+00
E 002 018 5.360e+01
E 002 012 8.509e+01
E 002 015 9.492e+01
E 003 006 7.335e+01
E 003 009 9.502e+01
E 003 010 5.629e+01
E 003 015 9.434e+00
E 003 019 7.566e+01
E 004 006 7.305e+01
E 004 008 7.951e+01
E 004 010 5.646e+01
E 004 012 1.421e+01
E 004 015 1.811e+01
E 004 016 7.344e+01
E 005 016 3.453e+01
E 005 010 2.385e+01
E 005 019 3.759e+01
E 005 014 4.687e+01
E 005 007 3.311e+01
E 006 007 6.812e+01
E 006 011 6.447e+01
E 006 012 8.549e+01
E 006 013 3.636e+01
E 006 018 4.952e+01
E 007 017 6.369e+01
E 007 010 5.682e+01
E 007 012 3.801e+01
E 008 011 4.441e+01
E 008 014 4.675e+01
E 008 015 8.160e+01
E 008 018 4.601e+01
E 009 018 5.532e+01
E 010 012 6.935e+01
E 010 013 2.202e+01
E 011 019 6.218e+01
E 011 014 1.030e+01
E 011 015 6.701e+01
E 012 016 8.417e+01
E 012 017 4.317e+01
E 013 019 3.716e+01
E 014 015 7.720e+01
E 014 017 8.851e+01
E 015 016 7.170e+01
E 015 019 7.003e+01
E 016 018 4.386e+01
E 018 019 4.920e+01
