N 000 093 025 5.849e-02
N 001 058 086 2.777e-01
N 002 026 063 4.585e-01
N 003 068 003 6.449e-01
N 004 083 036 8.544e-01
N 005 030 040 8.748e-01
N 006 064 059 3.449e-01
N 007 020 083 1.654e-02
N 008 029 046 5.687e-01
N 009 017 068 7.158e-01
N 010 044 011 5.541e-01
N 011 027 046 3.644e-01
N 012 036 035 2.287e-01
N 013 081 008 1.123e-01
N 014 077 011 9.886e-01
N 015 046 027 9.722e-02
N 016 007 079 4.139e-01
N 017 039 077 2.618e-01
N 018 059 082 9.835e-01
N 019 044 078 9.315e-02
E 000 001 7.033e+01
E 000 002 7.703e+01
E 000 003 3.330e+01
E 000 004 1.487e+01
E 000 008 6.736e+01
E 000 011 6.926e+01
E 000 014 2.126e+01
E 000 017 7.497e+01
E 000 018 6.637e+01
E 000 019 7.218e+01
E 001 010 7.630e+01
E 001 002 3.941e+01
E 001 003 8.360e+01
E 001 005 5.385e+01
E 002 013 7.778e+01
E 002 016 2.484e+01
E 002 009 1.030e+01
E 003 011 5.941e+01
E 003 013 1.393e+01
E 003 014 1.204e+01
E 003 015 3.256e+01
E 004 005 5.315e+01
E 004 011 5.689e+01
E 004 012 4.701e+01
E 004 014 2.571e+01
E 004 015 3.808e+01
E 004 017 6.014e+01
E 004 018 5.188e+01
E 005 007 4.415e+01
E 005 009 3.087e+01
E 005 010 3.220e+01
E 005 015 2.062e+01
E 005 019 4.050e+01
E 006 017 3.081e+01
E 006 011 3.922e+01
E 006 013 5.376e+01
E 007 016 1.360e+01
E 007 010 7.589e+01
E 007 019 2.452e+01
E 007 012 5.060e+01
E 008 018 4.686e+01
E 009 010 6.307e+01
E 009 014 8.276e+01
E 009 016 1.487e+01
E 009 019 2.879e+01
E 010 011 3.891e+01
E 010 017 6.619e+01
E 010 018 7.257e+01
E 010 019 6.700e+01
E 011 019 3.624e+01
E 012 015 1.281e+01
E 013 014 5.000e+00
E 013 015 3.982e+01
E 013 017 8.078e+01
E 013 019 7.918e+01
E 014 017 7.616e+01
E 014 019 7.469e+01
E 015 016 6.500e+01
E 017 018 2.062e+01
E 018 019 1.552e+01
