N 000 086 043 6.130e-01
N 001 069 042 5.794e-01
N 002 007 093 2.215e-01
N 003 031 024 3.008e-01
N 004 047 005 8.869e-01
N 005 093 026 5.129e-01
N 006 059 031 9.692e-01
N 007 008 087 8.588e-01
N 008 023 051 3.813e-01
N 009 057 026 7.499e-01
N 010 060 074 9.710e-01
N 011 089 083 5.349e-01
N 012 043 012 6.145e-01
N 013 003 073 1.453e-01
N 014 062 061 6.401e-01
N 015 093 060 8.191e-01
N 016 013 011 4.205e-01
N 017 045 079 8.420e-01
N 018 010 013 2.446e-01
N 019 059 021 4.137e-01
E 000 002 9.349e+01
E 000 003 5.819e+01
E 000 012 5.301e+01
E 000 015 1.838e+01
E 001 002 8.028e+01
E 001 003 4.205e+01
E 001 006 1.487e+01
E 001 008 4.687e+01
E 001 011 4.562e+01
E 001 014 2.025e+01
E 001 015 3.000e+01
E 001 017 4.410e+01
E 001 018 6.574e+01
E 001 019 2.326e+01
E 002 006 8.092e+01
E 002 013 2.040e+01
E 002 016 8.222e+01
E 002 017 4.050e+01
E 003 008 2.816e+01
E 003 015 7.169e+01
E 003 018 2.371e+01
E 003 019 2.816e+01
E 004 016 3.453e+01
E 004 010 7.021e+01
E 004 012 8.062e+00
E 004 006 2.864e+01
E 005 008 7.433e+01
E 005 009 3.600e+01
E 005 019 3.437e+01
E 005 012 5.192e+01
E 006 008 4.118e+01
E 006 012 2.484e+01
E 006 013 7.000e+01
E 006 017 5.000e+01
E 007 008 3.900e+01
E 007 010 5.360e+01
E 007 019 8.341e+01
E 007 015 8.919e+01
E 008 009 4.220e+01
E 008 012 4.383e+01
E 008 016 4.123e+01
E 009 019 5.385e+00
E 009 013 7.159e+01
E 010 011 3.036e+01
E 010 012 6.429e+01
E 010 015 3.585e+01
E 010 016 7.860e+01
E 010 017 1.581e+01
E 011 012 8.460e+01
E 011 013 8.658e+01
E 011 014 3.483e+01
E 012 014 5.255e+01
E 012 015 6.931e+01
E 012 017 6.703e+01
E 013 018 6.041e+01
E 014 015 3.102e+01
E 014 016 7.001e+01
E 014 017 2.476e+01
E 014 019 4.011e+01
E 015 019 5.174e+01
