N 000 051 027 3.793e-01
N 001 071 081 1.670e-01
N 002 091 075 6.178e-01
N 003 089 082 3.054e-01
N 004 041 013 4.312e-01
N 005 043 099 7.354e-01
N 006 050 048 9.446e-02
N 007 061 089 2.425e-02
N 008 036 066 6.094e-01
N 009 064 097 4.689e-01
N 010 025 042 4.982e-02
N 011 077 055 9.604e-01
N 012 090 081 1.876e-01
N 013 076 043 6.895e-01
N 014 068 046 3.065e-01
N 015 056 019 1.631e-01
N 016 006 095 8.454e-01
N 017 063 078 4.451e-01
N 018 006 029 4.974e-02
N 019 093 075 6.934e-02
E 000 001 5.758e+01
E 000 007 6.280e+01
E 000 008 4.179e+01
E 000 011 3.821e+01
E 000 012 6.661e+01
E 000 015 9.434e+00
E 000 019 6.378e+01
E 001 003 1.803e+01
E 001 005 3.329e+01
E 001 007 1.281e+01
E 001 008 3.808e+01
E 001 015 6.379e+01
E 001 017 8.544e+00
E 001 019 2.280e+01
E 002 006 4.909e+01
E 002 007 3.311e+01
E 002 010 7.379e+01
E 002 013 3.534e+01
E 002 014 3.701e+01
E 002 015 6.604e+01
E 002 017 2.816e+01
E 003 004 8.405e+01
E 003 005 4.904e+01
E 003 007 2.886e+01
E 003 011 2.955e+01
E 003 013 4.111e+01
E 003 015 7.112e+01
E 003 019 8.062e+00
E 004 008 5.324e+01
E 004 018 3.848e+01
E 004 012 8.382e+01
E 004 013 4.610e+01
E 005 013 6.500e+01
E 005 015 8.105e+01
E 005 016 3.722e+01
E 005 017 2.900e+01
E 005 019 5.546e+01
E 006 008 2.280e+01
E 006 014 1.811e+01
E 006 015 2.961e+01
E 007 013 4.838e+01
E 008 011 4.245e+01
E 008 014 3.774e+01
E 009 016 5.803e+01
E 009 017 1.903e+01
E 009 019 3.640e+01
E 009 013 5.532e+01
E 010 016 5.630e+01
E 010 019 7.558e+01
E 010 013 5.101e+01
E 011 015 4.168e+01
E 011 017 2.693e+01
E 011 018 7.561e+01
E 012 018 9.879e+01
E 012 019 6.708e+00
E 012 013 4.050e+01
E 013 014 8.544e+00
E 014 016 7.903e+01
E 015 019 6.712e+01
E 016 018 6.600e+01
