N 000 029 022 4.364e-01
N 001 082 071 2.601e-01
N 002 073 097 4.594e-01
N 003 010 088 1.632e-01
N 004 018 094 8.240e-01
N 005 047 056 1.274e-01
N 006 064 029 6.812e-01
N 007 024 071 5.322e-01
N 008 091 079 8.041e-01
N 009 024 006 6.819e-01
N 010 045 065 7.151e-01
N 011 036 021 5.777e-01
N 012 098 053 7.537e-01
N 013 050 096 1.176e-01
N 014 031 061 2.173e-01
N 015 048 059 7.595e-01
N 016 084 009 3.481e-01
N 017 075 020 7.713e-01
N 018 079 001 4.734e-01
N 019 077 031 2.310e-01
E 000 002 8.695e+01
E 000 003 6.868e+01
E 000 007 4.925e+01
E 000 008 8.422e+01
E 000 009 1.676e+01
E 000 010 4.588e+01
E 000 012 7.564e+01
E 000 013 7.692e+01
E 000 015 4.159e+01
E 000 017 4.604e+01
E 001 004 6.801e+01
E 001 006 4.569e+01
E 001 014 5.197e+01
E 001 016 6.203e+01
E 001 017 5.148e+01
E 001 018 7.006e+01
E 002 005 4.855e+01
E 002 006 6.859e+01
E 002 016 8.868e+01
E 002 017 7.703e+01
E 002 019 6.612e+01
E 003 012 9.470e+01
E 003 013 4.079e+01
E 003 016 1.082e+02
E 003 018 1.110e+02
E 003 019 8.797e+01
E 004 005 4.780e+01
E 004 006 7.963e+01
E 004 009 8.820e+01
E 004 011 7.519e+01
E 004 017 9.341e+01
E 005 007 2.746e+01
E 005 009 5.504e+01
E 005 010 9.220e+00
E 005 011 3.669e+01
E 005 012 5.109e+01
E 005 014 1.676e+01
E 005 018 6.363e+01
E 005 019 3.905e+01
E 006 009 4.614e+01
E 006 010 4.071e+01
E 006 011 2.912e+01
E 007 017 7.212e+01
E 007 014 1.221e+01
E 008 009 9.909e+01
E 008 010 4.808e+01
E 008 018 7.892e+01
E 009 014 5.544e+01
E 009 016 6.007e+01
E 009 019 5.860e+01
E 010 011 4.491e+01
E 010 019 4.669e+01
E 012 016 4.617e+01
E 012 013 6.444e+01
E 013 014 3.982e+01
E 013 017 8.001e+01
E 013 019 7.038e+01
E 014 016 7.425e+01
E 016 019 2.309e+01
E 017 019 1.118e+01
