N 000 054 082 2.342e-01
N 001 017 039 2.024e-01
N 002 093 006 9.192e-01
N 003 079 005 4.077e-01
N 004 084 060 4.840e-01
N 005 094 073 9.884e-01
N 006 048 089 7.669e-01
N 007 064 065 4.297e-01
N 008 030 013 3.763e-01
N 009 072 051 3.992e-01
N 010 035 087 7.033e-01
N 011 086 073 6.799e-01
N 012 052 096 2.031e-01
N 013 085 018 3.576e-02
N 014 009 031 6.342e-01
N 015 063 069 7.525e-01
N 016 078 008 5.584e-01
N 017 094 005 2.977e-01
N 018 021 058 4.980e-01
N 019 007 013 7.968e-01
E 000 019 8.349e+01
E 000 017 8.677e+01
E 000 011 3.324e+01
E 000 004 3.720e+01
E 000 013 7.111e+01
E 001 008 2.907e+01
E 001 009 5.629e+01
E 001 019 2.786e+01
E 001 012 6.689e+01
E 001 013 7.117e+01
E 002 003 1.404e+01
E 002 004 5.474e+01
E 002 005 6.701e+01
E 002 007 6.574e+01
E 002 008 6.339e+01
E 002 011 6.736e+01
E 002 018 8.881e+01
E 002 019 8.628e+01
E 003 007 6.185e+01
E 003 009 4.653e+01
E 003 010 9.306e+01
E 003 011 6.836e+01
E 003 012 9.492e+01
E 003 017 1.500e+01
E 003 018 7.857e+01
E 003 019 7.244e+01
E 004 006 4.623e+01
E 004 009 1.500e+01
E 004 012 4.817e+01
E 004 013 4.201e+01
E 004 015 2.285e+01
E 004 018 6.303e+01
E 005 011 8.000e+00
E 006 009 4.494e+01
E 006 012 8.062e+00
E 006 016 8.638e+01
E 006 017 9.577e+01
E 006 019 8.635e+01
E 007 009 1.612e+01
E 007 010 3.640e+01
E 007 012 3.324e+01
E 007 013 5.148e+01
E 007 015 4.123e+00
E 007 018 4.357e+01
E 008 012 8.587e+01
E 008 010 7.417e+01
E 008 015 6.500e+01
E 009 012 4.924e+01
E 009 015 2.012e+01
E 009 017 5.099e+01
E 009 019 7.529e+01
E 010 019 7.912e+01
E 010 018 3.220e+01
E 011 013 5.501e+01
E 012 014 7.794e+01
E 012 016 9.176e+01
E 013 014 7.710e+01
E 013 016 1.221e+01
E 016 017 1.628e+01
E 016 019 7.118e+01
