N 000 039 006 1.487e-01
N 001 045 077 7.614e-01
N 002 038 074 8.422e-01
N 003 047 037 8.906e-01
N 004 063 069 2.831e-01
N 005 040 058 3.166e-01
N 006 003 023 7.591e-02
N 007 087 075 8.565e-02
N 008 093 039 4.434e-01
N 009 005 097 9.625e-01
N 010 054 032 4.564e-02
N 011 032 071 1.035e-01
N 012 022 039 2.182e-01
N 013 002 082 5.492e-01
N 014 062 088 7.789e-02
N 015 012 098 5.538e-01
N 016 096 000 7.500e-01
N 017 038 063 6.926e-01
N 018 056 029 7.997e-01
N 019 048 014 1.570e-01
E 000 002 6.801e+01
E 000 004 6.742e+01
E 000 011 6.538e+01
E 000 012 3.712e+01
E 000 015 9.588e+01
E 000 016 5.731e+01
E 000 019 1.204e+01
E 001 003 4.005e+01
E 001 004 1.970e+01
E 001 013 4.329e+01
E 002 009 4.022e+01
E 002 019 6.083e+01
E 002 017 1.100e+01
E 003 006 4.617e+01
E 003 010 8.602e+00
E 003 012 2.508e+01
E 003 013 6.364e+01
E 003 014 5.316e+01
E 003 017 2.751e+01
E 003 018 1.204e+01
E 004 005 2.550e+01
E 004 007 2.474e+01
E 004 008 4.243e+01
E 004 011 3.106e+01
E 004 014 1.903e+01
E 004 017 2.571e+01
E 005 006 5.093e+01
E 005 008 5.630e+01
E 005 012 2.617e+01
E 005 014 3.720e+01
E 005 016 8.062e+01
E 005 017 5.385e+00
E 006 016 9.580e+01
E 006 017 5.315e+01
E 006 018 5.334e+01
E 006 019 4.589e+01
E 007 013 8.529e+01
E 007 014 2.818e+01
E 007 015 7.845e+01
E 008 010 3.962e+01
E 008 011 6.888e+01
E 008 017 6.001e+01
E 008 018 3.833e+01
E 008 019 5.148e+01
E 009 010 8.140e+01
E 009 011 3.748e+01
E 009 013 1.530e+01
E 009 015 7.071e+00
E 009 017 4.738e+01
E 009 018 8.500e+01
E 010 012 3.276e+01
E 010 017 3.489e+01
E 011 016 9.559e+01
E 012 013 4.742e+01
E 012 017 2.884e+01
E 013 015 1.887e+01
E 013 017 4.071e+01
E 014 016 9.434e+01
E 014 017 3.466e+01
E 015 018 8.184e+01
