N 000 077 004 9.029e-01
N 001 065 012 7.220e-01
N 002 000 044 5.006e-01
N 003 021 072 9.100e-01
N 004 078 064 9.130e-01
N 005 029 010 7.392e-01
N 006 033 089 8.499e-01
N 007 023 009 2.645e-01
N 008 027 091 4.222e-01
N 009 073 095 6.553e-01
N 010 047 075 7.405e-01
N 011 070 013 9.114e-02
N 012 062 067 7.456e-01
N 013 036 027 5.375e-01
N 014 090 040 9.954e-01
N 015 029 060 1.547e-01
N 016 013 068 7.778e-02
N 017 039 033 3.799e-01
N 018 089 007 6.150e-01
N 019 079 060 7.119e-01
E 000 002 8.677e+01
E 000 008 1.003e+02
E 000 009 9.109e+01
E 000 011 1.140e+01
E 000 012 6.476e+01
E 000 014 3.828e+01
E 000 015 7.376e+01
E 000 016 9.051e+01
E 000 017 4.780e+01
E 000 018 1.237e+01
E 001 008 8.766e+01
E 001 016 7.642e+01
E 001 002 7.245e+01
E 001 019 5.000e+01
E 001 004 5.360e+01
E 002 003 3.500e+01
E 002 004 8.052e+01
E 002 007 4.188e+01
E 002 008 5.420e+01
E 002 009 8.905e+01
E 002 010 5.630e+01
E 002 017 4.052e+01
E 002 019 8.060e+01
E 003 006 2.081e+01
E 004 010 3.289e+01
E 004 005 7.292e+01
E 005 006 7.910e+01
E 006 008 6.325e+00
E 006 012 3.640e+01
E 006 013 6.207e+01
E 006 014 7.517e+01
E 006 017 5.632e+01
E 007 018 6.603e+01
E 007 013 2.220e+01
E 007 014 7.382e+01
E 008 010 2.561e+01
E 008 012 4.244e+01
E 008 013 6.463e+01
E 009 010 3.280e+01
E 009 011 8.205e+01
E 009 014 5.757e+01
E 009 016 6.580e+01
E 010 013 4.924e+01
E 010 015 2.343e+01
E 010 016 3.471e+01
E 010 017 4.276e+01
E 011 014 3.360e+01
E 011 015 6.237e+01
E 011 016 7.921e+01
E 011 017 3.689e+01
E 011 018 1.992e+01
E 012 013 4.771e+01
E 012 015 3.373e+01
E 012 019 1.838e+01
E 013 015 3.373e+01
E 014 018 3.302e+01
E 015 016 1.789e+01
E 015 018 8.006e+01
E 015 019 5.000e+01
E 017 018 5.636e+01
