N 000 060 049 8.257e-01
N 001 053 067 6.805e-01
N 002 042 073 2.563e-01
N 003 094 065 6.201e-01
N 004 099 003 1.289e-01
N 005 051 067 6.882e-02
N 006 059 093 3.084e-02
N 007 087 000 5.503e-01
N 008 065 005 9.896e-01
N 009 000 039 7.199e-01
N 010 011 030 4.240e-01
N 011 027 044 8.343e-02
N 012 039 008 4.962e-01
N 013 048 014 7.150e-01
N 014 068 081 3.243e-01
N 015 048 075 5.796e-01
N 016 078 001 7.938e-01
N 017 080 096 4.667e-01
N 018 042 000 8.802e-01
N 019 073 053 5.728e-02
E 000 001 1.931e+01
E 000 002 3.000e+01
E 000 003 3.758e+01
E 000 005 2.012e+01
E 000 007 5.595e+01
E 000 010 5.255e+01
E 000 011 3.338e+01
E 000 012 4.607e+01
E 000 014 3.298e+01
E 000 015 2.864e+01
E 000 018 5.220e+01
E 001 002 1.253e+01
E 001 004 7.882e+01
E 001 018 6.790e+01
E 002 007 8.576e+01
E 002 008 7.178e+01
E 002 012 6.507e+01
E 002 019 3.689e+01
E 003 004 6.220e+01
E 003 008 6.664e+01
E 003 009 9.753e+01
E 003 010 9.008e+01
E 003 011 7.021e+01
E 003 017 3.401e+01
E 003 019 2.419e+01
E 004 006 9.849e+01
E 004 009 1.053e+02
E 004 015 8.823e+01
E 004 017 9.492e+01
E 004 018 5.708e+01
E 005 016 7.131e+01
E 005 018 6.760e+01
E 006 008 8.820e+01
E 006 009 7.998e+01
E 006 010 7.920e+01
E 007 009 9.534e+01
E 007 012 4.866e+01
E 007 013 4.144e+01
E 007 015 8.453e+01
E 007 018 4.500e+01
E 008 011 5.445e+01
E 008 013 1.924e+01
E 008 014 7.606e+01
E 008 016 1.360e+01
E 009 011 2.746e+01
E 009 014 7.992e+01
E 009 015 6.000e+01
E 010 016 7.301e+01
E 010 014 7.649e+01
E 011 012 3.795e+01
E 011 013 3.662e+01
E 011 014 5.523e+01
E 012 014 7.855e+01
E 012 015 6.760e+01
E 013 017 8.802e+01
E 014 016 8.062e+01
E 014 018 8.507e+01
E 015 016 7.985e+01
E 016 017 9.502e+01
E 017 019 4.357e+01
