N 000 027 068 1.490e-01
N 001 000 005 9.376e-01
N 002 035 084 5.250e-01
N 003 032 025 2.240e-01
N 004 036 078 8.015e-01
N 005 074 042 4.383e-01
N 006 024 082 6.058e-01
N 007 063 082 8.799e-01
N 008 017 021 2.814e-01
N 009 055 034 8.910e-01
N 010 032 023 8.222e-01
N 011 012 073 8.810e-01
N 012 092 038 7.182e-01
N 013 022 050 5.664e-01
N 014 039 095 9.039e-01
N 015 043 042 4.018e-01
N 016 056 035 4.983e-01
N 017 094 045 3.589e-01
N 018 077 066 7.241e-01
N 019 088 002 1.103e-01
E 000 008 4.805e+01
E 000 009 4.405e+01
E 000 010 4.528e+01
E 000 019 8.987e+01
E 000 016 4.393e+01
E 001 015 5.673e+01
E 001 002 8.641e+01
E 001 010 3.672e+01
E 001 005 8.273e+01
E 001 013 5.009e+01
E 002 003 5.908e+01
E 002 005 5.731e+01
E 002 007 2.807e+01
E 002 009 5.385e+01
E 002 011 2.550e+01
E 002 013 3.640e+01
E 002 014 1.170e+01
E 002 017 7.072e+01
E 002 019 9.764e+01
E 003 004 5.315e+01
E 003 010 2.000e+00
E 003 013 2.693e+01
E 003 016 2.600e+01
E 003 017 6.515e+01
E 004 008 6.008e+01
E 004 009 4.793e+01
E 004 010 5.515e+01
E 004 013 3.130e+01
E 004 016 4.742e+01
E 005 006 6.403e+01
E 005 007 4.148e+01
E 005 008 6.075e+01
E 005 013 5.261e+01
E 006 018 5.536e+01
E 007 008 7.640e+01
E 007 011 5.179e+01
E 007 017 4.827e+01
E 007 019 8.382e+01
E 008 010 1.513e+01
E 008 014 7.720e+01
E 008 015 3.342e+01
E 008 017 8.065e+01
E 009 010 2.550e+01
E 009 011 5.805e+01
E 009 012 3.722e+01
E 009 017 4.052e+01
E 011 016 5.814e+01
E 011 019 1.040e+02
E 012 019 3.622e+01
E 012 014 7.783e+01
E 013 015 2.247e+01
E 013 018 5.728e+01
E 013 019 8.161e+01
E 014 016 6.236e+01
E 014 017 7.433e+01
E 014 018 4.780e+01
E 016 017 3.929e+01
E 016 019 4.597e+01
E 017 018 2.702e+01
E 017 019 4.342e+01
