N 000 029 056 8.869e-01
N 001 047 006 6.892e-01
N 002 023 090 4.228e-02
N 003 079 005 7.165e-01
N 004 040 034 7.750e-01
N 005 080 020 7.106e-01
N 006 065 040 4.015e-01
N 007 042 020 4.991e-02
N 008 056 032 2.705e-02
N 009 081 097 1.071e-02
N 010 066 032 3.607e-01
N 011 059 049 5.532e-01
N 012 041 075 2.644e-01
N 013 033 099 3.817e-01
N 014 074 062 8.330e-01
N 015 091 029 6.909e-01
N 016 015 001 3.329e-01
N 017 072 026 4.984e-01
N 018 084 055 8.394e-01
N 019 045 080 5.758e-02
E 000 005 6.243e+01
E 000 006 3.940e+01
E 000 009 6.622e+01
E 000 011 3.081e+01
E 000 012 2.247e+01
E 000 013 4.319e+01
E 000 018 5.501e+01
E 001 016 3.239e+01
E 001 002 8.736e+01
E 001 003 3.202e+01
E 001 012 6.926e+01
E 002 003 1.018e+02
E 002 005 9.027e+01
E 002 006 6.530e+01
E 002 007 7.253e+01
E 002 009 5.842e+01
E 002 013 1.345e+01
E 002 017 8.060e+01
E 002 019 2.417e+01
E 003 004 4.860e+01
E 003 006 3.770e+01
E 003 009 9.202e+01
E 003 011 4.833e+01
E 003 013 1.047e+02
E 003 014 5.722e+01
E 003 015 2.683e+01
E 003 018 5.025e+01
E 004 011 2.421e+01
E 004 013 6.538e+01
E 004 014 4.405e+01
E 004 007 1.414e+01
E 005 008 2.683e+01
E 005 010 1.844e+01
E 005 015 1.421e+01
E 005 016 6.772e+01
E 005 018 3.523e+01
E 006 017 1.565e+01
E 006 013 6.712e+01
E 007 008 1.844e+01
E 007 009 8.631e+01
E 007 015 4.982e+01
E 008 015 3.513e+01
E 008 009 6.964e+01
E 008 011 1.726e+01
E 009 013 4.804e+01
E 009 014 3.569e+01
E 009 015 6.873e+01
E 010 016 5.968e+01
E 010 015 2.518e+01
E 010 013 7.469e+01
E 011 013 5.636e+01
E 012 013 2.530e+01
E 012 016 7.843e+01
E 013 014 5.523e+01
E 013 017 8.276e+01
E 014 015 3.712e+01
E 014 019 3.413e+01
E 016 018 8.762e+01
E 016 019 8.450e+01
E 018 019 4.632e+01
