N 000 035 037 7.122e-01
N 001 018 061 2.809e-01
N 002 042 016 6.062e-01
N 003 009 055 9.348e-01
N 004 017 081 8.451e-01
N 005 021 016 8.372e-01
N 006 068 059 1.155e-01
N 007 038 018 3.464e-02
N 008 059 050 3.976e-01
N 009 077 095 7.037e-01
N 010 017 022 9.471e-01
N 011 077 062 5.197e-01
N 012 015 039 2.776e-01
N 013 002 092 9.484e-01
N 014 045 022 8.319e-03
N 015 023 057 2.631e-01
N 016 055 055 6.498e-01
N 017 001 034 8.167e-02
N 018 084 003 9.266e-01
N 019 039 066 3.279e-01
E 000 001 2.941e+01
E 000 003 3.162e+01
E 000 011 4.888e+01
E 000 013 6.414e+01
E 000 015 2.332e+01
E 000 016 2.691e+01
E 001 004 2.002e+01
E 001 007 4.742e+01
E 001 009 6.810e+01
E 001 010 3.901e+01
E 001 012 2.220e+01
E 001 014 4.743e+01
E 001 015 6.403e+00
E 002 011 5.780e+01
E 002 012 3.547e+01
E 002 006 5.025e+01
E 003 005 4.080e+01
E 003 007 4.701e+01
E 003 016 4.600e+01
E 003 018 9.126e+01
E 003 019 3.195e+01
E 004 011 6.294e+01
E 004 012 4.205e+01
E 004 013 1.860e+01
E 004 015 2.474e+01
E 004 016 4.604e+01
E 004 017 4.965e+01
E 004 018 1.028e+02
E 005 006 6.370e+01
E 005 013 7.834e+01
E 005 014 2.474e+01
E 005 017 2.691e+01
E 005 018 6.433e+01
E 006 007 5.080e+01
E 006 009 3.711e+01
E 006 012 5.665e+01
E 006 016 1.360e+01
E 007 012 3.114e+01
E 007 014 8.062e+00
E 007 015 4.179e+01
E 007 017 4.031e+01
E 008 016 6.403e+00
E 008 013 7.080e+01
E 009 014 7.971e+01
E 009 013 7.506e+01
E 010 016 5.033e+01
E 010 018 6.964e+01
E 010 014 2.800e+01
E 010 017 2.000e+01
E 012 018 7.783e+01
E 013 016 6.464e+01
E 013 017 5.801e+01
E 014 015 4.134e+01
E 014 016 3.448e+01
E 014 017 4.561e+01
E 015 018 8.147e+01
E 016 018 5.954e+01
E 016 019 1.942e+01
E 017 018 8.860e+01
E 018 019 7.742e+01
