N 000 022 003 2.208e-01
N 001 002 005 9.772e-01
N 002 027 091 2.026e-01
N 003 051 017 3.524e-01
N 004 044 051 7.193e-01
N 005 027 026 2.323e-01
N 006 064 078 5.162e-01
N 007 021 011 8.579e-01
N 008 026 093 5.530e-01
N 009 089 035 6.375e-01
N 010 043 094 3.179e-01
N 011 087 062 6.575e-01
N 012 019 057 4.321e-01
N 013 051 023 9.441e-01
N 014 056 022 3.298e-01
N 015 050 009 9.139e-01
N 016 098 056 1.114e-01
N 017 080 024 1.682e-01
N 018 039 011 3.742e-01
N 019 007 002 5.408e-01
E 000 001 2.010e+01
E 000 004 5.280e+01
E 000 007 8.062e+00
E 000 008 9.009e+01
E 000 012 5.408e+01
E 000 015 2.864e+01
E 000 016 9.266e+01
E 000 017 6.168e+01
E 001 003 5.045e+01
E 001 004 6.229e+01
E 001 006 9.578e+01
E 001 012 5.471e+01
E 001 015 4.817e+01
E 001 019 5.831e+00
E 002 006 3.922e+01
E 002 008 2.236e+00
E 002 010 1.628e+01
E 002 011 6.664e+01
E 002 013 7.211e+01
E 002 017 8.543e+01
E 002 018 8.089e+01
E 002 019 9.122e+01
E 003 005 2.563e+01
E 003 006 6.237e+01
E 003 008 8.001e+01
E 003 009 4.205e+01
E 003 011 5.763e+01
E 003 016 6.107e+01
E 003 017 2.983e+01
E 003 018 1.342e+01
E 004 019 6.140e+01
E 004 006 3.360e+01
E 004 015 4.243e+01
E 005 009 6.265e+01
E 005 010 6.986e+01
E 005 011 6.997e+01
E 005 018 1.921e+01
E 005 019 3.124e+01
E 006 008 4.085e+01
E 007 012 4.604e+01
E 007 014 3.669e+01
E 007 016 8.919e+01
E 007 017 6.042e+01
E 007 018 1.800e+01
E 008 010 1.703e+01
E 009 012 7.338e+01
E 009 014 3.547e+01
E 009 015 4.687e+01
E 009 016 2.285e+01
E 009 017 1.421e+01
E 010 019 9.879e+01
E 010 014 7.316e+01
E 011 018 7.004e+01
E 011 014 5.061e+01
E 012 019 5.629e+01
E 013 018 1.697e+01
E 015 018 1.118e+01
E 016 017 3.672e+01
E 016 019 1.058e+02
E 017 019 7.624e+01
