N 000 060 023 3.929e-01
N 001 096 074 2.369e-01
N 002 093 062 5.006e-01
N 003 074 053 4.715e-01
N 004 055 072 6.791e-01
N 005 081 062 8.011e-01
N 006 012 030 6.660e-01
N 007 018 034 2.816e-01
N 008 078 017 9.811e-01
N 009 096 041 2.752e-01
N 010 026 044 2.866e-01
N 011 088 048 4.052e-01
N 012 077 046 3.979e-01
N 013 088 078 7.686e-01
N 014 074 089 2.342e-01
N 015 047 000 4.619e-01
N 016 037 085 7.445e-01
N 017 077 068 2.523e-01
N 018 021 007 6.358e-01
N 019 046 031 3.398e-02
E 000 001 6.243e+01
E 000 015 2.642e+01
E 000 017 4.810e+01
E 000 005 4.429e+01
E 000 009 4.025e+01
E 001 005 1.921e+01
E 001 006 9.483e+01
E 001 011 2.720e+01
E 001 016 6.002e+01
E 001 017 1.992e+01
E 002 004 3.929e+01
E 002 009 2.121e+01
E 002 010 6.938e+01
E 002 014 3.302e+01
E 002 015 7.720e+01
E 002 016 6.054e+01
E 002 018 9.060e+01
E 002 019 5.630e+01
E 003 004 2.687e+01
E 003 005 1.140e+01
E 003 008 3.622e+01
E 003 009 2.506e+01
E 003 010 4.884e+01
E 003 018 7.018e+01
E 004 012 3.406e+01
E 004 013 3.354e+01
E 005 008 4.510e+01
E 005 010 5.787e+01
E 005 011 1.565e+01
E 005 012 1.649e+01
E 005 017 7.211e+00
E 006 008 6.727e+01
E 006 011 7.810e+01
E 006 012 6.694e+01
E 007 009 7.831e+01
E 007 011 7.139e+01
E 007 013 8.268e+01
E 007 015 4.469e+01
E 007 016 5.442e+01
E 007 018 2.717e+01
E 007 019 2.816e+01
E 008 011 3.257e+01
E 008 013 6.181e+01
E 008 016 7.940e+01
E 008 018 5.787e+01
E 009 016 7.360e+01
E 010 019 2.385e+01
E 011 013 3.000e+01
E 011 015 6.313e+01
E 011 018 7.855e+01
E 011 019 4.531e+01
E 013 014 1.780e+01
E 013 016 5.148e+01
E 013 017 1.487e+01
E 013 019 6.303e+01
E 014 016 3.722e+01
E 014 017 2.121e+01
E 014 015 9.301e+01
E 015 018 2.693e+01
E 017 019 4.827e+01
