N 000 092 090 1.832e-02
N 001 013 055 8.927e-01
N 002 059 097 6.508e-02
N 003 074 095 4.346e-01
N 004 069 040 6.520e-01
N 005 061 069 2.325e-01
N 006 039 069 1.242e-01
N 007 053 088 3.427e-01
N 008 099 014 5.614e-01
N 009 017 007 1.610e-01
N 010 077 043 4.113e-02
N 011 063 079 3.908e-01
N 012 045 064 6.522e-01
N 013 015 098 6.091e-01
N 014 041 097 9.855e-01
N 015 004 039 4.307e-01
N 016 029 096 7.458e-01
N 017 050 014 2.047e-01
N 018 079 010 9.102e-01
N 019 055 056 2.610e-01
E 000 009 1.119e+02
E 000 019 5.025e+01
E 000 014 5.148e+01
E 001 002 6.229e+01
E 001 004 5.797e+01
E 001 006 2.953e+01
E 001 010 6.512e+01
E 001 011 5.546e+01
E 001 012 3.324e+01
E 001 013 4.305e+01
E 001 014 5.048e+01
E 001 016 4.401e+01
E 002 003 1.513e+01
E 002 005 2.807e+01
E 002 007 1.082e+01
E 002 009 9.932e+01
E 002 012 3.585e+01
E 002 015 7.993e+01
E 002 016 3.002e+01
E 003 004 5.523e+01
E 003 005 2.907e+01
E 003 013 5.908e+01
E 004 007 5.060e+01
E 004 014 6.351e+01
E 004 015 6.501e+01
E 004 017 3.220e+01
E 004 018 3.162e+01
E 005 008 6.685e+01
E 005 009 7.603e+01
E 005 014 3.441e+01
E 005 015 6.441e+01
E 005 018 6.168e+01
E 006 011 2.600e+01
E 006 017 5.609e+01
E 006 013 3.764e+01
E 006 007 2.360e+01
E 007 014 1.500e+01
E 007 015 6.930e+01
E 007 016 2.530e+01
E 008 009 8.230e+01
E 008 018 2.040e+01
E 008 014 1.013e+02
E 008 017 4.900e+01
E 009 011 8.544e+01
E 010 018 3.306e+01
E 010 019 2.555e+01
E 010 017 3.962e+01
E 011 014 2.843e+01
E 011 015 7.128e+01
E 011 016 3.801e+01
E 011 019 2.435e+01
E 012 019 1.281e+01
E 012 015 4.802e+01
E 013 014 2.602e+01
E 013 015 6.002e+01
E 013 016 1.414e+01
E 014 016 1.204e+01
E 014 017 8.349e+01
E 015 016 6.224e+01
E 017 019 4.230e+01
