N 000 010 007 4.712e-02
N 001 034 074 1.719e-01
N 002 026 021 3.240e-01
N 003 094 050 9.324e-02
N 004 052 036 9.768e-01
N 005 084 073 6.805e-01
N 006 054 046 1.764e-01
N 007 018 013 1.729e-01
N 008 085 051 1.338e-01
N 009 098 010 4.712e-01
N 010 068 091 2.552e-01
N 011 021 019 7.558e-01
N 012 065 029 5.180e-01
N 013 009 060 8.464e-01
N 014 008 047 8.963e-01
N 015 075 087 3.540e-01
N 016 079 070 5.425e-01
N 017 058 085 4.243e-02
N 018 050 087 5.191e-01
N 019 057 045 8.128e-01
E 000 002 2.126e+01
E 000 007 1.000e+01
E 000 008 8.695e+01
E 000 010 1.021e+02
E 000 013 5.301e+01
E 000 015 1.031e+02
E 000 016 9.343e+01
E 001 002 5.360e+01
E 001 003 6.462e+01
E 001 004 4.205e+01
E 001 005 5.001e+01
E 001 006 3.441e+01
E 001 008 5.595e+01
E 001 011 5.652e+01
E 001 012 5.464e+01
E 001 013 2.865e+01
E 001 016 4.518e+01
E 002 015 8.220e+01
E 002 005 7.790e+01
E 002 009 7.284e+01
E 003 016 2.500e+01
E 003 013 8.559e+01
E 003 006 4.020e+01
E 004 008 3.625e+01
E 004 011 3.536e+01
E 004 015 5.595e+01
E 004 009 5.284e+01
E 005 008 2.202e+01
E 005 010 2.408e+01
E 005 013 7.612e+01
E 005 015 1.664e+01
E 005 016 5.831e+00
E 006 011 4.264e+01
E 006 013 4.713e+01
E 006 015 4.607e+01
E 006 019 3.162e+00
E 007 008 7.703e+01
E 007 013 4.785e+01
E 007 017 8.237e+01
E 008 018 5.021e+01
E 009 016 6.294e+01
E 009 012 3.808e+01
E 009 013 1.021e+02
E 010 011 8.598e+01
E 010 013 6.665e+01
E 010 015 8.062e+00
E 010 016 2.371e+01
E 010 017 1.166e+01
E 010 019 4.730e+01
E 011 015 8.683e+01
E 012 013 6.401e+01
E 012 015 5.886e+01
E 012 018 5.991e+01
E 012 019 1.789e+01
E 013 015 7.131e+01
E 013 016 7.071e+01
E 013 019 5.029e+01
E 014 016 7.463e+01
E 015 016 1.746e+01
E 018 019 4.258e+01
