N 000 064 047 9.035e-02
N 001 091 018 2.270e-01
N 002 075 041 5.246e-01
N 003 075 004 5.923e-01
N 004 013 009 1.692e-01
N 005 099 031 1.526e-02
N 006 081 096 2.623e-01
N 007 027 009 6.772e-01
N 008 030 017 4.378e-01
N 009 051 021 2.529e-01
N 010 002 025 5.804e-01
N 011 069 080 4.447e-01
N 012 011 091 5.439e-02
N 013 039 021 3.984e-01
N 014 032 005 8.094e-02
N 015 070 024 9.121e-01
N 016 096 090 5.883e-01
N 017 016 083 6.267e-01
N 018 093 023 8.788e-01
N 019 099 097 7.211e-01
E 000 016 5.360e+01
E 000 009 2.907e+01
E 000 019 6.103e+01
E 000 005 3.848e+01
E 000 007 5.304e+01
E 001 011 6.579e+01
E 001 003 2.126e+01
E 001 012 1.083e+02
E 001 015 2.184e+01
E 002 016 5.331e+01
E 002 003 3.700e+01
E 002 004 6.977e+01
E 002 014 5.608e+01
E 002 007 5.769e+01
E 003 004 6.220e+01
E 003 006 9.220e+01
E 003 007 4.826e+01
E 003 009 2.941e+01
E 003 011 7.624e+01
E 004 006 1.104e+02
E 004 012 8.202e+01
E 004 016 1.160e+02
E 004 018 8.122e+01
E 005 019 6.600e+01
E 005 010 9.719e+01
E 005 011 5.745e+01
E 005 018 1.000e+01
E 006 008 9.403e+01
E 006 010 1.062e+02
E 006 011 2.000e+01
E 006 016 1.616e+01
E 006 017 6.629e+01
E 006 019 1.803e+01
E 007 010 2.968e+01
E 007 011 8.249e+01
E 007 016 1.064e+02
E 007 017 7.481e+01
E 007 019 1.137e+02
E 008 009 2.138e+01
E 008 012 7.640e+01
E 009 011 6.168e+01
E 009 012 8.062e+01
E 009 014 2.484e+01
E 010 015 6.801e+01
E 010 016 1.143e+02
E 010 018 9.102e+01
E 011 012 5.903e+01
E 011 015 5.601e+01
E 011 019 3.448e+01
E 012 014 8.853e+01
E 012 015 8.927e+01
E 012 017 9.434e+00
E 012 018 1.065e+02
E 013 016 8.950e+01
E 013 018 5.404e+01
E 013 019 9.683e+01
E 014 016 1.064e+02
E 015 016 7.094e+01
E 016 017 8.031e+01
E 016 019 7.616e+00
