N 000 078 017 1.842e-01
N 001 098 098 5.053e-01
N 002 081 028 5.244e-02
N 003 027 010 9.617e-01
N 004 011 050 9.819e-01
N 005 012 091 4.278e-01
N 006 000 086 2.347e-01
N 007 057 068 2.015e-01
N 008 059 002 7.055e-01
N 009 091 027 9.167e-01
N 010 032 017 3.045e-01
N 011 021 011 1.994e-01
N 012 091 077 5.538e-01
N 013 098 024 1.651e-01
N 014 015 062 5.086e-02
N 015 022 073 9.264e-01
N 016 040 030 8.864e-01
N 017 048 057 2.013e-01
N 018 060 020 4.112e-01
N 019 076 038 5.772e-01
E 000 006 1.041e+02
E 000 010 4.600e+01
E 000 014 7.742e+01
E 000 016 4.016e+01
E 000 017 5.000e+01
E 000 018 1.825e+01
E 001 008 1.036e+02
E 001 010 1.045e+02
E 001 011 1.162e+02
E 001 018 8.676e+01
E 001 014 9.047e+01
E 002 003 5.692e+01
E 002 006 9.962e+01
E 002 007 4.665e+01
E 002 008 3.406e+01
E 002 009 1.005e+01
E 002 012 5.001e+01
E 002 013 1.746e+01
E 002 015 7.420e+01
E 003 005 8.238e+01
E 003 006 8.065e+01
E 003 009 6.622e+01
E 003 013 7.237e+01
E 003 017 5.148e+01
E 004 019 6.610e+01
E 004 012 8.443e+01
E 004 014 1.265e+01
E 004 006 3.764e+01
E 005 008 1.006e+02
E 005 012 8.023e+01
E 005 014 2.915e+01
E 005 016 6.712e+01
E 005 017 4.952e+01
E 006 008 1.026e+02
E 006 010 7.606e+01
E 006 012 9.144e+01
E 006 015 2.555e+01
E 006 017 5.608e+01
E 006 019 8.989e+01
E 007 016 4.163e+01
E 007 017 1.421e+01
E 008 014 7.440e+01
E 008 018 1.803e+01
E 009 017 5.243e+01
E 009 012 5.000e+01
E 009 013 7.616e+00
E 010 019 4.875e+01
E 010 015 5.689e+01
E 012 017 4.742e+01
E 012 019 4.179e+01
E 013 014 9.129e+01
E 013 016 5.831e+01
E 013 017 5.991e+01
E 014 015 1.304e+01
E 014 016 4.061e+01
E 014 017 3.338e+01
E 014 019 6.555e+01
E 016 019 3.688e+01
E 017 019 3.384e+01
E 018 019 2.408e+01
