N 000 077 069 2.566e-02
N 001 010 008 6.263e-01
N 002 065 020 9.458e-01
N 003 085 033 5.324e-01
N 004 054 080 1.235e-01
N 005 080 082 4.142e-01
N 006 016 091 1.259e-01
N 007 043 055 5.741e-01
N 008 049 083 7.642e-01
N 009 059 077 9.697e-01
N 010 016 019 8.950e-01
N 011 011 066 9.035e-01
N 012 059 056 6.464e-01
N 013 024 044 6.377e-01
N 014 054 041 7.844e-02
N 015 037 080 7.303e-01
N 016 003 062 9.831e-01
N 017 037 057 4.384e-01
N 018 014 085 3.435e-01
N 019 058 097 6.946e-01
E 000 005 1.334e+01
E 000 007 3.677e+01
E 000 011 6.607e+01
E 000 012 2.220e+01
E 000 014 3.624e+01
E 000 017 4.176e+01
E 000 019 3.384e+01
E 001 008 8.453e+01
E 001 017 5.595e+01
E 001 011 5.801e+01
E 001 013 3.863e+01
E 002 006 8.627e+01
E 002 010 4.901e+01
E 002 011 7.094e+01
E 002 012 3.650e+01
E 002 013 4.751e+01
E 002 017 4.640e+01
E 002 019 7.732e+01
E 003 018 8.801e+01
E 003 019 6.946e+01
E 003 004 5.630e+01
E 003 005 4.925e+01
E 004 005 2.608e+01
E 004 010 7.187e+01
E 004 016 5.408e+01
E 004 017 2.860e+01
E 004 019 1.746e+01
E 005 007 4.580e+01
E 005 008 3.102e+01
E 005 009 2.159e+01
E 005 010 8.981e+01
E 005 012 3.342e+01
E 005 018 6.607e+01
E 006 019 4.243e+01
E 006 012 5.544e+01
E 006 014 6.280e+01
E 006 015 2.371e+01
E 007 008 2.864e+01
E 007 010 4.500e+01
E 007 011 3.384e+01
E 007 015 2.571e+01
E 008 009 1.166e+01
E 008 013 4.632e+01
E 008 018 3.506e+01
E 009 018 4.571e+01
E 009 014 3.635e+01
E 010 011 4.727e+01
E 011 012 4.903e+01
E 011 013 2.555e+01
E 011 014 4.974e+01
E 011 017 2.751e+01
E 011 018 1.924e+01
E 012 013 3.700e+01
E 012 016 5.632e+01
E 013 015 3.828e+01
E 013 018 4.220e+01
E 014 016 5.515e+01
E 015 016 3.847e+01
E 017 019 4.518e+01
E 018 019 4.561e+01
