N 000 022 005 5.437e-01
N 001 044 011 1.206e-01
N 002 096 069 5.315e-02
N 003 014 071 3.334e-01
N 004 082 092 3.069e-01
N 005 002 064 7.093e-01
N 006 098 066 1.560e-01
N 007 028 085 5.566e-01
N 008 093 037 2.753e-01
N 009 093 061 1.405e-01
N 010 039 059 6.701e-01
N 011 032 080 7.427e-01
N 012 001 080 1.724e-02
N 013 011 003 1.304e-01
N 014 077 060 5.594e-01
N 015 050 098 6.925e-01
N 016 075 066 5.892e-01
N 017 021 035 1.220e-02
N 018 090 006 2.468e-01
N 019 006 016 6.491e-01
E 000 002 9.784e+01
E 000 004 1.057e+02
E 000 006 9.745e+01
E 000 009 9.043e+01
E 000 014 7.778e+01
E 000 015 9.712e+01
E 000 016 8.081e+01
E 000 019 1.942e+01
E 001 005 6.762e+01
E 001 009 7.001e+01
E 001 010 4.826e+01
E 001 011 7.004e+01
E 001 014 5.908e+01
E 001 016 6.313e+01
E 002 008 3.214e+01
E 002 011 6.494e+01
E 002 017 8.235e+01
E 002 018 6.329e+01
E 002 019 1.044e+02
E 003 014 6.395e+01
E 003 013 6.807e+01
E 003 006 8.415e+01
E 004 016 2.693e+01
E 004 018 8.637e+01
E 004 013 1.139e+02
E 004 017 8.349e+01
E 005 006 9.602e+01
E 005 008 9.492e+01
E 005 009 9.105e+01
E 005 013 6.166e+01
E 005 014 7.511e+01
E 005 018 1.054e+02
E 006 008 2.943e+01
E 006 011 6.747e+01
E 006 012 9.801e+01
E 006 013 1.074e+02
E 007 017 5.049e+01
E 007 018 1.004e+02
E 007 011 6.403e+00
E 008 011 7.463e+01
E 008 012 1.016e+02
E 008 014 2.802e+01
E 008 015 7.463e+01
E 008 016 3.413e+01
E 009 010 5.404e+01
E 009 011 6.389e+01
E 009 014 1.603e+01
E 009 016 1.868e+01
E 010 016 3.667e+01
E 010 018 7.355e+01
E 011 016 4.522e+01
E 011 018 9.402e+01
E 012 018 1.157e+02
E 012 015 5.220e+01
E 014 018 5.554e+01
E 015 016 4.061e+01
E 015 018 1.003e+02
E 015 019 9.306e+01
E 016 018 6.185e+01
E 018 019 8.459e+01
