N 000 098 090 5.920e-01
N 001 092 082 1.494e-01
N 002 013 088 6.824e-01
N 003 027 074 9.012e-01
N 004 050 018 5.254e-02
N 005 084 068 6.259e-01
N 006 004 020 3.523e-01
N 007 044 007 6.700e-02
N 008 078 046 3.276e-01
N 009 007 085 6.069e-02
N 010 042 027 8.158e-01
N 011 087 066 5.693e-01
N 012 072 033 8.273e-01
N 013 039 071 4.892e-01
N 014 053 058 4.169e-02
N 015 082 084 5.899e-01
N 016 065 016 9.598e-01
N 017 066 083 1.535e-01
N 018 025 047 7.163e-03
N 019 043 081 7.550e-01
E 000 014 5.522e+01
E 001 009 8.505e+01
E 001 010 7.433e+01
E 001 011 1.676e+01
E 001 013 5.413e+01
E 001 017 2.602e+01
E 002 003 1.980e+01
E 002 005 7.376e+01
E 002 008 7.739e+01
E 002 009 6.708e+00
E 002 012 8.066e+01
E 002 016 8.881e+01
E 002 017 5.324e+01
E 003 004 6.054e+01
E 003 005 5.731e+01
E 003 007 6.912e+01
E 003 009 2.283e+01
E 003 010 4.934e+01
E 003 016 6.934e+01
E 003 017 4.002e+01
E 004 017 6.694e+01
E 004 006 4.604e+01
E 004 015 7.335e+01
E 005 007 7.295e+01
E 005 008 2.280e+01
E 005 012 3.700e+01
E 005 018 6.263e+01
E 006 007 4.206e+01
E 006 008 7.843e+01
E 006 010 3.864e+01
E 006 011 9.489e+01
E 006 013 6.185e+01
E 007 010 2.010e+01
E 007 013 6.420e+01
E 007 017 7.912e+01
E 008 009 8.101e+01
E 008 014 2.773e+01
E 008 015 3.821e+01
E 008 018 5.301e+01
E 009 012 8.324e+01
E 009 017 5.903e+01
E 010 011 5.955e+01
E 010 012 3.059e+01
E 010 015 6.963e+01
E 011 012 3.625e+01
E 011 014 3.493e+01
E 011 015 1.868e+01
E 011 017 2.702e+01
E 011 018 6.485e+01
E 012 015 5.197e+01
E 012 016 1.838e+01
E 012 017 5.036e+01
E 013 015 4.492e+01
E 013 017 2.955e+01
E 014 018 3.008e+01
E 014 016 4.368e+01
E 015 017 1.603e+01
E 015 018 6.796e+01
E 015 019 3.912e+01
E 016 017 6.701e+01
