N 000 028 097 6.739e-01
N 001 020 022 3.893e-01
N 002 080 040 3.269e-01
N 003 024 017 8.109e-01
N 004 054 063 4.818e-01
N 005 025 059 5.294e-01
N 006 090 088 4.604e-01
N 007 004 061 7.188e-01
N 008 048 075 5.990e-01
N 009 026 081 2.744e-01
N 010 014 014 9.465e-01
N 011 027 028 9.725e-01
N 012 049 086 2.538e-01
N 013 098 011 1.935e-01
N 014 028 087 2.176e-01
N 015 081 090 3.611e-01
N 016 012 065 2.847e-01
N 017 098 001 2.507e-02
N 018 017 071 3.480e-01
N 019 059 089 4.993e-01
E 000 002 7.716e+01
E 000 003 8.010e+01
E 000 013 1.109e+02
E 000 010 8.417e+01
E 000 007 4.327e+01
E 001 003 6.403e+00
E 001 004 5.326e+01
E 001 007 4.215e+01
E 001 008 5.994e+01
E 001 010 1.000e+01
E 001 011 9.220e+00
E 001 019 7.752e+01
E 002 009 6.780e+01
E 002 010 7.094e+01
E 002 013 3.413e+01
E 002 017 4.295e+01
E 002 019 5.331e+01
E 003 009 6.403e+01
E 003 011 1.140e+01
E 003 015 9.262e+01
E 003 016 4.948e+01
E 003 017 7.571e+01
E 004 005 2.927e+01
E 004 008 1.342e+01
E 004 009 3.329e+01
E 004 015 3.818e+01
E 004 016 4.205e+01
E 004 017 7.603e+01
E 005 010 4.632e+01
E 005 014 2.816e+01
E 005 016 1.432e+01
E 005 017 9.324e+01
E 005 018 1.442e+01
E 006 007 9.014e+01
E 006 011 8.700e+01
E 006 013 7.741e+01
E 006 014 6.201e+01
E 006 015 9.220e+00
E 006 017 8.737e+01
E 006 019 3.102e+01
E 007 008 4.617e+01
E 007 014 3.538e+01
E 007 016 8.944e+00
E 008 013 8.122e+01
E 008 012 1.105e+01
E 009 010 6.807e+01
E 009 011 5.301e+01
E 009 016 2.126e+01
E 009 017 1.076e+02
E 010 012 8.006e+01
E 010 015 1.013e+02
E 010 018 5.708e+01
E 011 014 5.901e+01
E 012 017 9.811e+01
E 012 019 1.044e+01
E 012 015 3.225e+01
E 013 017 1.000e+01
E 014 016 2.720e+01
E 014 017 1.109e+02
E 016 019 5.277e+01
