N 000 056 057 7.603e-01
N 001 049 092 4.601e-01
N 002 039 058 1.566e-01
N 003 097 003 4.082e-01
N 004 006 084 5.303e-01
N 005 088 031 8.923e-01
N 006 031 013 5.582e-01
N 007 091 085 2.595e-02
N 008 004 015 6.951e-01
N 009 082 007 2.288e-01
N 010 029 077 9.755e-01
N 011 066 041 8.591e-01
N 012 002 045 4.101e-01
N 013 085 037 1.179e-01
N 014 078 079 7.925e-01
N 015 094 043 6.391e-01
N 016 020 033 4.539e-01
N 017 052 003 7.867e-01
N 018 015 013 7.743e-01
N 019 029 091 9.059e-01
E 000 002 1.703e+01
E 000 003 6.780e+01
E 000 004 5.682e+01
E 000 007 4.482e+01
E 000 010 3.360e+01
E 000 013 3.523e+01
E 000 017 5.415e+01
E 001 002 3.544e+01
E 001 003 1.011e+02
E 001 005 7.240e+01
E 001 012 6.647e+01
E 001 014 3.178e+01
E 001 015 6.653e+01
E 001 016 6.574e+01
E 002 006 4.571e+01
E 002 008 5.544e+01
E 002 010 2.147e+01
E 002 014 4.429e+01
E 002 015 5.701e+01
E 002 016 3.140e+01
E 003 007 8.222e+01
E 003 015 4.011e+01
E 003 017 4.500e+01
E 003 019 1.112e+02
E 004 006 7.527e+01
E 004 009 1.082e+02
E 004 012 3.920e+01
E 004 015 9.708e+01
E 004 018 7.157e+01
E 005 008 8.551e+01
E 005 009 2.474e+01
E 005 012 8.713e+01
E 005 015 1.342e+01
E 005 018 7.519e+01
E 006 017 2.326e+01
E 006 019 7.803e+01
E 006 010 6.403e+01
E 007 008 1.117e+02
E 007 015 4.211e+01
E 007 016 8.801e+01
E 007 019 6.229e+01
E 008 012 3.007e+01
E 008 014 9.784e+01
E 008 019 8.001e+01
E 009 019 9.932e+01
E 009 012 8.857e+01
E 009 011 3.758e+01
E 010 016 4.491e+01
E 010 013 6.882e+01
E 011 012 6.412e+01
E 011 014 3.985e+01
E 011 017 4.050e+01
E 012 013 8.338e+01
E 012 014 8.326e+01
E 013 017 4.738e+01
E 013 014 4.258e+01
E 014 017 8.032e+01
E 014 019 5.045e+01
E 015 019 8.080e+01
E 017 018 3.833e+01
