N 000 001 035 1.459e-01
N 001 025 016 5.337e-01
N 002 075 050 2.514e-01
N 003 058 032 5.238e-01
N 004 050 043 4.454e-02
N 005 037 017 6.041e-01
N 006 046 006 8.926e-01
N 007 018 089 2.334e-01
N 008 062 046 6.101e-01
N 009 050 040 8.526e-01
N 010 047 030 6.747e-01
N 011 020 035 1.289e-01
N 012 049 067 3.822e-01
N 013 063 083 1.656e-01
N 014 035 003 2.619e-01
N 015 063 031 2.734e-01
N 016 068 036 5.068e-01
N 017 018 008 7.937e-01
N 018 062 032 6.286e-01
N 019 042 037 2.491e-01
E 000 007 5.661e+01
E 000 010 4.627e+01
E 000 011 1.900e+01
E 000 012 5.769e+01
E 000 016 6.701e+01
E 000 018 6.107e+01
E 001 002 6.046e+01
E 001 003 3.667e+01
E 001 004 3.680e+01
E 001 006 2.326e+01
E 001 007 7.333e+01
E 001 009 3.466e+01
E 001 014 1.640e+01
E 001 017 1.063e+01
E 002 005 5.033e+01
E 002 006 5.270e+01
E 002 007 6.907e+01
E 002 011 5.701e+01
E 002 012 3.106e+01
E 002 018 2.220e+01
E 003 011 3.812e+01
E 003 005 2.581e+01
E 003 013 5.124e+01
E 004 018 1.628e+01
E 004 011 3.105e+01
E 004 012 2.402e+01
E 004 005 2.907e+01
E 005 009 2.642e+01
E 005 010 1.640e+01
E 005 012 5.142e+01
E 005 015 2.953e+01
E 005 019 2.062e+01
E 006 010 2.402e+01
E 006 011 3.895e+01
E 006 012 6.107e+01
E 006 018 3.053e+01
E 007 008 6.152e+01
E 007 013 4.540e+01
E 007 017 8.100e+01
E 007 018 7.201e+01
E 008 009 1.342e+01
E 008 018 1.400e+01
E 008 011 4.342e+01
E 008 012 2.470e+01
E 009 018 1.442e+01
E 009 016 1.844e+01
E 010 018 1.513e+01
E 010 011 2.746e+01
E 011 013 6.444e+01
E 011 018 4.211e+01
E 011 019 2.209e+01
E 012 013 2.126e+01
E 012 018 3.734e+01
E 013 016 4.727e+01
E 013 018 5.101e+01
E 014 016 4.667e+01
E 014 019 3.471e+01
E 014 017 1.772e+01
E 014 015 3.960e+01
E 016 017 5.731e+01
