N 000 029 058 4.594e-01
N 001 069 086 7.444e-01
N 002 007 017 4.235e-01
N 003 084 013 4.485e-01
N 004 046 062 1.342e-01
N 005 066 089 6.261e-01
N 006 050 049 5.154e-02
N 007 065 024 3.187e-02
N 008 040 030 6.005e-01
N 009 021 066 7.222e-01
N 010 027 081 1.768e-01
N 011 004 033 3.683e-02
N 012 014 072 5.253e-01
N 013 040 064 8.880e-01
N 014 060 002 4.825e-01
N 015 016 075 7.990e-01
N 016 048 044 4.948e-01
N 017 007 042 6.531e-02
N 018 092 000 3.286e-01
N 019 093 072 2.675e-01
E 000 002 4.653e+01
E 000 004 1.746e+01
E 000 005 4.827e+01
E 000 006 2.285e+01
E 000 007 4.952e+01
E 000 008 3.008e+01
E 000 010 2.309e+01
E 000 019 6.551e+01
E 001 003 7.453e+01
E 001 004 3.324e+01
E 001 006 4.159e+01
E 001 008 6.306e+01
E 001 009 5.200e+01
E 001 010 4.230e+01
E 001 012 5.675e+01
E 001 016 4.696e+01
E 002 004 5.955e+01
E 002 006 5.360e+01
E 002 009 5.096e+01
E 002 012 5.544e+01
E 002 013 5.743e+01
E 002 015 5.869e+01
E 002 019 1.021e+02
E 003 008 4.717e+01
E 003 018 1.526e+01
E 003 015 9.202e+01
E 004 005 3.360e+01
E 004 009 2.532e+01
E 004 012 3.353e+01
E 004 018 7.720e+01
E 004 019 4.805e+01
E 005 008 6.447e+01
E 005 014 8.721e+01
E 005 009 5.054e+01
E 006 011 4.870e+01
E 006 013 1.803e+01
E 006 016 5.385e+00
E 007 010 6.851e+01
E 007 018 3.612e+01
E 008 009 4.071e+01
E 008 012 4.940e+01
E 009 010 1.616e+01
E 009 011 3.712e+01
E 009 016 3.483e+01
E 009 017 2.778e+01
E 010 016 4.254e+01
E 010 018 1.039e+02
E 011 012 4.026e+01
E 011 017 9.487e+00
E 012 015 3.606e+00
E 013 016 2.154e+01
E 013 017 3.966e+01
E 013 019 5.360e+01
E 014 016 4.368e+01
E 014 017 6.640e+01
E 014 019 7.739e+01
E 015 016 4.455e+01
E 015 017 3.421e+01
E 015 019 7.706e+01
E 018 019 7.201e+01
