N 000 077 034 4.383e-01
N 001 031 078 6.579e-01
N 002 049 067 2.689e-01
N 003 021 072 4.830e-01
N 004 070 004 1.942e-01
N 005 012 051 4.945e-01
N 006 071 075 5.918e-01
N 007 049 018 2.522e-01
N 008 047 080 2.887e-01
N 009 067 037 4.843e-01
N 010 079 010 6.308e-01
N 011 069 037 5.653e-01
N 012 023 002 6.972e-02
N 013 040 049 5.556e-02
N 014 072 005 8.645e-01
N 015 005 074 7.124e-01
N 016 024 055 3.728e-01
N 017 077 091 3.806e-01
N 018 046 007 4.580e-01
N 019 084 096 7.896e-01
E 000 011 8.544e+00
E 000 013 3.992e+01
E 000 014 2.943e+01
E 000 015 8.237e+01
E 000 016 5.701e+01
E 000 017 5.700e+01
E 001 009 5.456e+01
E 001 010 8.323e+01
E 001 004 8.365e+01
E 001 005 3.302e+01
E 002 004 6.641e+01
E 002 008 1.315e+01
E 002 010 6.441e+01
E 002 013 2.012e+01
E 002 015 4.455e+01
E 002 018 6.007e+01
E 003 008 2.720e+01
E 003 009 5.780e+01
E 003 010 8.490e+01
E 003 018 6.964e+01
E 003 016 1.726e+01
E 004 007 2.524e+01
E 004 008 7.940e+01
E 004 012 4.704e+01
E 004 015 9.552e+01
E 005 010 7.855e+01
E 005 019 8.491e+01
E 005 012 5.022e+01
E 005 007 4.958e+01
E 006 008 2.452e+01
E 006 009 3.821e+01
E 006 018 7.245e+01
E 006 011 3.805e+01
E 006 007 6.110e+01
E 007 017 7.819e+01
E 007 019 8.549e+01
E 008 016 3.397e+01
E 009 012 5.622e+01
E 009 013 2.955e+01
E 009 016 4.662e+01
E 009 017 5.492e+01
E 009 019 6.140e+01
E 010 011 2.879e+01
E 010 013 5.515e+01
E 010 015 9.784e+01
E 010 017 8.102e+01
E 011 013 3.138e+01
E 011 014 3.214e+01
E 011 017 5.459e+01
E 011 019 6.088e+01
E 012 016 5.301e+01
E 013 014 5.441e+01
E 013 016 1.709e+01
E 013 017 5.597e+01
E 013 018 4.243e+01
E 013 019 6.438e+01
E 015 016 2.687e+01
E 015 017 7.398e+01
E 017 018 8.954e+01
E 017 019 8.602e+00
