N 000 016 034 8.924e-01
N 001 044 022 3.871e-01
N 002 083 034 1.636e-01
N 003 035 089 1.211e-01
N 004 060 048 1.583e-01
N 005 007 091 8.700e-01
N 006 003 085 7.827e-01
N 007 060 056 9.892e-01
N 008 055 090 8.955e-02
N 009 090 074 6.431e-01
N 010 063 035 8.273e-01
N 011 065 097 9.764e-01
N 012 049 096 8.825e-01
N 013 031 002 6.925e-01
N 014 083 094 9.467e-01
N 015 046 056 9.117e-01
N 016 007 013 9.823e-01
N 017 038 072 7.735e-01
N 018 052 039 9.898e-01
N 019 017 020 4.769e-01
E 000 003 5.819e+01
E 000 007 4.919e+01
E 000 011 7.981e+01
E 000 012 7.024e+01
E 000 015 3.720e+01
E 000 018 3.635e+01
E 001 017 5.036e+01
E 001 015 3.406e+01
E 001 007 3.758e+01
E 002 005 9.500e+01
E 002 007 3.183e+01
E 002 010 2.002e+01
E 002 011 6.552e+01
E 002 014 6.000e+01
E 002 016 7.885e+01
E 003 004 4.802e+01
E 003 014 4.826e+01
E 004 011 4.925e+01
E 004 012 4.924e+01
E 004 014 5.143e+01
E 004 016 6.351e+01
E 004 018 1.204e+01
E 004 019 5.131e+01
E 005 008 4.801e+01
E 005 006 7.211e+00
E 005 007 6.351e+01
E 006 009 8.769e+01
E 006 017 3.734e+01
E 006 012 4.730e+01
E 006 007 6.395e+01
E 007 010 2.121e+01
E 007 011 4.130e+01
E 007 013 6.129e+01
E 007 014 4.442e+01
E 007 015 1.400e+01
E 007 016 6.825e+01
E 007 019 5.608e+01
E 008 009 3.848e+01
E 008 019 7.965e+01
E 009 010 4.743e+01
E 009 011 3.397e+01
E 009 012 4.653e+01
E 009 017 5.204e+01
E 010 016 6.017e+01
E 010 017 4.465e+01
E 011 012 1.603e+01
E 011 014 1.825e+01
E 011 017 3.680e+01
E 012 017 2.640e+01
E 012 018 5.708e+01
E 013 016 2.640e+01
E 013 017 7.035e+01
E 013 019 2.280e+01
E 014 015 5.304e+01
E 014 016 1.111e+02
E 014 018 6.313e+01
E 015 017 1.789e+01
E 016 017 6.665e+01
E 016 018 5.197e+01
E 018 019 3.982e+01
