N 000 028 051 9.004e-01
N 001 019 070 6.295e-01
N 002 094 080 1.512e-01
N 003 069 015 7.708e-02
N 004 056 019 9.319e-01
N 005 025 069 9.400e-01
N 006 068 061 2.673e-01
N 007 001 070 6.458e-01
N 008 036 025 1.110e-01
N 009 093 060 8.577e-01
N 010 085 037 8.553e-01
N 011 087 027 1.043e-01
N 012 072 012 3.336e-01
N 013 017 025 4.844e-01
N 014 062 070 6.191e-01
N 015 026 054 2.495e-01
N 016 005 044 4.226e-01
N 017 043 034 5.647e-01
N 018 030 037 9.711e-01
N 019 016 023 7.965e-01
E 000 005 1.825e+01
E 000 008 2.720e+01
E 000 013 2.823e+01
E 000 014 3.895e+01
E 000 016 2.404e+01
E 000 018 1.414e+01
E 001 011 8.045e+01
E 001 012 7.857e+01
E 001 010 7.379e+01
E 001 003 7.433e+01
E 001 004 6.301e+01
E 002 004 7.187e+01
E 002 006 3.220e+01
E 002 008 7.993e+01
E 002 011 5.346e+01
E 002 014 3.353e+01
E 002 016 9.601e+01
E 002 019 9.661e+01
E 003 006 4.601e+01
E 003 013 5.295e+01
E 003 014 5.544e+01
E 003 016 7.026e+01
E 003 017 3.220e+01
E 004 007 7.501e+01
E 004 013 3.946e+01
E 004 015 4.610e+01
E 004 018 3.162e+01
E 004 019 4.020e+01
E 005 008 4.535e+01
E 005 012 7.388e+01
E 006 007 6.760e+01
E 006 009 2.502e+01
E 006 010 2.941e+01
E 006 011 3.895e+01
E 006 013 6.243e+01
E 006 014 1.082e+01
E 006 015 4.258e+01
E 006 016 6.525e+01
E 006 017 3.680e+01
E 007 009 9.254e+01
E 007 012 9.168e+01
E 008 010 5.045e+01
E 008 011 5.104e+01
E 008 019 2.010e+01
E 009 015 6.727e+01
E 009 016 8.944e+01
E 009 011 3.354e+01
E 010 016 8.031e+01
E 010 017 4.211e+01
E 010 019 7.041e+01
E 011 016 8.374e+01
E 011 017 4.455e+01
E 012 015 6.229e+01
E 012 016 7.425e+01
E 012 019 5.707e+01
E 013 014 6.364e+01
E 013 017 2.751e+01
E 014 015 3.940e+01
E 015 016 2.326e+01
E 015 019 3.257e+01
