N 000 047 031 8.086e-01
N 001 096 004 7.172e-01
N 002 013 094 2.930e-01
N 003 049 002 6.990e-01
N 004 043 058 3.886e-01
N 005 063 091 3.117e-01
N 006 016 032 8.983e-01
N 007 046 088 3.049e-01
N 008 053 029 3.899e-01
N 009 023 022 9.140e-01
N 010 035 076 2.228e-01
N 011 054 030 6.172e-02
N 012 068 053 9.505e-01
N 013 056 069 8.951e-01
N 014 044 064 8.048e-02
N 015 083 037 6.440e-01
N 016 005 039 4.084e-01
N 017 087 028 4.646e-01
N 018 063 019 5.606e-02
N 019 089 072 5.608e-01
E 000 017 4.011e+01
E 000 018 2.000e+01
E 000 019 5.869e+01
E 000 012 3.041e+01
E 000 006 3.102e+01
E 001 008 4.974e+01
E 001 016 9.750e+01
E 001 014 7.940e+01
E 002 015 9.027e+01
E 002 009 7.269e+01
E 002 003 9.879e+01
E 002 016 5.558e+01
E 002 007 3.354e+01
E 003 004 5.632e+01
E 003 005 9.009e+01
E 003 009 3.280e+01
E 003 014 6.220e+01
E 003 018 2.202e+01
E 004 006 3.748e+01
E 004 007 3.015e+01
E 004 008 3.068e+01
E 004 010 1.970e+01
E 004 018 4.383e+01
E 005 009 7.976e+01
E 005 010 3.176e+01
E 005 018 7.200e+01
E 006 007 6.353e+01
E 006 012 5.608e+01
E 006 013 5.449e+01
E 006 015 6.719e+01
E 007 008 5.941e+01
E 007 011 5.855e+01
E 007 016 6.389e+01
E 007 017 7.267e+01
E 007 019 4.588e+01
E 008 010 5.033e+01
E 008 014 3.614e+01
E 008 018 1.414e+01
E 009 010 5.532e+01
E 009 014 4.696e+01
E 009 015 6.185e+01
E 009 018 4.011e+01
E 010 011 4.977e+01
E 010 013 2.214e+01
E 010 016 4.763e+01
E 010 019 5.415e+01
E 011 016 4.982e+01
E 011 015 2.983e+01
E 011 013 3.905e+01
E 012 014 2.640e+01
E 012 016 6.454e+01
E 012 017 3.140e+01
E 012 018 3.437e+01
E 013 019 3.314e+01
E 013 015 4.187e+01
E 014 016 4.632e+01
E 014 017 5.608e+01
E 016 018 6.135e+01
E 016 019 9.025e+01
E 017 019 4.405e+01
