N 000 050 029 5.564e-01
N 001 052 085 4.158e-01
N 002 000 028 5.022e-01
N 003 024 026 9.872e-02
N 004 031 072 2.506e-01
N 005 095 035 4.813e-01
N 006 069 082 9.599e-01
N 007 015 020 6.885e-01
N 008 099 070 3.321e-01
N 009 070 012 2.847e-02
N 010 079 085 6.408e-01
N 011 068 042 8.494e-01
N 012 012 027 4.483e-01
N 013 059 005 4.304e-01
N 014 034 030 9.724e-01
N 015 019 045 8.774e-01
N 016 025 002 6.030e-01
N 017 052 045 2.172e-01
N 018 096 095 3.040e-01
N 019 085 001 7.249e-01
E 000 001 5.604e+01
E 000 002 5.001e+01
E 000 003 2.617e+01
E 000 004 4.701e+01
E 000 007 3.614e+01
E 000 014 1.603e+01
E 000 018 8.045e+01
E 001 005 6.595e+01
E 001 006 1.726e+01
E 001 012 7.046e+01
E 001 013 8.031e+01
E 001 018 4.512e+01
E 002 003 2.408e+01
E 002 005 9.526e+01
E 002 007 1.700e+01
E 002 011 6.943e+01
E 002 013 6.332e+01
E 003 004 4.653e+01
E 003 005 7.157e+01
E 003 006 7.184e+01
E 003 007 1.082e+01
E 003 009 4.808e+01
E 003 011 4.682e+01
E 003 013 4.082e+01
E 003 014 1.077e+01
E 003 016 2.402e+01
E 003 017 3.384e+01
E 004 011 4.763e+01
E 004 019 8.920e+01
E 004 007 5.441e+01
E 005 007 8.139e+01
E 005 015 7.666e+01
E 005 017 4.415e+01
E 006 007 8.222e+01
E 006 008 3.231e+01
E 006 014 6.268e+01
E 006 016 9.130e+01
E 006 017 4.072e+01
E 007 012 7.616e+00
E 007 018 1.104e+02
E 008 009 6.485e+01
E 009 011 3.007e+01
E 009 013 1.304e+01
E 009 016 4.610e+01
E 009 018 8.698e+01
E 010 016 9.902e+01
E 010 018 1.972e+01
E 010 012 8.862e+01
E 010 015 7.211e+01
E 011 012 5.797e+01
E 011 014 3.606e+01
E 011 016 5.873e+01
E 011 018 5.994e+01
E 012 015 1.931e+01
E 012 018 1.081e+02
E 013 019 2.631e+01
E 015 016 4.342e+01
E 015 018 9.181e+01
E 016 017 5.077e+01
E 017 019 5.500e+01
