N 000 053 045 6.749e-01
N 001 031 045 7.195e-01
N 002 044 037 9.658e-01
N 003 094 026 5.875e-01
N 004 034 008 7.394e-01
N 005 093 043 2.779e-01
N 006 040 055 1.432e-01
N 007 087 064 9.941e-01
N 008 081 044 5.361e-01
N 009 071 011 9.753e-02
N 010 056 072 9.164e-02
N 011 011 053 5.386e-01
N 012 096 056 7.583e-02
N 013 032 058 3.413e-01
N 014 009 009 2.442e-01
N 015 049 052 4.770e-01
N 016 011 007 8.653e-01
N 017 006 096 4.646e-01
N 018 051 057 5.099e-01
N 019 018 051 7.527e-01
E 000 004 4.159e+01
E 000 007 3.895e+01
E 000 008 2.802e+01
E 000 009 3.847e+01
E 000 013 2.470e+01
E 000 015 8.062e+00
E 000 018 1.217e+01
E 001 003 6.580e+01
E 001 008 5.001e+01
E 001 011 2.154e+01
E 001 013 1.304e+01
E 001 014 4.219e+01
E 001 017 5.680e+01
E 001 019 1.432e+01
E 002 003 5.120e+01
E 002 004 3.068e+01
E 002 006 1.844e+01
E 002 010 3.700e+01
E 002 014 4.482e+01
E 002 018 2.119e+01
E 003 004 6.264e+01
E 003 005 1.703e+01
E 003 010 5.967e+01
E 003 013 6.977e+01
E 004 005 6.860e+01
E 004 006 4.738e+01
E 004 009 3.712e+01
E 004 010 6.768e+01
E 004 012 7.841e+01
E 004 017 9.235e+01
E 005 018 4.427e+01
E 005 014 9.062e+01
E 005 007 2.184e+01
E 006 007 4.785e+01
E 006 009 5.382e+01
E 006 010 2.335e+01
E 006 012 5.601e+01
E 006 013 8.544e+00
E 006 016 5.608e+01
E 007 009 5.536e+01
E 007 015 3.985e+01
E 008 009 3.448e+01
E 008 010 3.754e+01
E 008 011 7.058e+01
E 008 018 3.270e+01
E 009 011 7.324e+01
E 009 013 6.107e+01
E 009 015 4.653e+01
E 009 019 6.640e+01
E 010 015 2.119e+01
E 010 016 7.906e+01
E 011 018 4.020e+01
E 012 013 6.403e+01
E 012 014 9.888e+01
E 012 015 4.717e+01
E 012 018 4.501e+01
E 012 019 7.816e+01
E 013 014 5.413e+01
E 013 015 1.803e+01
E 016 017 8.914e+01
