N 000 099 006 3.177e-01
N 001 068 088 1.495e-01
N 002 073 046 9.710e-01
N 003 024 018 5.811e-01
N 004 063 027 4.394e-01
N 005 055 024 4.708e-01
N 006 053 070 4.749e-01
N 007 041 093 5.806e-01
N 008 074 033 1.031e-01
N 009 067 029 1.178e-01
N 010 067 018 6.206e-01
N 011 050 062 4.894e-01
N 012 036 057 9.491e-01
N 013 026 090 8.394e-01
N 014 069 099 2.382e-02
N 015 088 080 8.476e-01
N 016 006 087 9.336e-01
N 017 076 054 2.874e-01
N 018 004 084 8.176e-01
N 019 007 011 2.490e-01
E 000 001 8.766e+01
E 000 002 4.771e+01
E 000 004 4.168e+01
E 000 008 3.680e+01
E 000 012 8.106e+01
E 000 014 9.772e+01
E 000 016 1.233e+02
E 001 003 8.268e+01
E 001 005 6.531e+01
E 001 008 5.533e+01
E 001 009 5.901e+01
E 001 015 2.154e+01
E 001 016 6.201e+01
E 001 017 3.493e+01
E 001 019 9.823e+01
E 002 008 1.304e+01
E 002 019 7.471e+01
E 003 006 5.954e+01
E 003 010 4.300e+01
E 003 011 5.111e+01
E 003 013 7.203e+01
E 003 018 6.896e+01
E 003 019 1.838e+01
E 004 006 4.415e+01
E 004 007 6.957e+01
E 004 010 9.849e+00
E 004 014 7.225e+01
E 004 017 2.997e+01
E 004 019 5.824e+01
E 005 007 7.041e+01
E 005 012 3.808e+01
E 005 013 7.209e+01
E 005 015 6.500e+01
E 005 016 7.981e+01
E 005 019 4.973e+01
E 006 017 2.802e+01
E 006 010 5.385e+01
E 007 008 6.848e+01
E 007 010 7.938e+01
E 007 013 1.530e+01
E 007 019 8.877e+01
E 008 009 8.062e+00
E 008 014 6.619e+01
E 009 015 5.515e+01
E 010 012 4.982e+01
E 010 015 6.546e+01
E 010 018 9.124e+01
E 010 019 6.041e+01
E 011 015 4.205e+01
E 012 013 3.448e+01
E 012 014 5.341e+01
E 012 017 4.011e+01
E 013 015 6.280e+01
E 013 017 6.161e+01
E 013 018 2.280e+01
E 014 017 4.554e+01
E 014 019 1.076e+02
E 015 018 8.410e+01
E 016 017 7.739e+01
E 017 019 8.130e+01
