N 000 029 082 3.206e-01
N 001 099 020 8.825e-02
N 002 032 059 4.302e-01
N 003 082 008 4.952e-01
N 004 054 074 9.869e-01
N 005 096 022 8.865e-01
N 006 097 090 1.255e-01
N 007 039 067 7.231e-01
N 008 093 081 2.654e-02
N 009 093 033 7.870e-01
N 010 042 059 4.800e-01
N 011 018 064 8.916e-02
N 012 005 073 1.134e-02
N 013 015 045 5.425e-01
N 014 063 016 5.540e-01
N 015 083 068 4.067e-01
N 016 011 009 9.918e-01
N 017 040 045 5.769e-01
N 018 098 092 3.566e-01
N 019 088 075 1.243e-01
E 000 016 7.519e+01
E 000 018 6.972e+01
E 000 019 5.941e+01
E 000 004 2.625e+01
E 000 005 8.994e+01
E 001 002 7.752e+01
E 001 004 7.029e+01
E 001 005 3.606e+00
E 001 006 7.003e+01
E 001 009 1.432e+01
E 001 010 6.907e+01
E 001 012 1.079e+02
E 001 013 8.764e+01
E 001 015 5.060e+01
E 001 019 5.609e+01
E 002 019 5.824e+01
E 002 013 2.202e+01
E 002 005 7.393e+01
E 002 007 1.063e+01
E 003 016 7.101e+01
E 003 017 5.597e+01
E 003 006 8.336e+01
E 004 010 1.921e+01
E 004 008 3.962e+01
E 005 007 7.262e+01
E 005 008 5.908e+01
E 005 010 6.546e+01
E 005 015 4.780e+01
E 005 016 8.599e+01
E 005 019 5.360e+01
E 006 019 1.749e+01
E 006 015 2.608e+01
E 007 013 3.256e+01
E 007 014 5.636e+01
E 007 015 4.401e+01
E 007 019 4.965e+01
E 008 009 4.800e+01
E 008 010 5.554e+01
E 008 012 8.836e+01
E 009 010 5.725e+01
E 009 018 5.921e+01
E 010 013 3.041e+01
E 010 014 4.785e+01
E 010 015 4.198e+01
E 011 017 2.907e+01
E 011 019 7.086e+01
E 011 012 1.581e+01
E 011 013 1.924e+01
E 011 015 6.512e+01
E 012 018 9.492e+01
E 012 015 7.816e+01
E 013 017 2.500e+01
E 013 018 9.538e+01
E 014 017 3.701e+01
E 014 015 5.571e+01
E 015 016 9.309e+01
E 016 017 4.623e+01
E 016 019 1.014e+02
E 017 018 7.465e+01
E 017 019 5.660e+01
