N 000 066 095 4.715e-01
N 001 042 094 7.341e-01
N 002 067 009 8.041e-01
N 003 049 063 8.995e-01
N 004 030 036 3.493e-01
N 005 059 069 9.009e-01
N 006 083 033 7.277e-01
N 007 072 089 6.529e-02
N 008 004 059 6.194e-01
N 009 047 053 9.348e-01
N 010 071 021 9.676e-01
N 011 098 064 7.173e-01
N 012 094 022 1.689e-01
N 013 062 068 3.750e-01
N 014 046 033 9.089e-01
N 015 050 096 3.002e-01
N 016 086 071 4.131e-01
N 017 081 091 9.764e-02
N 018 051 027 3.168e-01
N 019 046 070 1.153e-01
E 000 001 2.402e+01
E 000 003 3.624e+01
E 000 004 6.912e+01
E 000 009 4.610e+01
E 000 015 1.603e+01
E 000 016 3.124e+01
E 001 005 3.023e+01
E 001 007 3.041e+01
E 001 008 5.166e+01
E 001 011 6.353e+01
E 001 014 6.113e+01
E 001 018 6.760e+01
E 001 019 2.433e+01
E 002 016 6.485e+01
E 002 011 6.313e+01
E 002 012 2.997e+01
E 003 005 1.166e+01
E 003 007 3.471e+01
E 003 009 1.020e+01
E 003 010 4.741e+01
E 003 013 1.393e+01
E 003 015 3.302e+01
E 003 017 4.252e+01
E 004 010 4.366e+01
E 004 012 6.551e+01
E 004 006 5.308e+01
E 004 007 6.762e+01
E 005 015 2.846e+01
E 005 009 2.000e+01
E 005 007 2.385e+01
E 006 008 8.317e+01
E 006 009 4.118e+01
E 006 010 1.697e+01
E 006 011 3.444e+01
E 007 009 4.383e+01
E 007 010 6.801e+01
E 007 011 3.607e+01
E 007 013 2.326e+01
E 007 017 9.220e+00
E 007 018 6.546e+01
E 007 019 3.220e+01
E 008 011 9.413e+01
E 008 015 5.903e+01
E 008 016 8.287e+01
E 008 017 8.338e+01
E 009 010 4.000e+01
E 009 012 5.630e+01
E 009 015 4.310e+01
E 009 016 4.295e+01
E 010 017 7.071e+01
E 010 019 5.501e+01
E 011 019 5.235e+01
E 012 017 7.021e+01
E 013 015 3.046e+01
E 013 017 2.983e+01
E 014 017 6.774e+01
E 015 019 2.631e+01
E 016 018 5.622e+01
E 016 019 4.001e+01
E 018 019 4.329e+01
