N 000 003 050 2.811e-01
N 001 067 071 2.923e-01
N 002 028 098 3.293e-01
N 003 018 076 1.049e-01
N 004 022 030 1.800e-01
N 005 036 026 6.774e-01
N 006 007 068 2.787e-01
N 007 026 026 1.764e-01
N 008 001 067 4.286e-01
N 009 081 056 2.969e-01
N 010 078 076 9.545e-01
N 011 067 091 6.332e-01
N 012 046 053 5.507e-01
N 013 013 079 6.111e-01
N 014 003 083 8.809e-01
N 015 097 049 3.948e-01
N 016 007 032 5.541e-01
N 017 040 051 4.946e-01
N 018 056 026 5.041e-01
N 019 001 043 2.489e-01
E 000 005 4.080e+01
E 000 006 1.844e+01
E 000 008 1.712e+01
E 000 010 7.938e+01
E 000 011 7.601e+01
E 000 015 9.401e+01
E 001 017 3.360e+01
E 001 002 4.743e+01
E 001 003 4.925e+01
E 001 013 5.459e+01
E 002 005 7.244e+01
E 002 011 3.962e+01
E 002 016 6.926e+01
E 002 017 4.851e+01
E 002 018 7.725e+01
E 003 008 1.924e+01
E 003 011 5.124e+01
E 003 013 5.831e+00
E 003 017 3.330e+01
E 003 018 6.280e+01
E 003 019 3.712e+01
E 004 009 6.447e+01
E 004 010 7.247e+01
E 004 018 3.423e+01
E 004 017 2.766e+01
E 005 007 1.000e+01
E 005 010 6.530e+01
E 005 011 7.201e+01
E 005 012 2.879e+01
E 005 013 5.778e+01
E 005 017 2.532e+01
E 005 018 2.000e+01
E 006 009 7.497e+01
E 006 010 7.145e+01
E 006 011 6.426e+01
E 006 012 4.179e+01
E 006 018 6.454e+01
E 006 019 2.571e+01
E 007 008 4.802e+01
E 007 013 5.457e+01
E 007 014 6.147e+01
E 007 015 7.463e+01
E 007 018 3.000e+01
E 007 019 3.023e+01
E 008 017 4.215e+01
E 008 014 1.612e+01
E 009 016 7.779e+01
E 009 015 1.746e+01
E 010 013 6.507e+01
E 010 015 3.302e+01
E 011 014 6.450e+01
E 011 016 8.415e+01
E 011 017 4.826e+01
E 011 018 6.592e+01
E 012 017 6.325e+00
E 012 014 5.243e+01
E 013 018 6.825e+01
E 014 016 5.116e+01
E 015 016 9.159e+01
E 016 017 3.808e+01
