N 000 096 022 6.755e-01
N 001 025 049 2.694e-01
N 002 023 018 4.077e-01
N 003 000 038 6.866e-01
N 004 089 008 9.691e-01
N 005 017 074 6.526e-01
N 006 025 095 8.266e-01
N 007 000 022 4.949e-01
N 008 085 081 9.643e-01
N 009 014 008 6.071e-01
N 010 061 079 5.403e-01
N 011 097 046 3.765e-01
N 012 064 090 5.661e-01
N 013 050 093 9.055e-01
N 014 085 048 5.228e-01
N 015 055 061 2.606e-01
N 016 007 097 1.576e-01
N 017 060 002 7.312e-01
N 018 069 001 4.810e-01
N 019 011 039 1.328e-01
E 000 008 6.002e+01
E 000 002 7.311e+01
E 000 004 1.565e+01
E 000 013 8.460e+01
E 000 006 1.018e+02
E 001 002 3.106e+01
E 001 004 7.601e+01
E 001 009 4.245e+01
E 001 011 7.206e+01
E 001 013 5.061e+01
E 001 014 6.001e+01
E 002 004 6.675e+01
E 002 010 7.187e+01
E 002 012 8.286e+01
E 002 016 8.060e+01
E 002 019 2.419e+01
E 003 007 1.600e+01
E 003 009 3.311e+01
E 003 012 8.246e+01
E 003 013 7.433e+01
E 003 016 5.941e+01
E 003 018 7.829e+01
E 004 008 7.311e+01
E 004 011 3.883e+01
E 004 015 6.297e+01
E 004 019 8.393e+01
E 005 009 6.607e+01
E 005 018 8.963e+01
E 005 011 8.476e+01
E 005 012 4.965e+01
E 005 013 3.808e+01
E 006 018 1.038e+02
E 006 019 5.772e+01
E 006 015 4.534e+01
E 007 008 1.035e+02
E 007 009 1.980e+01
E 007 012 9.338e+01
E 007 016 7.533e+01
E 008 009 1.018e+02
E 008 015 3.606e+01
E 008 016 7.962e+01
E 008 018 8.158e+01
E 009 015 6.701e+01
E 010 011 4.884e+01
E 010 012 1.140e+01
E 010 018 7.841e+01
E 010 015 1.897e+01
E 011 014 1.217e+01
E 011 019 8.628e+01
E 012 013 1.432e+01
E 012 016 5.743e+01
E 012 017 8.809e+01
E 012 019 7.355e+01
E 013 018 9.394e+01
E 014 016 9.211e+01
E 015 016 6.000e+01
E 015 019 4.919e+01
E 016 017 1.088e+02
E 017 019 6.140e+01
E 018 019 6.934e+01
