N 000 049 082 9.182e-01
N 001 056 094 6.356e-01
N 002 044 072 3.162e-01
N 003 091 086 4.208e-01
N 004 075 029 6.849e-01
N 005 052 033 7.692e-01
N 006 003 061 6.491e-01
N 007 027 051 5.530e-01
N 008 064 027 1.783e-01
N 009 041 049 2.732e-01
N 010 032 041 2.668e-01
N 011 057 029 4.135e-01
N 012 019 083 4.041e-02
N 013 054 070 4.428e-01
N 014 005 009 7.549e-01
N 015 025 087 6.529e-01
N 016 001 044 1.544e-01
N 017 092 039 8.558e-01
N 018 025 099 3.076e-01
N 019 008 091 9.586e-01
E 000 001 1.389e+01
E 000 004 5.903e+01
E 000 005 4.909e+01
E 000 007 3.801e+01
E 000 009 3.396e+01
E 000 012 3.002e+01
E 000 017 6.081e+01
E 000 018 2.941e+01
E 001 008 6.748e+01
E 001 002 2.506e+01
E 001 013 2.408e+01
E 001 017 6.573e+01
E 002 006 4.245e+01
E 002 007 2.702e+01
E 002 008 4.924e+01
E 002 011 4.492e+01
E 002 012 2.731e+01
E 003 016 9.932e+01
E 003 010 7.420e+01
E 003 014 1.154e+02
E 004 008 1.118e+01
E 004 011 1.800e+01
E 004 013 4.607e+01
E 004 014 7.280e+01
E 004 016 7.550e+01
E 004 017 1.972e+01
E 004 018 8.602e+01
E 005 009 1.942e+01
E 005 010 2.154e+01
E 005 013 3.705e+01
E 005 015 6.037e+01
E 005 019 7.280e+01
E 006 008 6.984e+01
E 006 015 3.406e+01
E 006 018 4.391e+01
E 006 007 2.600e+01
E 007 008 4.410e+01
E 007 012 3.298e+01
E 007 013 3.302e+01
E 007 014 4.741e+01
E 007 018 4.804e+01
E 008 019 8.504e+01
E 009 011 2.561e+01
E 009 013 2.470e+01
E 009 015 4.123e+01
E 009 019 5.341e+01
E 010 011 2.773e+01
E 010 016 3.114e+01
E 011 012 6.603e+01
E 011 016 5.797e+01
E 011 018 7.697e+01
E 012 013 3.734e+01
E 012 016 4.295e+01
E 012 019 1.360e+01
E 013 014 7.824e+01
E 013 017 4.904e+01
E 013 018 4.101e+01
E 015 019 1.746e+01
E 016 017 9.114e+01
E 016 018 6.001e+01
