N 000 036 095 2.329e-01
N 001 086 088 3.408e-01
N 002 041 018 7.756e-02
N 003 064 063 1.090e-01
N 004 045 011 9.729e-01
N 005 045 073 6.525e-01
N 006 026 039 4.923e-01
N 007 061 045 6.116e-01
N 008 006 028 4.571e-01
N 009 012 079 1.019e-01
N 010 099 073 6.460e-01
N 011 063 039 3.825e-01
N 012 016 024 7.045e-01
N 013 099 017 8.049e-01
N 014 020 075 3.078e-02
N 015 008 068 7.337e-02
N 016 061 042 1.129e-01
N 017 098 055 8.402e-01
N 018 098 001 4.098e-01
N 019 040 079 6.522e-01
E 000 009 2.884e+01
E 000 012 7.376e+01
E 000 013 1.003e+02
E 000 016 5.860e+01
E 000 017 7.378e+01
E 000 018 1.126e+02
E 001 019 4.687e+01
E 001 004 8.724e+01
E 002 004 8.062e+00
E 002 006 2.581e+01
E 002 009 6.754e+01
E 002 011 3.041e+01
E 002 015 5.991e+01
E 002 019 6.101e+01
E 003 005 2.147e+01
E 003 006 4.494e+01
E 003 008 6.774e+01
E 003 009 5.441e+01
E 003 013 5.780e+01
E 003 018 7.071e+01
E 004 014 6.871e+01
E 004 006 3.384e+01
E 005 006 3.895e+01
E 005 009 3.354e+01
E 005 013 7.779e+01
E 005 015 3.734e+01
E 005 017 5.597e+01
E 006 009 4.238e+01
E 006 017 7.376e+01
E 006 018 8.141e+01
E 006 019 4.238e+01
E 007 016 3.000e+00
E 007 018 5.749e+01
E 007 011 6.325e+00
E 007 013 4.720e+01
E 008 011 5.805e+01
E 008 012 1.077e+01
E 008 014 4.904e+01
E 008 015 4.005e+01
E 008 017 9.588e+01
E 008 018 9.588e+01
E 009 010 8.721e+01
E 009 014 8.944e+00
E 009 015 1.170e+01
E 009 017 8.929e+01
E 009 019 2.800e+01
E 010 017 1.803e+01
E 011 016 3.606e+00
E 011 012 4.934e+01
E 012 013 8.329e+01
E 012 014 5.116e+01
E 012 015 4.472e+01
E 012 018 8.516e+01
E 013 015 1.043e+02
E 014 019 2.040e+01
E 015 017 9.093e+01
E 016 018 5.523e+01
E 017 018 5.400e+01
E 017 019 6.277e+01
E 018 019 9.720e+01
