N 000 094 037 9.679e-01
N 001 078 004 1.721e-01
N 002 038 052 7.060e-01
N 003 027 073 1.776e-01
N 004 018 062 5.322e-01
N 005 091 047 5.374e-01
N 006 055 093 5.364e-01
N 007 087 005 2.044e-01
N 008 041 046 3.255e-01
N 009 098 014 3.426e-01
N 010 074 092 6.622e-01
N 011 039 065 5.276e-01
N 012 047 091 3.049e-02
N 013 045 011 6.957e-01
N 014 044 070 3.449e-02
N 015 079 087 6.458e-01
N 016 011 073 3.109e-01
N 017 026 004 1.916e-01
N 018 066 059 1.028e-01
N 019 093 097 4.160e-01
E 000 008 5.376e+01
E 000 012 7.159e+01
E 000 019 6.001e+01
E 000 004 8.001e+01
E 000 016 9.047e+01
E 001 016 9.618e+01
E 001 003 8.580e+01
E 001 004 8.345e+01
E 001 006 9.192e+01
E 001 007 9.055e+00
E 002 003 2.371e+01
E 002 004 2.236e+01
E 002 005 5.324e+01
E 002 008 6.708e+00
E 002 011 1.304e+01
E 002 016 3.421e+01
E 003 005 6.908e+01
E 003 006 3.441e+01
E 003 015 5.385e+01
E 003 016 1.600e+01
E 003 018 4.144e+01
E 003 019 7.023e+01
E 004 007 8.950e+01
E 004 015 6.592e+01
E 004 017 5.855e+01
E 004 018 4.809e+01
E 004 019 8.276e+01
E 005 007 4.219e+01
E 005 011 5.503e+01
E 005 014 5.233e+01
E 005 015 4.176e+01
E 005 017 7.794e+01
E 006 016 4.833e+01
E 007 009 1.421e+01
E 007 010 8.797e+01
E 007 011 7.684e+01
E 007 012 9.485e+01
E 007 013 4.243e+01
E 007 018 5.794e+01
E 007 019 9.220e+01
E 008 018 2.818e+01
E 008 012 4.540e+01
E 008 010 5.661e+01
E 009 010 8.161e+01
E 009 011 7.799e+01
E 009 013 5.308e+01
E 009 015 7.543e+01
E 009 016 1.051e+02
E 009 018 5.522e+01
E 010 015 7.071e+00
E 011 014 7.071e+00
E 011 015 4.565e+01
E 011 017 6.237e+01
E 011 018 2.766e+01
E 012 018 3.722e+01
E 012 014 2.121e+01
E 013 019 9.849e+01
E 017 019 1.146e+02
E 017 018 6.801e+01
E 018 019 4.662e+01
