N 000 054 055 6.058e-01
N 001 097 033 3.861e-01
N 002 021 042 3.025e-01
N 003 010 083 5.753e-01
N 004 029 069 9.117e-01
N 005 062 020 3.916e-01
N 006 037 049 1.657e-01
N 007 079 010 6.613e-01
N 008 062 004 1.527e-01
N 009 064 096 2.155e-01
N 010 030 049 3.137e-01
N 011 037 069 6.981e-01
N 012 051 044 1.917e-01
N 013 063 076 2.120e-01
N 014 051 035 8.773e-02
N 015 009 088 4.255e-02
N 016 079 058 7.630e-01
N 017 011 058 7.108e-01
N 018 063 054 3.097e-01
N 019 054 006 6.403e-01
E 000 016 2.518e+01
E 000 002 3.547e+01
E 000 014 2.022e+01
E 000 007 5.148e+01
E 001 009 7.112e+01
E 001 002 7.653e+01
E 001 003 1.003e+02
E 001 012 4.730e+01
E 001 005 3.734e+01
E 002 003 4.245e+01
E 002 007 6.624e+01
E 002 012 3.007e+01
E 002 014 3.081e+01
E 002 016 6.017e+01
E 002 018 4.368e+01
E 003 005 8.169e+01
E 003 006 4.342e+01
E 003 008 9.458e+01
E 003 013 5.346e+01
E 003 014 6.313e+01
E 003 019 8.868e+01
E 004 009 4.420e+01
E 004 010 2.002e+01
E 004 012 3.330e+01
E 004 013 3.471e+01
E 004 016 5.120e+01
E 004 018 3.716e+01
E 005 006 3.829e+01
E 005 007 1.972e+01
E 005 008 1.600e+01
E 005 011 5.501e+01
E 005 014 1.860e+01
E 005 017 6.360e+01
E 005 019 1.612e+01
E 006 012 1.487e+01
E 006 013 3.748e+01
E 007 010 6.263e+01
E 007 012 4.405e+01
E 007 018 4.682e+01
E 008 009 9.202e+01
E 008 010 5.522e+01
E 008 011 6.964e+01
E 008 013 7.201e+01
E 008 015 9.932e+01
E 008 017 7.428e+01
E 009 013 2.002e+01
E 009 015 5.558e+01
E 009 019 9.055e+01
E 010 012 2.159e+01
E 010 013 4.264e+01
E 011 015 3.384e+01
E 012 014 9.000e+00
E 012 016 3.130e+01
E 012 017 4.238e+01
E 012 018 1.562e+01
E 013 017 5.503e+01
E 014 015 6.762e+01
E 015 017 3.007e+01
E 015 019 9.354e+01
E 018 019 4.884e+01
