N 000 012 043 8.764e-01
N 001 059 066 3.083e-01
N 002 037 080 7.434e-01
N 003 094 059 1.594e-01
N 004 016 066 9.398e-01
N 005 006 056 9.134e-01
N 006 008 015 2.284e-01
N 007 083 000 6.057e-01
N 008 070 001 7.544e-02
N 009 015 097 8.378e-01
N 010 054 035 2.846e-01
N 011 076 098 7.387e-01
N 012 075 084 3.219e-01
N 013 062 021 3.954e-01
N 014 092 091 6.417e-01
N 015 011 070 6.218e-01
N 016 047 064 1.555e-01
N 017 048 062 9.887e-03
N 018 002 025 8.446e-02
N 019 014 097 3.588e-02
E 000 001 5.233e+01
E 000 009 5.408e+01
E 000 013 5.463e+01
E 000 014 9.330e+01
E 000 017 4.071e+01
E 000 019 5.404e+01
E 001 013 4.510e+01
E 001 015 4.817e+01
E 001 017 1.170e+01
E 001 018 7.021e+01
E 001 019 5.464e+01
E 002 003 6.075e+01
E 002 006 7.118e+01
E 002 008 8.562e+01
E 002 012 3.821e+01
E 002 015 2.786e+01
E 002 018 6.519e+01
E 003 006 9.660e+01
E 003 007 6.002e+01
E 003 010 4.665e+01
E 003 013 4.968e+01
E 003 019 8.857e+01
E 004 006 5.162e+01
E 004 007 9.405e+01
E 004 008 8.450e+01
E 004 009 3.102e+01
E 004 010 4.904e+01
E 004 014 8.001e+01
E 005 010 5.239e+01
E 005 015 1.487e+01
E 006 012 9.618e+01
E 006 017 6.172e+01
E 006 018 1.166e+01
E 007 009 1.185e+02
E 007 012 8.438e+01
E 007 013 2.970e+01
E 007 015 1.004e+02
E 007 018 8.477e+01
E 008 009 1.106e+02
E 008 011 9.719e+01
E 008 012 8.315e+01
E 008 018 7.211e+01
E 008 019 1.111e+02
E 009 016 4.597e+01
E 010 015 5.544e+01
E 010 016 2.983e+01
E 010 017 2.766e+01
E 010 019 7.378e+01
E 011 013 7.826e+01
E 011 015 7.077e+01
E 011 016 4.469e+01
E 011 017 4.561e+01
E 011 018 1.039e+02
E 011 019 6.201e+01
E 012 013 6.433e+01
E 012 015 6.551e+01
E 014 018 1.116e+02
E 015 016 3.650e+01
E 016 017 2.236e+00
E 016 018 5.955e+01
