N 000 014 071 4.858e-01
N 001 003 067 6.935e-01
N 002 014 092 5.772e-01
N 003 006 020 8.220e-01
N 004 032 067 6.388e-01
N 005 054 087 6.109e-01
N 006 087 005 5.925e-01
N 007 067 094 1.561e-01
N 008 067 079 9.208e-01
N 009 079 050 1.468e-01
N 010 086 004 1.356e-01
N 011 079 034 7.485e-01
N 012 008 006 3.682e-02
N 013 055 025 6.849e-01
N 014 002 009 1.695e-01
N 015 012 068 5.511e-01
N 016 033 076 7.661e-01
N 017 069 058 1.907e-01
N 018 073 046 8.039e-01
N 019 040 027 2.352e-01
E 000 007 5.778e+01
E 000 009 6.831e+01
E 000 010 9.835e+01
E 000 013 6.162e+01
E 000 016 1.965e+01
E 000 018 6.408e+01
E 001 011 8.286e+01
E 001 016 3.132e+01
E 001 010 1.042e+02
E 001 003 4.710e+01
E 001 006 1.044e+02
E 002 005 4.031e+01
E 002 007 5.304e+01
E 002 010 1.137e+02
E 002 015 2.408e+01
E 002 016 2.484e+01
E 002 018 7.481e+01
E 003 005 8.242e+01
E 003 008 8.486e+01
E 003 011 7.433e+01
E 003 015 4.837e+01
E 003 018 7.187e+01
E 004 007 4.420e+01
E 004 009 4.998e+01
E 004 010 8.298e+01
E 004 015 2.002e+01
E 004 016 9.055e+00
E 004 018 4.607e+01
E 005 018 4.519e+01
E 005 013 6.201e+01
E 005 015 4.610e+01
E 006 012 7.901e+01
E 006 013 3.774e+01
E 006 015 9.795e+01
E 006 016 8.920e+01
E 006 017 5.597e+01
E 007 008 1.500e+01
E 007 018 4.837e+01
E 008 009 3.138e+01
E 008 010 7.737e+01
E 008 013 5.532e+01
E 008 015 5.609e+01
E 008 017 2.110e+01
E 008 019 5.859e+01
E 009 011 1.600e+01
E 009 013 3.466e+01
E 009 017 1.281e+01
E 010 011 3.081e+01
E 010 018 4.397e+01
E 011 012 7.632e+01
E 011 013 2.563e+01
E 011 017 2.600e+01
E 012 015 6.213e+01
E 013 015 6.081e+01
E 013 017 3.585e+01
E 014 017 8.301e+01
E 014 018 8.006e+01
E 014 019 4.205e+01
E 017 018 1.265e+01
E 018 019 3.808e+01
