N 000 022 097 9.255e-01
N 001 054 091 4.629e-01
N 002 050 067 3.487e-01
N 003 016 023 1.924e-01
N 004 081 044 1.769e-01
N 005 085 081 2.872e-01
N 006 039 089 6.647e-01
N 007 051 011 8.082e-01
N 008 021 050 6.743e-02
N 009 020 036 8.914e-01
N 010 032 030 9.139e-02
N 011 099 007 9.993e-01
N 012 007 056 1.963e-01
N 013 000 002 1.675e-01
N 014 049 071 1.345e-01
N 015 041 091 4.578e-01
N 016 063 077 1.245e-01
N 017 088 022 1.916e-01
N 018 004 014 9.439e-01
N 019 098 082 3.601e-01
E 000 001 3.256e+01
E 000 003 7.424e+01
E 000 009 6.103e+01
E 000 016 4.562e+01
E 000 017 9.990e+01
E 000 018 8.493e+01
E 001 016 1.664e+01
E 001 010 6.485e+01
E 001 011 9.529e+01
E 002 003 5.561e+01
E 002 008 3.362e+01
E 002 011 7.747e+01
E 002 014 4.123e+00
E 002 015 2.563e+01
E 002 016 1.640e+01
E 003 004 6.831e+01
E 003 005 9.014e+01
E 003 006 6.989e+01
E 003 011 8.453e+01
E 003 012 3.421e+01
E 003 014 5.825e+01
E 003 015 7.245e+01
E 003 016 7.159e+01
E 003 018 1.500e+01
E 004 016 3.759e+01
E 004 015 6.172e+01
E 005 017 5.908e+01
E 005 018 1.051e+02
E 005 013 1.160e+02
E 005 014 3.736e+01
E 006 007 7.892e+01
E 006 008 4.295e+01
E 006 009 5.630e+01
E 006 012 4.597e+01
E 006 015 2.828e+00
E 006 016 2.683e+01
E 006 019 5.941e+01
E 007 009 3.982e+01
E 007 010 2.687e+01
E 007 012 6.294e+01
E 007 015 8.062e+01
E 007 017 3.860e+01
E 007 018 4.710e+01
E 007 019 8.515e+01
E 008 009 1.404e+01
E 008 016 4.993e+01
E 008 018 3.981e+01
E 008 019 8.338e+01
E 009 011 8.415e+01
E 009 013 3.945e+01
E 009 018 2.720e+01
E 010 018 3.225e+01
E 010 013 4.252e+01
E 011 015 1.021e+02
E 011 017 1.860e+01
E 011 019 7.501e+01
E 014 019 5.022e+01
E 015 018 8.543e+01
E 016 017 6.042e+01
E 017 019 6.083e+01
