N 000 017 052 8.773e-01
N 001 021 029 8.921e-01
N 002 013 058 6.749e-01
N 003 011 074 1.794e-02
N 004 069 075 4.896e-01
N 005 022 049 3.929e-01
N 006 035 044 8.381e-01
N 007 069 027 5.046e-01
N 008 018 005 7.750e-01
N 009 056 016 1.156e-01
N 010 012 033 1.318e-03
N 011 081 025 9.715e-01
N 012 073 031 5.324e-01
N 013 069 047 3.254e-01
N 014 034 072 2.050e-01
N 015 064 043 7.549e-01
N 016 032 094 9.851e-01
N 017 025 002 6.024e-01
N 018 080 063 4.889e-01
N 019 081 033 2.092e-01
E 000 002 7.211e+00
E 000 004 5.686e+01
E 000 007 5.770e+01
E 000 009 5.308e+01
E 000 013 5.224e+01
E 000 018 6.395e+01
E 001 018 6.810e+01
E 001 003 4.610e+01
E 001 004 6.648e+01
E 001 013 5.126e+01
E 001 015 4.522e+01
E 002 004 5.852e+01
E 002 013 5.707e+01
E 002 014 2.524e+01
E 002 015 5.316e+01
E 002 016 4.071e+01
E 003 005 2.731e+01
E 003 006 3.842e+01
E 003 008 6.935e+01
E 003 011 8.545e+01
E 003 016 2.900e+01
E 004 009 6.042e+01
E 004 010 7.080e+01
E 004 016 4.159e+01
E 004 017 8.523e+01
E 004 018 1.628e+01
E 004 019 4.368e+01
E 005 006 1.393e+01
E 005 007 5.189e+01
E 005 008 4.418e+01
E 005 009 4.738e+01
E 005 011 6.369e+01
E 005 018 5.967e+01
E 006 013 3.413e+01
E 006 015 2.902e+01
E 006 017 4.317e+01
E 006 019 4.730e+01
E 007 012 5.657e+00
E 007 014 5.701e+01
E 007 015 1.676e+01
E 007 016 7.654e+01
E 008 014 6.888e+01
E 008 015 5.967e+01
E 008 016 9.009e+01
E 008 018 8.490e+01
E 008 019 6.894e+01
E 009 018 5.277e+01
E 009 019 3.023e+01
E 010 012 6.103e+01
E 010 013 5.869e+01
E 011 017 6.054e+01
E 011 012 1.000e+01
E 012 015 1.500e+01
E 012 018 3.276e+01
E 013 014 4.301e+01
E 013 015 6.403e+00
E 013 017 6.294e+01
E 014 018 4.687e+01
E 015 017 5.659e+01
E 016 017 9.227e+01
