N 000 018 000 8.284e-01
N 001 076 068 7.021e-01
N 002 066 028 4.084e-01
N 003 028 050 6.186e-01
N 004 070 063 5.159e-01
N 005 033 015 4.473e-01
N 006 078 096 1.432e-02
N 007 030 081 7.682e-01
N 008 030 052 2.212e-01
N 009 026 074 9.809e-01
N 010 032 048 1.004e-01
N 011 069 099 7.007e-01
N 012 016 074 1.471e-02
N 013 035 014 2.606e-01
N 014 074 097 3.034e-02
N 015 015 094 2.867e-01
N 016 072 072 6.078e-03
N 017 068 029 7.219e-01
N 018 093 066 8.841e-01
N 019 043 052 8.627e-01
E 000 002 5.557e+01
E 000 005 2.121e+01
E 000 006 1.132e+02
E 000 008 5.337e+01
E 000 011 1.114e+02
E 000 012 7.403e+01
E 000 014 1.120e+02
E 000 016 9.000e+01
E 000 017 5.780e+01
E 000 018 9.990e+01
E 001 002 4.123e+01
E 001 011 3.178e+01
E 001 018 1.712e+01
E 002 003 4.391e+01
E 002 004 3.523e+01
E 002 009 6.096e+01
E 002 011 7.106e+01
E 002 012 6.794e+01
E 002 018 4.662e+01
E 003 017 4.518e+01
E 003 015 4.588e+01
E 004 005 6.061e+01
E 004 007 4.386e+01
E 004 009 4.535e+01
E 004 012 5.511e+01
E 004 013 6.022e+01
E 004 015 6.313e+01
E 004 016 9.220e+00
E 004 018 2.319e+01
E 004 019 2.915e+01
E 005 007 6.607e+01
E 005 009 5.941e+01
E 005 010 3.302e+01
E 005 011 9.139e+01
E 005 012 6.140e+01
E 005 014 9.168e+01
E 005 018 7.875e+01
E 006 009 5.646e+01
E 006 011 9.487e+00
E 007 017 6.440e+01
E 007 011 4.295e+01
E 008 018 6.454e+01
E 008 011 6.107e+01
E 008 014 6.294e+01
E 009 014 5.323e+01
E 009 015 2.283e+01
E 009 018 6.748e+01
E 009 019 2.780e+01
E 010 018 6.360e+01
E 010 011 6.301e+01
E 010 014 6.454e+01
E 011 012 5.860e+01
E 011 013 9.155e+01
E 011 015 5.423e+01
E 012 013 6.294e+01
E 013 016 6.880e+01
E 014 017 6.826e+01
E 014 018 3.636e+01
E 015 017 8.387e+01
E 015 019 5.048e+01
