N 000 097 041 9.258e-01
N 001 045 070 4.151e-01
N 002 016 093 5.236e-01
N 003 065 042 6.042e-01
N 004 078 099 3.165e-01
N 005 048 074 9.534e-01
N 006 021 058 6.181e-01
N 007 035 019 6.400e-01
N 008 070 058 7.517e-01
N 009 088 009 7.607e-01
N 010 097 046 6.876e-01
N 011 056 028 5.284e-01
N 012 008 035 5.619e-01
N 013 036 022 9.459e-02
N 014 068 050 7.798e-03
N 015 003 095 9.793e-01
N 016 064 089 3.066e-01
N 017 008 044 8.382e-01
N 018 071 029 3.730e-01
N 019 056 050 3.275e-01
E 000 001 5.954e+01
E 000 002 9.625e+01
E 000 004 6.103e+01
E 000 005 5.908e+01
E 000 007 6.579e+01
E 000 008 3.191e+01
E 000 012 8.920e+01
E 001 003 3.441e+01
E 001 006 2.683e+01
E 001 008 2.773e+01
E 001 012 5.093e+01
E 001 017 4.522e+01
E 001 018 4.855e+01
E 002 003 7.072e+01
E 002 004 6.229e+01
E 002 005 3.722e+01
E 002 006 3.536e+01
E 002 009 1.106e+02
E 002 013 7.376e+01
E 002 014 6.748e+01
E 002 018 8.439e+01
E 003 014 8.544e+00
E 003 006 4.682e+01
E 004 005 3.905e+01
E 004 006 7.021e+01
E 004 010 5.630e+01
E 004 015 7.511e+01
E 004 016 1.720e+01
E 004 017 8.902e+01
E 005 008 2.720e+01
E 005 009 7.632e+01
E 005 011 4.669e+01
E 005 013 5.337e+01
E 005 015 4.966e+01
E 005 018 5.054e+01
E 005 019 2.530e+01
E 006 012 2.642e+01
E 007 008 5.240e+01
E 007 009 5.394e+01
E 007 012 3.138e+01
E 007 013 3.162e+00
E 007 016 7.577e+01
E 007 017 3.680e+01
E 008 011 3.311e+01
E 008 012 6.613e+01
E 008 015 7.654e+01
E 009 010 3.808e+01
E 009 013 5.360e+01
E 009 017 8.732e+01
E 010 019 4.119e+01
E 010 014 2.927e+01
E 011 015 8.543e+01
E 011 016 6.152e+01
E 011 018 1.503e+01
E 011 019 2.200e+01
E 012 013 3.087e+01
E 012 017 9.000e+00
E 014 018 2.121e+01
E 014 017 6.030e+01
E 018 019 2.581e+01
