N 000 047 047 3.633e-01
N 001 020 031 5.835e-01
N 002 044 098 1.572e-01
N 003 008 052 8.730e-01
N 004 064 006 6.601e-01
N 005 009 045 2.835e-01
N 006 049 057 4.569e-01
N 007 044 046 4.792e-01
N 008 043 039 7.851e-01
N 009 039 029 5.194e-01
N 010 053 063 2.627e-01
N 011 028 075 4.007e-01
N 012 024 068 5.671e-01
N 013 069 059 2.255e-01
N 014 007 098 8.494e-01
N 015 081 014 4.091e-03
N 016 070 021 2.320e-01
N 017 034 071 9.842e-01
N 018 031 006 3.168e-01
N 019 062 034 7.890e-02
E 000 008 8.944e+00
E 000 001 3.138e+01
E 000 016 3.471e+01
E 000 015 4.738e+01
E 001 003 2.419e+01
E 001 004 5.061e+01
E 001 005 1.780e+01
E 001 008 2.435e+01
E 001 013 5.644e+01
E 001 014 6.825e+01
E 001 015 6.332e+01
E 001 018 2.731e+01
E 001 019 4.211e+01
E 002 015 9.179e+01
E 002 003 5.841e+01
E 002 004 9.415e+01
E 002 007 5.200e+01
E 003 007 3.650e+01
E 003 011 3.048e+01
E 003 015 8.230e+01
E 003 019 5.692e+01
E 004 005 6.742e+01
E 004 009 3.397e+01
E 004 015 1.879e+01
E 004 018 3.300e+01
E 005 007 3.501e+01
E 005 009 3.400e+01
E 005 015 7.839e+01
E 005 016 6.555e+01
E 006 015 5.360e+01
E 006 012 2.731e+01
E 006 014 5.869e+01
E 006 007 1.208e+01
E 007 011 3.312e+01
E 007 015 4.892e+01
E 007 018 4.206e+01
E 008 010 2.600e+01
E 008 011 3.900e+01
E 009 010 3.677e+01
E 009 012 4.179e+01
E 009 013 4.243e+01
E 009 015 4.460e+01
E 009 019 2.354e+01
E 010 011 2.773e+01
E 010 013 1.649e+01
E 010 014 5.780e+01
E 010 016 4.531e+01
E 011 012 8.062e+00
E 011 013 4.401e+01
E 011 014 3.114e+01
E 011 019 5.326e+01
E 012 018 6.239e+01
E 012 017 1.044e+01
E 013 014 7.325e+01
E 013 015 4.657e+01
E 013 016 3.801e+01
E 013 018 6.522e+01
E 015 017 7.388e+01
E 016 017 6.161e+01
E 017 019 4.640e+01
