N 000 005 062 8.502e-01
N 001 092 064 2.484e-01
N 002 052 078 1.962e-01
N 003 030 081 2.143e-01
N 004 094 099 4.446e-01
N 005 043 089 4.715e-01
N 006 040 012 5.420e-01
N 007 034 008 6.799e-01
N 008 001 097 3.106e-01
N 009 042 079 4.398e-01
N 010 038 072 2.886e-01
N 011 035 004 6.904e-01
N 012 067 061 5.204e-01
N 013 034 063 3.565e-01
N 014 062 012 4.577e-01
N 015 016 059 9.849e-01
N 016 067 006 8.326e-02
N 017 074 059 5.979e-01
N 018 015 025 4.288e-02
N 019 081 046 9.155e-01
E 000 002 4.965e+01
E 000 005 4.662e+01
E 000 007 6.129e+01
E 001 004 3.506e+01
E 001 006 7.354e+01
E 001 008 9.680e+01
E 001 009 5.220e+01
E 001 012 2.518e+01
E 001 014 6.003e+01
E 002 004 4.696e+01
E 002 005 1.421e+01
E 002 009 1.005e+01
E 002 010 1.523e+01
E 002 011 7.593e+01
E 002 017 2.907e+01
E 003 006 6.972e+01
E 003 010 1.204e+01
E 003 011 7.716e+01
E 003 012 4.206e+01
E 003 013 1.844e+01
E 003 014 7.606e+01
E 003 018 5.797e+01
E 004 006 1.024e+02
E 004 007 1.090e+02
E 004 008 9.302e+01
E 004 011 1.118e+02
E 004 012 4.662e+01
E 004 013 6.997e+01
E 004 014 9.270e+01
E 004 015 8.766e+01
E 004 019 5.457e+01
E 005 006 7.706e+01
E 005 007 8.150e+01
E 005 009 1.005e+01
E 005 011 8.538e+01
E 005 014 7.931e+01
E 005 019 5.738e+01
E 006 009 6.703e+01
E 006 012 5.595e+01
E 006 019 5.326e+01
E 007 018 2.550e+01
E 007 013 5.500e+01
E 008 018 7.335e+01
E 008 015 4.085e+01
E 008 009 4.478e+01
E 009 012 3.081e+01
E 009 014 6.992e+01
E 009 016 7.716e+01
E 009 017 3.774e+01
E 010 019 5.025e+01
E 011 012 6.537e+01
E 011 014 2.816e+01
E 012 015 5.104e+01
E 012 016 5.500e+01
E 012 017 7.280e+00
E 013 015 1.844e+01
E 014 016 7.810e+00
E 014 018 4.876e+01
E 014 019 3.895e+01
E 017 019 1.476e+01
