N 000 046 053 5.105e-01
N 001 089 049 9.935e-01
N 002 045 010 6.020e-01
N 003 022 037 3.384e-01
N 004 087 068 8.404e-01
N 005 097 005 3.468e-01
N 006 052 058 7.129e-01
N 007 030 020 7.634e-01
N 008 054 026 3.821e-01
N 009 035 091 5.508e-01
N 010 082 042 7.026e-01
N 011 002 023 4.176e-01
N 012 086 075 6.935e-01
N 013 035 087 6.042e-01
N 014 057 097 6.492e-01
N 015 008 080 5.398e-01
N 016 030 049 9.545e-01
N 017 088 045 6.744e-01
N 018 046 026 3.613e-01
N 019 011 066 1.204e-01
E 000 001 4.319e+01
E 000 002 4.301e+01
E 000 004 4.366e+01
E 000 006 7.810e+00
E 000 011 5.325e+01
E 000 015 4.662e+01
E 001 005 4.472e+01
E 001 007 6.574e+01
E 001 009 6.841e+01
E 001 013 6.603e+01
E 001 014 5.769e+01
E 001 016 5.900e+01
E 001 017 4.123e+00
E 001 019 7.983e+01
E 002 005 5.224e+01
E 002 015 7.918e+01
E 003 019 3.102e+01
E 003 007 1.879e+01
E 004 007 7.452e+01
E 004 008 5.341e+01
E 004 011 9.618e+01
E 004 016 6.008e+01
E 004 018 5.869e+01
E 005 006 6.953e+01
E 005 007 6.866e+01
E 005 008 4.785e+01
E 005 012 7.086e+01
E 005 013 1.028e+02
E 005 018 5.515e+01
E 005 019 1.054e+02
E 006 007 4.391e+01
E 006 008 3.206e+01
E 006 009 3.712e+01
E 006 015 4.919e+01
E 006 018 3.256e+01
E 007 009 7.118e+01
E 007 012 7.849e+01
E 007 015 6.391e+01
E 008 009 6.772e+01
E 008 011 5.209e+01
E 008 012 5.852e+01
E 008 015 7.094e+01
E 009 011 7.558e+01
E 009 012 5.345e+01
E 009 015 2.915e+01
E 009 017 7.018e+01
E 010 016 5.247e+01
E 010 019 7.495e+01
E 010 015 8.319e+01
E 011 013 7.201e+01
E 011 015 5.731e+01
E 011 016 3.821e+01
E 011 017 8.877e+01
E 012 016 6.174e+01
E 013 016 3.833e+01
E 014 016 5.507e+01
E 014 019 5.547e+01
E 015 016 3.801e+01
E 016 017 5.814e+01
E 017 018 4.610e+01
