N 000 073 072 9.187e-01
N 001 004 056 9.125e-01
N 002 003 093 2.606e-01
N 003 098 045 5.679e-02
N 004 020 075 7.993e-01
N 005 042 050 1.002e-01
N 006 006 080 6.622e-01
N 007 028 047 5.410e-01
N 008 019 034 1.423e-01
N 009 049 050 3.372e-01
N 010 063 071 7.702e-01
N 011 013 012 9.794e-01
N 012 003 046 7.986e-01
N 013 064 083 1.178e-01
N 014 048 031 1.498e-01
N 015 046 038 8.121e-01
N 016 095 028 9.414e-02
N 017 010 079 4.677e-01
N 018 051 055 7.680e-01
N 019 074 097 4.845e-01
E 000 009 3.256e+01
E 000 019 2.502e+01
E 000 005 3.801e+01
E 000 015 4.342e+01
E 001 005 3.847e+01
E 001 008 2.663e+01
E 001 010 6.088e+01
E 001 012 1.005e+01
E 001 013 6.580e+01
E 001 014 5.061e+01
E 001 016 9.521e+01
E 001 017 2.377e+01
E 002 003 1.064e+02
E 002 006 1.334e+01
E 002 009 6.297e+01
E 002 010 6.391e+01
E 002 011 8.161e+01
E 002 013 6.181e+01
E 002 015 6.981e+01
E 003 004 8.357e+01
E 003 005 5.622e+01
E 003 006 9.843e+01
E 003 007 7.003e+01
E 003 008 7.976e+01
E 003 011 9.118e+01
E 003 017 9.434e+01
E 004 008 4.101e+01
E 004 011 6.339e+01
E 004 012 3.362e+01
E 004 014 5.215e+01
E 004 015 4.522e+01
E 005 006 4.686e+01
E 005 007 1.432e+01
E 005 008 2.802e+01
E 005 012 3.920e+01
E 005 013 3.966e+01
E 005 014 1.992e+01
E 006 010 5.771e+01
E 007 016 6.964e+01
E 007 019 6.794e+01
E 007 018 2.435e+01
E 008 010 5.749e+01
E 008 015 2.729e+01
E 008 017 4.589e+01
E 009 015 1.237e+01
E 010 017 5.360e+01
E 011 015 4.201e+01
E 011 018 5.738e+01
E 011 019 1.046e+02
E 012 019 8.742e+01
E 012 015 4.374e+01
E 014 015 7.280e+00
E 014 016 4.710e+01
E 014 017 6.122e+01
E 014 019 7.094e+01
E 015 017 5.456e+01
E 015 019 6.531e+01
E 016 019 7.212e+01
E 016 017 9.913e+01
E 017 019 6.648e+01
