N 000 084 089 9.529e-01
N 001 092 001 5.032e-01
N 002 034 018 7.812e-01
N 003 048 000 6.536e-01
N 004 021 072 9.334e-03
N 005 036 010 2.157e-01
N 006 019 008 1.657e-01
N 007 085 020 1.831e-03
N 008 073 001 2.222e-01
N 009 093 065 9.029e-01
N 010 055 084 9.240e-01
N 011 057 029 7.290e-01
N 012 036 036 6.320e-01
N 013 092 052 5.217e-01
N 014 021 076 9.592e-01
N 015 076 071 2.371e-01
N 016 047 094 3.866e-01
N 017 045 000 1.622e-01
N 018 026 081 5.791e-02
N 019 084 076 6.750e-01
E 000 008 8.868e+01
E 000 002 8.684e+01
E 000 011 6.580e+01
E 000 010 2.943e+01
E 000 007 6.901e+01
E 001 008 1.900e+01
E 001 015 7.181e+01
E 001 005 5.672e+01
E 001 013 5.100e+01
E 002 016 7.710e+01
E 002 003 2.280e+01
E 002 005 8.246e+00
E 002 014 5.944e+01
E 003 017 3.000e+00
E 003 013 6.812e+01
E 003 006 3.008e+01
E 004 016 3.406e+01
E 004 012 3.900e+01
E 004 005 6.379e+01
E 004 006 6.403e+01
E 004 015 5.501e+01
E 005 008 3.808e+01
E 005 010 7.640e+01
E 005 011 2.832e+01
E 005 013 7.000e+01
E 005 015 7.295e+01
E 006 008 5.445e+01
E 006 016 9.044e+01
E 006 019 9.407e+01
E 007 016 8.319e+01
E 007 018 8.486e+01
E 007 019 5.601e+01
E 007 012 5.155e+01
E 008 009 6.705e+01
E 008 010 8.493e+01
E 008 013 5.442e+01
E 008 017 2.802e+01
E 008 019 7.580e+01
E 009 018 6.888e+01
E 009 013 1.304e+01
E 010 011 5.504e+01
E 010 013 4.892e+01
E 010 015 2.470e+01
E 010 018 2.915e+01
E 010 019 3.008e+01
E 011 014 5.920e+01
E 011 016 6.576e+01
E 011 017 3.138e+01
E 011 018 6.054e+01
E 012 014 4.272e+01
E 012 016 5.903e+01
E 012 017 3.711e+01
E 012 019 6.248e+01
E 013 014 7.495e+01
E 014 018 7.071e+00
E 014 019 6.300e+01
E 015 018 5.099e+01
E 016 017 9.402e+01
E 017 019 8.542e+01
E 018 019 5.822e+01
