N 000 002 078 7.192e-01
N 001 005 096 7.080e-01
N 002 090 099 7.441e-01
N 003 047 004 4.380e-01
N 004 055 049 9.916e-01
N 005 010 093 8.919e-02
N 006 064 021 1.471e-01
N 007 021 042 6.673e-01
N 008 092 035 4.187e-01
N 009 024 048 9.935e-01
N 010 045 010 8.462e-01
N 011 030 018 7.720e-01
N 012 030 077 2.343e-01
N 013 076 031 5.597e-01
N 014 045 067 8.754e-01
N 015 067 033 8.291e-01
N 016 068 010 2.471e-01
N 017 034 012 6.345e-01
N 018 051 094 6.242e-01
N 019 087 009 4.247e-01
E 000 012 2.802e+01
E 000 013 8.766e+01
E 000 014 4.438e+01
E 001 017 8.887e+01
E 001 018 4.604e+01
E 001 003 1.011e+02
E 001 013 9.626e+01
E 001 014 4.941e+01
E 002 004 6.103e+01
E 002 006 8.222e+01
E 002 007 8.950e+01
E 002 008 6.403e+01
E 002 009 8.341e+01
E 002 010 9.973e+01
E 003 004 4.571e+01
E 003 009 4.965e+01
E 003 011 2.202e+01
E 003 012 7.495e+01
E 003 018 9.009e+01
E 004 006 2.941e+01
E 004 011 3.982e+01
E 004 013 2.766e+01
E 004 014 2.059e+01
E 004 017 4.254e+01
E 004 019 5.122e+01
E 005 016 1.013e+02
E 005 019 1.140e+02
E 005 013 9.055e+01
E 005 015 8.276e+01
E 006 017 3.132e+01
E 007 010 4.000e+01
E 007 013 5.609e+01
E 007 015 4.687e+01
E 007 016 5.686e+01
E 007 017 3.270e+01
E 007 018 6.003e+01
E 007 019 7.379e+01
E 008 016 3.466e+01
E 008 009 6.923e+01
E 008 019 2.648e+01
E 008 017 6.239e+01
E 009 012 2.961e+01
E 009 016 5.814e+01
E 009 018 5.334e+01
E 011 014 5.124e+01
E 011 015 3.992e+01
E 011 018 7.885e+01
E 011 019 5.771e+01
E 013 014 4.751e+01
E 013 019 2.460e+01
E 014 016 6.147e+01
E 014 017 5.609e+01
E 014 019 7.161e+01
E 015 017 3.912e+01
E 015 018 6.306e+01
E 015 019 3.124e+01
E 016 017 3.406e+01
E 016 018 8.570e+01
E 016 019 1.903e+01
E 017 018 8.374e+01
