N 000 024 020 5.452e-01
N 001 080 042 1.754e-01
N 002 090 004 1.110e-01
N 003 026 010 8.812e-01
N 004 003 068 9.251e-01
N 005 045 022 6.278e-02
N 006 081 012 1.938e-01
N 007 031 053 2.395e-01
N 008 082 087 6.420e-01
N 009 009 077 5.722e-01
N 010 069 014 8.278e-01
N 011 099 043 9.730e-01
N 012 082 052 7.816e-01
N 013 099 078 1.859e-01
N 014 036 061 4.550e-01
N 015 074 077 7.770e-01
N 016 018 089 3.672e-01
N 017 061 034 4.542e-01
N 018 005 050 3.610e-01
N 019 005 032 9.788e-02
E 000 005 2.110e+01
E 000 008 8.862e+01
E 000 012 6.624e+01
E 000 013 9.481e+01
E 000 014 4.272e+01
E 000 016 6.926e+01
E 001 009 7.916e+01
E 001 018 7.543e+01
E 001 007 5.022e+01
E 002 004 1.080e+02
E 002 006 1.204e+01
E 002 008 8.338e+01
E 002 011 4.002e+01
E 002 013 7.455e+01
E 002 017 4.173e+01
E 003 016 7.940e+01
E 003 011 8.011e+01
E 003 004 6.239e+01
E 003 013 9.976e+01
E 003 015 8.242e+01
E 004 009 1.082e+01
E 004 015 7.157e+01
E 005 006 3.736e+01
E 005 007 3.401e+01
E 005 009 6.573e+01
E 005 011 5.794e+01
E 005 016 7.224e+01
E 005 019 4.123e+01
E 006 010 1.217e+01
E 006 011 3.585e+01
E 006 014 6.653e+01
E 006 015 6.538e+01
E 006 018 8.497e+01
E 007 010 5.445e+01
E 007 012 5.101e+01
E 007 015 4.924e+01
E 007 016 3.828e+01
E 007 018 2.617e+01
E 008 016 6.403e+01
E 008 013 1.924e+01
E 009 010 8.700e+01
E 009 011 9.621e+01
E 009 014 3.138e+01
E 009 015 6.500e+01
E 009 017 6.748e+01
E 010 011 4.173e+01
E 010 012 4.016e+01
E 010 013 7.068e+01
E 010 016 9.070e+01
E 011 012 1.924e+01
E 011 017 3.905e+01
E 012 013 3.106e+01
E 012 014 4.687e+01
E 012 018 7.703e+01
E 013 018 9.808e+01
E 013 019 1.047e+02
E 014 015 4.123e+01
E 014 016 3.329e+01
E 015 017 4.492e+01
E 017 018 5.824e+01
