N 000 029 083 3.521e-01
N 001 071 017 4.141e-01
N 002 052 001 8.889e-01
N 003 039 089 3.969e-02
N 004 027 021 2.676e-01
N 005 004 076 4.400e-01
N 006 032 079 7.777e-01
N 007 078 012 9.786e-01
N 008 033 014 4.698e-01
N 009 023 020 1.088e-01
N 010 083 003 1.169e-01
N 011 079 023 1.691e-01
N 012 067 049 7.568e-02
N 013 055 085 2.375e-01
N 014 048 028 2.451e-01
N 015 037 071 4.372e-01
N 016 026 035 8.117e-01
N 017 032 032 7.960e-01
N 018 075 081 6.649e-01
N 019 016 032 6.928e-02
E 000 001 7.823e+01
E 000 002 8.516e+01
E 000 005 2.596e+01
E 000 007 8.627e+01
E 000 011 7.810e+01
E 000 017 5.109e+01
E 000 019 5.263e+01
E 001 009 4.809e+01
E 001 010 1.844e+01
E 001 011 1.000e+01
E 001 013 6.986e+01
E 001 014 2.550e+01
E 001 015 6.381e+01
E 001 016 4.847e+01
E 001 017 4.179e+01
E 001 019 5.701e+01
E 002 017 3.689e+01
E 002 011 3.483e+01
E 002 014 2.729e+01
E 003 008 7.524e+01
E 003 015 1.811e+01
E 003 011 7.718e+01
E 003 014 6.166e+01
E 003 007 8.631e+01
E 004 010 5.882e+01
E 004 012 4.883e+01
E 004 014 2.214e+01
E 005 007 9.784e+01
E 005 008 6.845e+01
E 005 009 5.914e+01
E 005 013 5.179e+01
E 005 016 4.653e+01
E 005 019 4.561e+01
E 006 016 4.441e+01
E 006 009 5.968e+01
E 006 011 7.311e+01
E 006 017 4.700e+01
E 006 015 9.434e+00
E 007 008 4.504e+01
E 007 014 3.400e+01
E 008 010 5.120e+01
E 008 014 2.052e+01
E 008 015 5.714e+01
E 008 018 7.908e+01
E 009 012 5.270e+01
E 010 012 4.870e+01
E 010 017 5.867e+01
E 011 015 6.378e+01
E 011 016 5.434e+01
E 012 016 4.332e+01
E 012 017 3.891e+01
E 013 019 6.580e+01
E 013 014 5.743e+01
E 014 018 5.948e+01
E 014 019 3.225e+01
E 015 017 3.932e+01
E 016 017 6.708e+00
E 016 018 6.721e+01
E 017 018 6.519e+01
E 018 019 7.669e+01
