N 000 028 087 1.244e-02
N 001 049 081 4.189e-01
N 002 028 070 1.330e-01
N 003 081 062 2.715e-01
N 004 011 016 7.422e-01
N 005 001 013 5.138e-01
N 006 077 040 6.453e-01
N 007 052 097 5.252e-01
N 008 061 060 8.778e-01
N 009 005 051 3.090e-01
N 010 085 079 5.016e-01
N 011 051 036 3.138e-01
N 012 081 005 5.192e-01
N 013 076 080 1.622e-01
N 014 097 061 7.525e-01
N 015 039 065 2.566e-01
N 016 085 061 2.623e-03
N 017 042 093 2.981e-01
N 018 024 042 4.443e-01
N 019 050 048 6.986e-01
E 000 004 7.301e+01
E 000 006 6.790e+01
E 000 009 4.272e+01
E 000 011 5.595e+01
E 000 016 6.265e+01
E 000 017 1.523e+01
E 000 018 4.518e+01
E 000 019 4.478e+01
E 001 010 3.606e+01
E 001 012 8.246e+01
E 001 013 2.702e+01
E 002 014 6.958e+01
E 002 006 5.745e+01
E 002 007 3.612e+01
E 003 005 9.381e+01
E 003 010 1.746e+01
E 003 013 1.868e+01
E 003 015 4.211e+01
E 003 017 4.982e+01
E 003 018 6.041e+01
E 004 005 1.044e+01
E 004 007 9.079e+01
E 004 009 3.551e+01
E 004 011 4.472e+01
E 004 012 7.086e+01
E 005 011 5.504e+01
E 005 014 1.073e+02
E 005 017 8.989e+01
E 005 018 3.701e+01
E 005 019 6.022e+01
E 006 007 6.224e+01
E 006 011 2.631e+01
E 006 013 4.001e+01
E 006 019 2.816e+01
E 007 008 3.808e+01
E 007 009 6.576e+01
E 007 016 4.884e+01
E 008 015 2.256e+01
E 008 013 2.500e+01
E 009 010 8.476e+01
E 009 011 4.838e+01
E 009 015 3.677e+01
E 009 018 2.102e+01
E 010 014 2.163e+01
E 010 015 4.808e+01
E 010 016 1.800e+01
E 011 014 5.235e+01
E 011 016 4.220e+01
E 011 018 2.766e+01
E 012 014 5.824e+01
E 012 015 7.324e+01
E 013 014 2.832e+01
E 013 016 2.102e+01
E 013 017 3.640e+01
E 014 015 5.814e+01
E 014 018 7.543e+01
E 014 019 4.876e+01
E 015 017 2.816e+01
E 016 017 5.360e+01
E 018 019 2.668e+01
