N 000 087 006 4.763e-02
N 001 038 083 5.262e-01
N 002 059 051 8.070e-01
N 003 072 090 6.466e-01
N 004 018 023 4.240e-01
N 005 081 088 4.342e-01
N 006 080 054 1.127e-01
N 007 006 030 6.697e-01
N 008 003 018 6.765e-01
N 009 073 087 6.913e-01
N 010 022 040 3.957e-01
N 011 021 005 4.027e-01
N 012 047 075 7.664e-01
N 013 038 070 9.191e-02
N 014 022 026 9.411e-01
N 015 013 016 1.726e-02
N 016 036 065 2.225e-01
N 017 012 046 4.825e-01
N 018 011 080 9.278e-01
N 019 052 000 9.234e-01
E 000 002 5.300e+01
E 000 005 8.222e+01
E 000 007 8.448e+01
E 000 009 8.220e+01
E 000 013 8.060e+01
E 000 014 6.801e+01
E 000 019 3.551e+01
E 001 017 4.522e+01
E 001 011 7.983e+01
E 001 004 6.325e+01
E 001 013 1.300e+01
E 001 007 6.191e+01
E 002 011 5.967e+01
E 002 003 4.111e+01
E 002 015 5.780e+01
E 002 007 5.701e+01
E 003 011 9.913e+01
E 003 018 6.181e+01
E 003 006 3.688e+01
E 003 015 9.464e+01
E 004 005 9.052e+01
E 004 009 8.439e+01
E 004 010 1.746e+01
E 004 016 4.569e+01
E 004 019 4.105e+01
E 005 011 1.024e+02
E 005 013 4.662e+01
E 005 017 8.078e+01
E 005 018 7.046e+01
E 006 007 7.779e+01
E 006 011 7.669e+01
E 006 012 3.912e+01
E 006 013 4.494e+01
E 006 015 7.703e+01
E 006 018 7.374e+01
E 006 019 6.083e+01
E 007 009 8.797e+01
E 007 010 1.887e+01
E 007 012 6.088e+01
E 007 014 1.649e+01
E 007 015 1.565e+01
E 008 009 9.829e+01
E 008 014 2.062e+01
E 008 015 1.020e+01
E 008 016 5.743e+01
E 008 018 6.251e+01
E 008 019 5.220e+01
E 009 010 6.935e+01
E 009 011 9.710e+01
E 009 018 6.239e+01
E 010 019 5.000e+01
E 010 017 1.166e+01
E 011 013 6.719e+01
E 011 015 1.360e+01
E 012 014 5.501e+01
E 013 014 4.682e+01
E 014 015 1.345e+01
E 014 019 3.970e+01
E 015 018 6.403e+01
E 016 018 2.915e+01
