N 000 059 037 3.634e-01
N 001 082 094 2.898e-01
N 002 039 032 4.176e-01
N 003 032 089 4.478e-02
N 004 091 002 8.058e-01
N 005 071 020 2.461e-02
N 006 054 072 2.269e-01
N 007 042 052 9.148e-01
N 008 000 047 6.985e-01
N 009 087 010 7.292e-01
N 010 012 027 4.531e-01
N 011 074 098 8.615e-01
N 012 099 008 1.105e-01
N 013 006 094 2.967e-01
N 014 003 051 2.704e-01
N 015 069 005 3.897e-01
N 016 047 036 9.998e-01
N 017 027 069 5.810e-02
N 018 056 025 7.883e-01
N 019 067 002 9.757e-01
E 000 012 4.941e+01
E 000 004 4.742e+01
E 000 005 2.081e+01
E 000 006 3.536e+01
E 000 007 2.267e+01
E 001 006 3.561e+01
E 001 008 9.451e+01
E 001 013 7.600e+01
E 001 015 8.994e+01
E 001 016 6.774e+01
E 001 017 6.042e+01
E 001 018 7.374e+01
E 002 003 5.743e+01
E 002 006 4.272e+01
E 002 009 5.280e+01
E 002 012 6.462e+01
E 002 015 4.036e+01
E 002 018 1.838e+01
E 003 006 2.780e+01
E 003 007 3.833e+01
E 003 009 9.626e+01
E 003 010 6.515e+01
E 003 012 1.051e+02
E 003 017 2.062e+01
E 003 018 6.835e+01
E 004 009 8.944e+00
E 004 010 8.286e+01
E 004 013 1.253e+02
E 004 014 1.007e+02
E 004 017 9.266e+01
E 005 011 7.806e+01
E 005 014 7.473e+01
E 005 015 1.513e+01
E 006 008 5.951e+01
E 006 011 3.280e+01
E 006 014 5.515e+01
E 006 018 4.704e+01
E 007 014 3.901e+01
E 008 018 6.017e+01
E 008 017 3.483e+01
E 008 015 8.078e+01
E 009 012 1.217e+01
E 009 010 7.690e+01
E 010 011 9.426e+01
E 010 013 6.727e+01
E 010 017 4.460e+01
E 010 018 4.405e+01
E 010 019 6.042e+01
E 011 014 8.515e+01
E 012 014 1.052e+02
E 013 016 7.103e+01
E 013 015 1.090e+02
E 014 017 3.000e+01
E 014 018 5.903e+01
E 014 019 8.060e+01
E 016 018 1.421e+01
E 016 017 3.859e+01
E 017 018 5.270e+01
E 017 019 7.803e+01
E 018 019 2.550e+01
