N 000 066 024 3.727e-01
N 001 090 004 9.673e-01
N 002 011 092 7.519e-01
N 003 024 082 8.812e-01
N 004 009 007 1.412e-01
N 005 004 084 9.764e-01
N 006 086 003 2.947e-02
N 007 050 043 6.655e-01
N 008 075 025 6.275e-01
N 009 074 056 4.573e-01
N 010 003 033 5.150e-01
N 011 017 031 7.610e-02
N 012 073 076 3.279e-01
N 013 055 040 3.391e-02
N 014 033 069 4.372e-01
N 015 066 086 1.472e-01
N 016 081 090 3.604e-01
N 017 002 060 2.602e-01
N 018 088 042 3.954e-02
N 019 050 031 1.411e-01
E 000 002 8.746e+01
E 000 003 7.161e+01
E 000 005 8.628e+01
E 000 008 9.055e+00
E 000 012 5.247e+01
E 000 018 2.843e+01
E 001 016 8.647e+01
E 001 017 1.043e+02
E 001 011 7.783e+01
E 001 005 1.175e+02
E 002 018 9.181e+01
E 002 019 7.240e+01
E 002 006 1.164e+02
E 003 008 7.649e+01
E 003 012 4.937e+01
E 003 006 1.004e+02
E 004 005 7.716e+01
E 004 009 8.140e+01
E 004 010 2.668e+01
E 004 011 2.530e+01
E 004 014 6.648e+01
E 004 018 8.641e+01
E 005 009 7.539e+01
E 005 011 5.457e+01
E 005 012 6.946e+01
E 005 014 3.265e+01
E 005 017 2.408e+01
E 006 008 2.460e+01
E 006 010 8.826e+01
E 006 011 7.446e+01
E 006 017 1.015e+02
E 007 010 4.805e+01
E 007 011 3.511e+01
E 007 012 4.022e+01
E 007 013 5.831e+00
E 007 016 5.630e+01
E 007 017 5.092e+01
E 007 018 3.801e+01
E 008 016 6.528e+01
E 008 018 2.140e+01
E 008 019 2.571e+01
E 009 010 7.463e+01
E 009 019 3.466e+01
E 010 016 9.661e+01
E 010 018 8.548e+01
E 010 019 4.704e+01
E 011 012 7.184e+01
E 011 015 7.366e+01
E 011 019 3.300e+01
E 012 014 4.061e+01
E 012 015 1.221e+01
E 012 017 7.278e+01
E 013 016 5.636e+01
E 013 017 5.665e+01
E 013 018 3.306e+01
E 014 015 3.712e+01
E 015 019 5.728e+01
E 016 017 8.450e+01
E 016 018 4.851e+01
E 017 019 5.608e+01
