N 000 045 041 9.003e-01
N 001 066 010 1.762e-01
N 002 020 005 3.120e-01
N 003 065 066 3.535e-01
N 004 091 046 8.577e-02
N 005 054 052 4.345e-01
N 006 050 056 9.567e-01
N 007 039 064 6.078e-01
N 008 070 084 8.215e-01
N 009 012 054 9.083e-01
N 010 067 012 9.317e-01
N 011 092 005 7.188e-01
N 012 022 089 7.037e-01
N 013 057 060 3.829e-01
N 014 088 065 7.276e-01
N 015 095 030 7.812e-01
N 016 069 080 8.053e-01
N 017 083 047 1.527e-01
N 018 090 044 6.516e-01
N 019 019 005 8.887e-01
E 000 001 3.744e+01
E 000 002 4.383e+01
E 000 009 3.547e+01
E 000 011 5.920e+01
E 000 013 2.247e+01
E 000 018 4.510e+01
E 001 016 7.006e+01
E 001 011 2.648e+01
E 001 004 4.383e+01
E 001 015 3.523e+01
E 002 004 8.199e+01
E 002 010 4.752e+01
E 002 013 6.629e+01
E 002 015 7.906e+01
E 002 018 8.013e+01
E 003 005 1.780e+01
E 003 009 5.434e+01
E 003 011 6.671e+01
E 003 012 4.876e+01
E 003 015 4.686e+01
E 003 017 2.617e+01
E 004 006 4.220e+01
E 004 008 4.342e+01
E 004 013 3.677e+01
E 004 014 1.924e+01
E 005 008 3.578e+01
E 005 011 6.044e+01
E 005 013 8.544e+00
E 005 016 3.176e+01
E 005 018 3.688e+01
E 006 008 3.441e+01
E 006 009 3.805e+01
E 006 013 8.062e+00
E 006 017 3.421e+01
E 007 016 3.400e+01
E 007 010 5.906e+01
E 008 009 6.530e+01
E 008 011 8.201e+01
E 008 012 4.826e+01
E 008 015 5.951e+01
E 008 019 9.403e+01
E 009 010 6.920e+01
E 009 011 9.381e+01
E 009 017 7.134e+01
E 009 019 4.950e+01
E 010 011 2.596e+01
E 010 012 8.919e+01
E 010 017 3.848e+01
E 010 018 3.941e+01
E 011 012 1.093e+02
E 011 014 6.013e+01
E 011 017 4.295e+01
E 011 019 7.300e+01
E 013 018 3.667e+01
E 013 019 6.685e+01
E 014 019 9.144e+01
E 015 016 5.636e+01
E 015 017 2.081e+01
E 017 019 7.655e+01
E 018 019 8.101e+01
