N 000 055 085 2.974e-01
N 001 068 091 9.690e-01
N 002 080 055 2.553e-02
N 003 068 046 9.795e-01
N 004 077 057 1.833e-01
N 005 039 033 6.674e-01
N 006 080 041 5.501e-01
N 007 054 073 6.589e-01
N 008 066 061 8.055e-01
N 009 045 017 1.179e-02
N 010 082 023 9.172e-01
N 011 007 065 6.337e-01
N 012 071 095 8.903e-01
N 013 019 011 8.129e-01
N 014 092 051 8.322e-01
N 015 025 001 6.422e-01
N 016 077 046 3.646e-02
N 017 013 017 6.998e-01
N 018 083 078 7.405e-02
N 019 068 007 5.194e-02
E 000 017 7.992e+01
E 000 018 2.886e+01
E 000 019 7.908e+01
E 000 012 1.887e+01
E 000 013 8.229e+01
E 001 003 4.500e+01
E 001 004 3.517e+01
E 001 005 6.485e+01
E 001 007 2.280e+01
E 001 010 6.943e+01
E 001 018 1.985e+01
E 002 008 1.523e+01
E 002 019 4.948e+01
E 002 018 2.319e+01
E 002 003 1.500e+01
E 002 004 3.606e+00
E 003 005 3.178e+01
E 003 009 3.701e+01
E 003 010 2.693e+01
E 003 012 4.909e+01
E 003 013 6.022e+01
E 003 016 9.000e+00
E 003 017 6.218e+01
E 004 005 4.494e+01
E 004 006 1.628e+01
E 004 007 2.802e+01
E 004 012 3.847e+01
E 004 015 7.642e+01
E 004 017 7.547e+01
E 004 018 2.184e+01
E 004 019 5.080e+01
E 005 014 5.597e+01
E 005 015 3.493e+01
E 005 016 4.016e+01
E 006 009 4.244e+01
E 006 011 7.684e+01
E 007 018 2.943e+01
E 007 012 2.780e+01
E 007 009 5.672e+01
E 008 017 6.888e+01
E 008 011 5.914e+01
E 008 010 4.123e+01
E 008 014 2.786e+01
E 009 012 8.222e+01
E 009 013 2.668e+01
E 009 019 2.508e+01
E 010 014 2.973e+01
E 010 017 6.926e+01
E 010 018 5.501e+01
E 011 017 4.837e+01
E 011 019 8.417e+01
E 011 012 7.068e+01
E 012 013 9.879e+01
E 012 015 1.047e+02
E 012 019 8.805e+01
E 013 014 8.324e+01
E 013 015 1.166e+01
E 013 017 8.485e+00
E 014 018 2.846e+01
E 016 017 7.026e+01
