N 000 073 042 5.456e-01
N 001 008 079 7.397e-01
N 002 045 065 8.645e-02
N 003 029 077 1.145e-01
N 004 053 070 8.707e-01
N 005 084 042 2.865e-01
N 006 014 011 5.202e-02
N 007 058 005 4.693e-01
N 008 031 089 1.105e-01
N 009 074 005 1.753e-01
N 010 002 078 7.802e-01
N 011 087 016 4.282e-01
N 012 038 085 9.725e-01
N 013 093 050 3.338e-01
N 014 024 011 3.462e-01
N 015 028 056 1.165e-02
N 016 095 023 6.503e-01
N 017 067 003 9.857e-01
N 018 065 080 9.666e-01
N 019 082 056 9.061e-01
E 000 002 3.624e+01
E 000 005 1.100e+01
E 000 011 2.953e+01
E 000 014 5.798e+01
E 000 015 4.713e+01
E 000 019 1.664e+01
E 001 010 6.083e+00
E 001 006 6.826e+01
E 002 009 6.664e+01
E 002 003 2.000e+01
E 002 013 5.029e+01
E 002 017 6.579e+01
E 003 009 8.491e+01
E 003 012 1.204e+01
E 003 015 2.102e+01
E 003 017 8.319e+01
E 003 018 3.612e+01
E 004 010 5.162e+01
E 004 019 3.220e+01
E 004 013 4.472e+01
E 004 014 6.574e+01
E 004 015 2.865e+01
E 005 006 7.656e+01
E 005 008 7.084e+01
E 005 009 3.833e+01
E 005 013 1.204e+01
E 005 014 6.754e+01
E 005 017 4.254e+01
E 006 016 8.188e+01
E 006 011 7.317e+01
E 006 007 4.441e+01
E 007 017 9.220e+00
E 007 011 3.102e+01
E 007 012 8.246e+01
E 007 014 3.453e+01
E 008 010 3.102e+01
E 008 011 9.201e+01
E 008 014 7.831e+01
E 008 015 3.314e+01
E 008 016 9.193e+01
E 008 017 9.323e+01
E 008 018 3.517e+01
E 008 019 6.075e+01
E 009 011 1.703e+01
E 009 012 8.773e+01
E 009 016 2.766e+01
E 009 017 7.280e+00
E 009 019 5.162e+01
E 010 013 9.521e+01
E 010 015 3.406e+01
E 010 018 6.303e+01
E 011 012 8.463e+01
E 011 019 4.031e+01
E 012 015 3.068e+01
E 012 016 8.422e+01
E 012 018 2.746e+01
E 013 017 5.371e+01
E 014 015 4.518e+01
E 014 017 4.374e+01
E 015 018 4.410e+01
