N 000 010 046 8.719e-01
N 001 083 032 5.461e-01
N 002 045 015 3.484e-01
N 003 018 049 8.323e-01
N 004 084 020 9.718e-02
N 005 056 030 9.849e-01
N 006 093 003 4.128e-02
N 007 043 082 4.732e-01
N 008 054 040 6.451e-01
N 009 036 046 9.913e-01
N 010 036 046 3.694e-01
N 011 024 074 1.596e-01
N 012 062 060 4.057e-01
N 013 040 076 9.630e-01
N 014 058 060 8.303e-01
N 015 010 080 4.729e-01
N 016 078 034 6.732e-01
N 017 046 073 3.067e-01
N 018 079 041 8.005e-01
N 019 054 044 4.915e-01
E 000 003 8.544e+00
E 000 008 4.441e+01
E 000 010 2.600e+01
E 000 011 3.130e+01
E 000 014 5.000e+01
E 000 018 6.918e+01
E 001 003 6.719e+01
E 001 006 3.068e+01
E 001 007 6.403e+01
E 001 009 4.904e+01
E 001 011 7.242e+01
E 001 018 9.849e+00
E 002 006 4.948e+01
E 002 010 3.228e+01
E 002 012 4.810e+01
E 002 014 4.684e+01
E 002 015 7.382e+01
E 002 016 3.808e+01
E 003 005 4.249e+01
E 003 010 1.825e+01
E 003 014 4.148e+01
E 003 015 3.202e+01
E 003 019 3.635e+01
E 004 008 3.606e+01
E 004 009 5.459e+01
E 004 019 3.842e+01
E 004 006 1.924e+01
E 004 015 9.527e+01
E 005 013 4.870e+01
E 005 014 3.007e+01
E 005 007 5.360e+01
E 006 011 9.901e+01
E 006 007 9.349e+01
E 007 016 5.941e+01
E 008 011 4.534e+01
E 008 013 3.863e+01
E 008 017 3.396e+01
E 008 018 2.502e+01
E 008 019 4.000e+00
E 009 019 1.811e+01
E 009 010 0.000e+00
E 009 011 3.046e+01
E 010 012 2.953e+01
E 010 013 3.027e+01
E 010 015 4.280e+01
E 010 018 4.329e+01
E 011 014 3.677e+01
E 011 016 6.720e+01
E 011 017 2.202e+01
E 012 013 2.720e+01
E 013 014 2.408e+01
E 013 015 3.027e+01
E 013 017 6.708e+00
E 013 018 5.240e+01
E 014 016 3.280e+01
E 014 017 1.769e+01
E 015 016 8.210e+01
E 015 017 3.667e+01
E 016 019 2.600e+01
E 017 019 3.008e+01
