N 000 032 013 4.260e-01
N 001 053 035 9.014e-01
N 002 038 025 2.595e-01
N 003 061 020 9.368e-01
N 004 028 048 8.406e-01
N 005 078 060 5.569e-01
N 006 077 059 5.211e-03
N 007 010 016 8.153e-01
N 008 062 071 4.887e-01
N 009 048 092 8.561e-01
N 010 003 094 2.863e-02
N 011 058 066 5.230e-01
N 012 071 023 1.119e-01
N 013 045 088 2.152e-01
N 014 003 068 3.747e-01
N 015 074 005 1.119e-01
N 016 067 047 4.454e-01
N 017 064 018 3.071e-01
N 018 026 072 4.420e-01
N 019 004 031 9.040e-01
E 000 001 3.041e+01
E 000 002 1.342e+01
E 000 009 8.060e+01
E 000 010 8.603e+01
E 000 011 5.903e+01
E 000 013 7.612e+01
E 000 015 4.276e+01
E 000 017 3.239e+01
E 000 018 5.930e+01
E 001 010 7.734e+01
E 001 011 3.140e+01
E 001 012 2.163e+01
E 001 015 3.662e+01
E 001 019 4.916e+01
E 002 003 2.354e+01
E 002 015 4.118e+01
E 003 006 4.215e+01
E 003 012 1.044e+01
E 003 013 6.986e+01
E 003 014 7.529e+01
E 003 017 3.606e+00
E 004 005 5.142e+01
E 004 008 4.105e+01
E 004 011 3.499e+01
E 004 013 4.346e+01
E 004 015 6.297e+01
E 004 017 4.686e+01
E 005 008 1.942e+01
E 005 010 8.235e+01
E 005 012 3.766e+01
E 005 013 4.328e+01
E 005 014 7.543e+01
E 005 017 4.427e+01
E 005 018 5.337e+01
E 006 008 1.921e+01
E 006 010 8.186e+01
E 006 012 3.650e+01
E 006 015 5.408e+01
E 006 018 5.263e+01
E 007 008 7.569e+01
E 007 009 8.497e+01
E 007 011 6.931e+01
E 007 016 6.488e+01
E 008 013 2.404e+01
E 008 014 5.908e+01
E 008 017 5.304e+01
E 008 018 3.601e+01
E 009 010 4.504e+01
E 009 011 2.786e+01
E 009 014 5.100e+01
E 009 019 7.521e+01
E 011 016 2.102e+01
E 011 017 4.837e+01
E 012 013 7.001e+01
E 012 017 8.602e+00
E 013 015 8.792e+01
E 013 016 4.653e+01
E 014 015 9.492e+01
E 015 018 8.242e+01
E 017 018 6.603e+01
