N 000 028 008 3.967e-01
N 001 000 074 7.812e-01
N 002 011 065 3.347e-01
N 003 043 072 1.674e-02
N 004 024 049 6.257e-01
N 005 074 069 9.038e-01
N 006 013 073 2.369e-01
N 007 003 002 9.021e-01
N 008 072 060 7.466e-01
N 009 072 053 4.880e-01
N 010 020 006 7.088e-01
N 011 038 035 4.932e-01
N 012 006 037 3.333e-01
N 013 071 019 8.273e-01
N 014 001 001 9.018e-01
N 015 093 083 1.176e-01
N 016 098 058 5.497e-01
N 017 062 081 7.964e-01
N 018 001 004 4.462e-01
N 019 016 083 5.325e-01
E 000 004 4.119e+01
E 000 005 7.640e+01
E 000 008 6.812e+01
E 000 012 3.640e+01
E 000 013 4.438e+01
E 000 015 9.925e+01
E 000 019 7.595e+01
E 001 006 1.304e+01
E 001 009 7.500e+01
E 001 010 7.088e+01
E 001 011 5.445e+01
E 001 016 9.930e+01
E 001 017 6.239e+01
E 002 019 1.868e+01
E 002 004 2.062e+01
E 002 006 8.246e+00
E 002 015 8.395e+01
E 003 008 3.138e+01
E 003 016 5.675e+01
E 003 010 6.989e+01
E 004 006 2.640e+01
E 004 009 4.817e+01
E 004 011 1.980e+01
E 004 012 2.163e+01
E 004 016 7.455e+01
E 004 017 4.968e+01
E 004 018 5.054e+01
E 005 006 6.113e+01
E 005 007 9.762e+01
E 005 008 9.220e+00
E 005 009 1.612e+01
E 005 010 8.298e+01
E 006 013 7.925e+01
E 006 019 1.044e+01
E 007 010 1.746e+01
E 007 013 7.009e+01
E 007 016 1.103e+02
E 007 018 2.828e+00
E 007 019 8.204e+01
E 008 009 7.000e+00
E 008 011 4.220e+01
E 009 015 3.662e+01
E 009 016 2.648e+01
E 009 017 2.973e+01
E 010 012 3.401e+01
E 010 014 1.965e+01
E 010 017 8.596e+01
E 010 019 7.710e+01
E 011 012 3.206e+01
E 011 015 7.300e+01
E 011 017 5.188e+01
E 011 019 5.280e+01
E 012 014 3.635e+01
E 012 016 9.437e+01
E 012 019 4.707e+01
E 013 016 4.743e+01
E 013 017 6.265e+01
E 013 019 8.439e+01
E 014 019 8.336e+01
E 015 019 7.700e+01
