N 000 020 039 9.116e-01
N 001 049 061 1.132e-02
N 002 099 007 6.362e-01
N 003 059 086 8.834e-01
N 004 086 019 3.852e-01
N 005 053 046 7.086e-01
N 006 063 029 5.604e-01
N 007 053 058 9.860e-01
N 008 084 044 6.547e-01
N 009 065 036 6.362e-01
N 010 094 003 2.085e-01
N 011 063 065 4.034e-01
N 012 062 047 4.723e-02
N 013 020 003 3.809e-01
N 014 035 087 8.785e-01
N 015 053 091 3.510e-02
N 016 066 026 8.215e-01
N 017 033 017 7.471e-01
N 018 011 096 8.903e-01
N 019 021 048 7.314e-01
E 000 003 6.107e+01
E 000 008 6.420e+01
E 000 010 8.229e+01
E 000 011 5.025e+01
E 000 013 3.600e+01
E 000 016 4.780e+01
E 000 018 5.771e+01
E 001 016 3.891e+01
E 001 010 7.341e+01
E 001 019 3.087e+01
E 001 012 1.910e+01
E 001 018 5.166e+01
E 003 007 2.864e+01
E 003 011 2.138e+01
E 003 013 9.171e+01
E 003 016 6.041e+01
E 003 017 7.374e+01
E 004 005 4.264e+01
E 004 007 5.109e+01
E 004 010 1.789e+01
E 004 011 5.143e+01
E 004 012 3.688e+01
E 004 015 7.920e+01
E 004 017 5.304e+01
E 005 006 1.972e+01
E 005 008 3.106e+01
E 005 013 5.420e+01
E 005 016 2.385e+01
E 005 017 3.523e+01
E 005 019 3.206e+01
E 006 010 4.046e+01
E 006 012 1.803e+01
E 006 014 6.440e+01
E 006 015 6.280e+01
E 006 016 4.243e+00
E 006 017 3.231e+01
E 006 019 4.610e+01
E 007 019 3.353e+01
E 007 012 1.421e+01
E 007 013 6.414e+01
E 008 009 2.062e+01
E 008 010 4.220e+01
E 008 012 2.220e+01
E 008 013 7.601e+01
E 008 019 6.313e+01
E 009 013 5.580e+01
E 009 015 5.629e+01
E 010 014 1.026e+02
E 010 018 1.247e+02
E 011 012 1.803e+01
E 011 015 2.786e+01
E 011 017 5.660e+01
E 012 019 4.101e+01
E 013 015 9.398e+01
E 014 016 6.843e+01
E 014 017 7.003e+01
E 014 015 1.844e+01
E 016 018 8.902e+01
E 016 019 5.009e+01
E 017 019 3.324e+01
