N 000 085 066 7.357e-01
N 001 069 027 2.538e-01
N 002 063 079 2.619e-01
N 003 000 079 3.988e-01
N 004 033 003 3.145e-01
N 005 018 084 2.578e-01
N 006 020 019 1.891e-01
N 007 037 045 5.722e-01
N 008 052 037 7.543e-01
N 009 065 053 4.748e-01
N 010 078 029 5.101e-01
N 011 057 052 9.006e-01
N 012 031 091 3.543e-01
N 013 039 067 9.298e-01
N 014 084 060 9.658e-01
N 015 036 090 6.433e-01
N 016 055 053 8.627e-01
N 017 042 005 7.871e-01
N 018 066 028 4.130e-02
N 019 096 082 1.306e-01
E 000 005 6.938e+01
E 000 007 5.239e+01
E 000 008 4.393e+01
E 000 012 5.951e+01
E 000 013 4.601e+01
E 000 014 6.083e+00
E 000 016 3.270e+01
E 000 018 4.249e+01
E 001 003 8.640e+01
E 001 012 7.443e+01
E 001 005 7.649e+01
E 002 016 2.720e+01
E 002 009 2.608e+01
E 002 003 6.300e+01
E 002 014 2.832e+01
E 003 010 9.265e+01
E 003 007 5.025e+01
E 004 006 2.062e+01
E 004 007 4.219e+01
E 004 011 5.456e+01
E 004 012 8.802e+01
E 004 013 6.428e+01
E 004 017 9.220e+00
E 005 006 6.503e+01
E 005 007 4.338e+01
E 005 008 5.801e+01
E 005 019 7.803e+01
E 006 007 3.106e+01
E 006 010 5.886e+01
E 006 011 4.958e+01
E 006 013 5.162e+01
E 006 014 7.601e+01
E 006 015 7.278e+01
E 007 008 1.700e+01
E 007 010 4.401e+01
E 007 011 2.119e+01
E 008 011 1.581e+01
E 008 012 5.794e+01
E 008 015 5.536e+01
E 008 016 1.628e+01
E 009 019 4.245e+01
E 009 018 2.502e+01
E 009 013 2.953e+01
E 010 012 7.780e+01
E 010 013 5.445e+01
E 010 017 4.327e+01
E 011 013 2.343e+01
E 011 014 2.816e+01
E 011 015 4.342e+01
E 011 018 2.563e+01
E 011 019 4.920e+01
E 012 014 6.140e+01
E 012 015 5.099e+00
E 013 018 4.743e+01
E 015 017 8.521e+01
E 015 019 6.053e+01
E 016 018 2.731e+01
E 016 017 4.973e+01
E 017 019 9.405e+01
E 018 019 6.177e+01
