N 000 087 052 9.070e-02
N 001 014 067 2.991e-01
N 002 001 013 7.893e-01
N 003 077 080 5.143e-01
N 004 067 080 4.943e-01
N 005 072 098 6.802e-01
N 006 014 097 4.652e-01
N 007 036 095 2.575e-01
N 008 094 097 9.299e-02
N 009 029 009 6.731e-01
N 010 095 081 4.361e-01
N 011 017 039 5.891e-01
N 012 070 089 3.650e-01
N 013 048 082 1.675e-01
N 014 051 032 1.783e-01
N 015 051 086 3.643e-01
N 016 067 088 7.759e-01
N 017 062 011 2.839e-01
N 018 005 065 6.915e-01
N 019 062 084 3.037e-01
E 000 001 7.453e+01
E 000 018 8.302e+01
E 000 011 7.120e+01
E 000 006 8.576e+01
E 000 007 6.671e+01
E 001 019 5.092e+01
E 001 018 9.220e+00
E 001 011 2.816e+01
E 001 006 3.000e+01
E 002 003 1.013e+02
E 002 007 8.916e+01
E 002 010 1.160e+02
E 002 012 1.026e+02
E 002 013 8.349e+01
E 002 014 5.349e+01
E 002 015 8.848e+01
E 002 017 6.103e+01
E 002 019 9.361e+01
E 003 008 2.404e+01
E 003 009 8.570e+01
E 003 011 7.267e+01
E 003 006 6.525e+01
E 004 009 8.053e+01
E 004 014 5.060e+01
E 004 015 1.709e+01
E 005 019 1.720e+01
E 005 010 2.860e+01
E 005 011 8.066e+01
E 005 007 3.612e+01
E 006 009 8.927e+01
E 006 010 8.257e+01
E 006 012 5.657e+01
E 006 013 3.716e+01
E 006 014 7.479e+01
E 006 017 9.849e+01
E 007 012 3.453e+01
E 007 013 1.769e+01
E 007 016 3.178e+01
E 007 017 8.793e+01
E 007 018 4.314e+01
E 008 010 1.603e+01
E 008 013 4.838e+01
E 008 014 7.794e+01
E 008 017 9.176e+01
E 008 018 9.458e+01
E 009 016 8.766e+01
E 009 010 9.767e+01
E 011 014 3.471e+01
E 011 016 7.001e+01
E 011 017 5.300e+01
E 011 019 6.364e+01
E 012 014 6.008e+01
E 012 015 1.924e+01
E 012 019 9.434e+00
E 013 019 1.414e+01
E 014 015 5.400e+01
E 014 016 5.824e+01
E 015 016 1.612e+01
E 016 017 7.716e+01
E 017 018 7.852e+01
