N 000 015 043 3.743e-01
N 001 069 077 4.749e-02
N 002 016 086 9.923e-01
N 003 011 015 8.889e-01
N 004 046 022 4.429e-01
N 005 045 002 5.492e-01
N 006 086 018 1.993e-01
N 007 082 075 3.001e-01
N 008 071 085 4.487e-01
N 009 009 086 8.703e-01
N 010 020 040 4.288e-01
N 011 063 078 7.655e-01
N 012 009 032 4.402e-01
N 013 082 079 1.658e-02
N 014 032 000 3.562e-01
N 015 011 065 5.629e-01
N 016 037 056 9.528e-01
N 017 081 039 2.611e-01
N 018 033 066 7.008e-01
N 019 000 016 9.255e-01
E 000 002 4.301e+01
E 000 004 3.744e+01
E 000 009 4.342e+01
E 000 010 5.831e+00
E 000 013 7.606e+01
E 000 014 4.624e+01
E 000 015 2.236e+01
E 001 016 3.828e+01
E 001 018 3.764e+01
E 001 012 7.500e+01
E 001 005 7.875e+01
E 001 006 6.140e+01
E 002 004 7.068e+01
E 002 006 9.759e+01
E 002 008 5.501e+01
E 002 009 7.000e+00
E 002 010 4.617e+01
E 002 014 8.748e+01
E 002 017 8.021e+01
E 003 008 9.220e+01
E 003 004 3.569e+01
E 003 013 9.559e+01
E 003 014 2.581e+01
E 004 009 7.393e+01
E 004 011 5.852e+01
E 004 017 3.891e+01
E 004 019 4.639e+01
E 005 007 8.184e+01
E 005 008 8.698e+01
E 005 011 7.810e+01
E 005 012 4.686e+01
E 005 016 5.459e+01
E 005 018 6.512e+01
E 006 009 1.027e+02
E 006 014 5.692e+01
E 006 015 8.851e+01
E 006 016 6.201e+01
E 006 017 2.159e+01
E 006 019 8.602e+01
E 007 008 1.487e+01
E 007 009 7.382e+01
E 007 017 3.601e+01
E 009 013 7.333e+01
E 009 015 2.110e+01
E 009 016 4.104e+01
E 010 016 2.335e+01
E 010 013 7.325e+01
E 010 014 4.176e+01
E 011 013 1.903e+01
E 011 014 8.393e+01
E 011 015 5.360e+01
E 011 016 3.406e+01
E 011 018 3.231e+01
E 013 017 4.001e+01
E 013 018 5.070e+01
E 014 015 6.831e+01
E 014 016 5.622e+01
E 015 016 2.751e+01
E 015 019 5.022e+01
E 016 017 4.717e+01
