N 000 018 093 5.893e-01
N 001 013 018 2.724e-01
N 002 032 089 8.600e-01
N 003 065 061 3.877e-01
N 004 019 013 8.945e-01
N 005 070 031 5.025e-01
N 006 066 077 7.460e-01
N 007 088 048 3.759e-01
N 008 095 031 6.417e-01
N 009 094 082 6.955e-01
N 010 038 032 3.107e-01
N 011 094 030 5.246e-01
N 012 058 035 1.727e-01
N 013 054 009 7.225e-01
N 014 089 063 9.109e-01
N 015 084 084 7.199e-01
N 016 039 064 8.642e-01
N 017 097 000 8.253e-01
N 018 098 069 4.176e-01
N 019 073 006 3.226e-01
E 000 001 7.517e+01
E 000 008 9.886e+01
E 000 009 7.679e+01
E 000 016 3.581e+01
E 000 017 1.220e+02
E 000 018 8.352e+01
E 001 008 8.302e+01
E 001 003 6.748e+01
E 002 003 4.328e+01
E 002 007 6.940e+01
E 002 008 8.563e+01
E 002 009 6.239e+01
E 002 010 5.731e+01
E 002 015 5.224e+01
E 003 009 3.581e+01
E 003 011 4.245e+01
E 003 013 5.315e+01
E 003 019 5.558e+01
E 004 006 7.940e+01
E 004 007 7.737e+01
E 004 009 1.019e+02
E 004 010 2.687e+01
E 004 013 3.523e+01
E 004 015 9.626e+01
E 004 017 7.908e+01
E 004 018 9.683e+01
E 005 016 4.528e+01
E 005 018 4.720e+01
E 006 017 8.301e+01
E 006 018 3.298e+01
E 006 011 5.471e+01
E 006 014 2.693e+01
E 007 009 3.453e+01
E 007 010 5.250e+01
E 007 013 5.174e+01
E 007 016 5.155e+01
E 008 009 5.101e+01
E 008 010 5.701e+01
E 008 012 3.722e+01
E 008 015 5.413e+01
E 008 016 6.500e+01
E 008 017 3.106e+01
E 010 011 5.604e+01
E 011 012 3.635e+01
E 011 016 6.466e+01
E 011 017 3.015e+01
E 011 019 3.189e+01
E 013 014 6.435e+01
E 013 017 4.393e+01
E 013 018 7.440e+01
E 013 019 1.924e+01
E 014 016 5.001e+01
E 014 018 1.082e+01
E 014 015 2.159e+01
E 015 016 4.924e+01
E 015 018 2.052e+01
E 015 019 7.877e+01
E 016 019 6.723e+01
E 017 018 6.901e+01
E 017 019 2.474e+01
