N 000 070 079 8.534e-01
N 001 039 042 1.712e-01
N 002 059 017 2.977e-01
N 003 040 003 7.596e-01
N 004 039 086 4.539e-01
N 005 096 065 4.106e-01
N 006 051 094 3.568e-01
N 007 060 064 2.568e-01
N 008 070 040 8.252e-01
N 009 085 032 2.012e-01
N 010 005 065 6.786e-02
N 011 052 044 5.886e-01
N 012 008 061 4.623e-01
N 013 087 016 8.831e-01
N 014 026 078 8.004e-01
N 015 037 075 1.679e-01
N 016 091 037 1.987e-03
N 017 091 053 2.621e-01
N 018 099 007 6.439e-01
N 019 098 039 2.059e-01
E 000 002 6.297e+01
E 001 002 3.202e+01
E 001 019 5.908e+01
E 001 004 4.400e+01
E 002 007 4.701e+01
E 002 008 2.550e+01
E 002 010 7.225e+01
E 002 012 6.736e+01
E 002 016 3.774e+01
E 002 019 4.478e+01
E 003 006 9.166e+01
E 003 007 6.420e+01
E 003 011 4.272e+01
E 003 014 7.630e+01
E 003 017 7.142e+01
E 003 018 5.914e+01
E 004 005 6.075e+01
E 004 007 3.041e+01
E 004 008 5.547e+01
E 004 010 3.996e+01
E 004 014 1.526e+01
E 004 019 7.543e+01
E 005 009 3.479e+01
E 005 013 4.982e+01
E 005 012 8.809e+01
E 006 007 3.132e+01
E 006 008 5.725e+01
E 006 011 5.001e+01
E 006 012 5.420e+01
E 006 016 6.963e+01
E 006 018 9.936e+01
E 007 009 4.061e+01
E 007 011 2.154e+01
E 007 012 5.209e+01
E 007 019 4.549e+01
E 008 013 2.941e+01
E 008 017 2.470e+01
E 008 019 2.802e+01
E 009 012 8.228e+01
E 009 014 7.481e+01
E 009 015 6.444e+01
E 009 016 7.810e+00
E 009 018 2.865e+01
E 009 019 1.476e+01
E 010 016 9.044e+01
E 010 011 5.148e+01
E 010 018 1.105e+02
E 011 016 3.962e+01
E 011 017 4.002e+01
E 012 013 9.092e+01
E 012 014 2.476e+01
E 012 017 8.338e+01
E 013 015 7.734e+01
E 013 016 2.138e+01
E 013 017 3.722e+01
E 013 018 1.500e+01
E 014 018 1.018e+02
E 014 019 8.188e+01
E 015 017 5.831e+01
E 018 019 3.202e+01
