N 000 069 035 8.795e-01
N 001 022 035 7.044e-01
N 002 090 071 6.562e-01
N 003 090 088 5.129e-01
N 004 000 016 6.631e-01
N 005 044 057 7.026e-01
N 006 060 052 3.305e-02
N 007 040 090 3.024e-02
N 008 087 096 6.841e-01
N 009 051 070 7.384e-01
N 010 043 060 4.047e-01
N 011 049 031 6.043e-01
N 012 048 010 4.074e-01
N 013 030 071 7.715e-01
N 014 034 035 6.068e-03
N 015 011 085 1.592e-01
N 016 095 021 1.665e-01
N 017 033 002 9.012e-01
N 018 034 035 1.988e-01
N 019 077 007 4.430e-01
E 000 001 4.700e+01
E 000 002 4.168e+01
E 000 007 6.218e+01
E 000 011 2.040e+01
E 000 018 3.500e+01
E 000 019 2.912e+01
E 001 004 2.907e+01
E 001 011 2.729e+01
E 001 012 3.607e+01
E 001 014 1.200e+01
E 001 016 7.433e+01
E 001 017 3.479e+01
E 002 007 5.349e+01
E 002 008 2.518e+01
E 002 009 3.901e+01
E 002 010 4.827e+01
E 002 012 7.406e+01
E 002 013 6.000e+01
E 003 007 5.004e+01
E 003 008 8.544e+00
E 003 012 8.859e+01
E 003 013 6.236e+01
E 003 014 7.710e+01
E 003 017 1.032e+02
E 003 018 7.710e+01
E 004 008 1.182e+02
E 004 018 3.895e+01
E 004 009 7.428e+01
E 004 007 8.412e+01
E 005 011 2.648e+01
E 005 006 1.676e+01
E 006 008 5.162e+01
E 006 010 1.879e+01
E 006 011 2.371e+01
E 006 013 3.551e+01
E 006 014 3.106e+01
E 006 015 5.908e+01
E 006 016 4.675e+01
E 006 017 5.682e+01
E 006 018 3.106e+01
E 006 019 4.810e+01
E 007 009 2.283e+01
E 007 011 5.968e+01
E 007 014 5.533e+01
E 008 009 4.441e+01
E 008 018 8.081e+01
E 009 010 1.281e+01
E 009 018 3.891e+01
E 009 019 6.815e+01
E 012 013 6.360e+01
E 012 015 8.363e+01
E 012 018 2.865e+01
E 013 014 3.622e+01
E 015 016 1.056e+02
E 015 017 8.587e+01
E 015 018 5.504e+01
E 015 019 1.022e+02
E 016 019 2.280e+01
E 017 018 3.302e+01
E 017 019 4.428e+01
