N 000 071 034 2.532e-01
N 001 063 078 8.910e-01
N 002 043 044 5.796e-02
N 003 051 007 8.237e-01
N 004 043 060 5.704e-01
N 005 063 020 2.302e-01
N 006 034 065 8.177e-01
N 007 013 074 6.921e-01
N 008 068 054 1.038e-01
N 009 045 030 7.301e-01
N 010 024 045 1.014e-01
N 011 058 075 5.886e-01
N 012 090 053 5.673e-01
N 013 083 046 8.743e-01
N 014 060 065 4.918e-01
N 015 047 087 7.987e-01
N 016 057 064 3.054e-01
N 017 047 016 8.983e-01
N 018 071 029 9.044e-01
N 019 038 096 6.007e-01
E 000 001 4.472e+01
E 000 008 2.022e+01
E 000 009 2.631e+01
E 000 010 4.827e+01
E 000 012 2.687e+01
E 000 014 3.289e+01
E 000 015 5.818e+01
E 000 018 5.000e+00
E 001 011 5.831e+00
E 001 005 5.800e+01
E 001 006 3.178e+01
E 001 013 3.774e+01
E 002 016 2.441e+01
E 002 011 3.444e+01
E 002 004 1.600e+01
E 002 015 4.319e+01
E 003 004 5.360e+01
E 003 007 7.703e+01
E 003 009 2.377e+01
E 003 011 6.836e+01
E 003 016 5.731e+01
E 003 017 9.849e+00
E 003 018 2.973e+01
E 003 019 8.994e+01
E 004 008 2.571e+01
E 004 009 3.007e+01
E 004 010 2.421e+01
E 004 015 2.729e+01
E 004 017 4.418e+01
E 005 016 4.441e+01
E 005 019 8.001e+01
E 005 017 1.649e+01
E 005 015 6.888e+01
E 006 007 2.285e+01
E 006 010 2.236e+01
E 006 011 2.600e+01
E 006 012 5.727e+01
E 006 013 5.255e+01
E 006 018 5.162e+01
E 007 008 5.852e+01
E 007 009 5.441e+01
E 007 012 7.981e+01
E 007 019 3.330e+01
E 008 019 5.161e+01
E 009 010 2.581e+01
E 009 014 3.808e+01
E 009 015 5.704e+01
E 010 013 5.901e+01
E 010 014 4.118e+01
E 010 015 4.789e+01
E 011 014 1.020e+01
E 012 016 3.479e+01
E 012 013 9.899e+00
E 013 014 2.983e+01
E 013 015 5.456e+01
E 014 015 2.555e+01
E 014 019 3.801e+01
E 015 019 1.273e+01
E 016 018 3.770e+01
E 016 019 3.722e+01
