N 000 010 012 8.740e-01
N 001 011 045 2.081e-01
N 002 031 011 5.113e-01
N 003 053 065 6.741e-01
N 004 044 047 3.294e-01
N 005 009 031 5.493e-01
N 006 028 028 9.251e-01
N 007 030 066 8.135e-01
N 008 029 036 2.567e-01
N 009 089 082 7.165e-01
N 010 010 005 2.304e-02
N 011 065 096 4.064e-01
N 012 087 025 8.692e-01
N 013 000 078 7.421e-01
N 014 075 085 6.033e-01
N 015 075 057 2.435e-01
N 016 069 081 2.944e-01
N 017 017 017 3.263e-01
N 018 004 095 3.949e-01
N 019 059 066 3.202e-01
E 000 001 3.302e+01
E 000 002 2.102e+01
E 000 003 6.825e+01
E 000 005 1.903e+01
E 000 016 9.079e+01
E 000 018 8.322e+01
E 001 004 3.306e+01
E 001 006 2.404e+01
E 001 007 2.832e+01
E 001 009 8.633e+01
E 001 019 5.239e+01
E 002 009 9.168e+01
E 002 011 9.155e+01
E 002 005 2.973e+01
E 002 013 7.382e+01
E 003 004 2.012e+01
E 003 005 5.561e+01
E 003 011 3.324e+01
E 003 013 5.457e+01
E 003 017 6.000e+01
E 004 011 5.331e+01
E 004 012 4.830e+01
E 004 014 4.904e+01
E 004 015 3.257e+01
E 004 016 4.220e+01
E 004 017 4.036e+01
E 005 006 1.924e+01
E 005 008 2.062e+01
E 005 013 4.785e+01
E 005 014 8.528e+01
E 005 018 6.420e+01
E 005 019 6.103e+01
E 006 012 5.908e+01
E 006 014 7.388e+01
E 006 013 5.731e+01
E 007 018 3.895e+01
E 007 011 4.610e+01
E 007 014 4.885e+01
E 008 009 7.560e+01
E 008 014 6.721e+01
E 008 013 5.104e+01
E 009 012 5.704e+01
E 009 013 8.909e+01
E 009 016 2.002e+01
E 010 017 1.389e+01
E 010 013 7.368e+01
E 010 014 1.031e+02
E 010 015 8.324e+01
E 011 012 7.433e+01
E 011 013 6.745e+01
E 011 016 1.552e+01
E 012 015 3.418e+01
E 012 016 5.882e+01
E 012 017 7.046e+01
E 014 019 2.484e+01
E 015 016 2.474e+01
E 015 018 8.053e+01
E 015 019 1.836e+01
E 016 019 1.803e+01
E 018 019 6.218e+01
