N 000 006 067 5.408e-01
N 001 060 060 7.429e-01
N 002 033 094 1.808e-01
N 003 030 061 2.005e-01
N 004 037 083 1.449e-01
N 005 050 063 7.444e-01
N 006 026 045 7.452e-01
N 007 014 056 3.242e-01
N 008 066 006 5.925e-01
N 009 082 089 5.849e-02
N 010 064 018 9.872e-01
N 011 071 005 2.990e-01
N 012 036 038 3.929e-01
N 013 005 035 5.570e-01
N 014 066 058 7.189e-01
N 015 048 068 9.843e-01
N 016 010 027 1.350e-02
N 017 039 091 7.049e-02
N 018 003 060 3.065e-01
N 019 074 043 2.992e-01
E 000 002 3.818e+01
E 000 005 4.418e+01
E 000 011 8.983e+01
E 000 016 4.020e+01
E 000 017 4.080e+01
E 000 018 7.616e+00
E 001 017 3.744e+01
E 001 018 5.700e+01
E 001 015 1.442e+01
E 001 013 6.042e+01
E 001 007 4.617e+01
E 002 016 7.084e+01
E 002 013 6.531e+01
E 002 014 4.884e+01
E 002 015 3.002e+01
E 003 005 2.010e+01
E 003 008 6.573e+01
E 003 013 3.607e+01
E 003 015 1.931e+01
E 003 016 3.945e+01
E 003 018 2.702e+01
E 004 006 3.956e+01
E 004 008 8.228e+01
E 004 010 7.038e+01
E 004 015 1.860e+01
E 004 016 6.217e+01
E 004 018 4.105e+01
E 005 009 4.123e+01
E 005 010 4.713e+01
E 005 012 2.865e+01
E 005 014 1.676e+01
E 005 015 5.385e+00
E 005 019 3.124e+01
E 006 008 5.587e+01
E 006 016 2.408e+01
E 006 019 4.804e+01
E 006 007 1.628e+01
E 007 015 3.606e+01
E 007 009 7.558e+01
E 008 014 5.200e+01
E 008 013 6.754e+01
E 009 012 6.868e+01
E 009 014 3.489e+01
E 009 015 3.996e+01
E 009 016 9.502e+01
E 009 017 4.305e+01
E 009 018 8.415e+01
E 009 019 4.669e+01
E 010 012 3.441e+01
E 010 014 4.005e+01
E 011 019 3.812e+01
E 011 014 5.324e+01
E 011 015 6.707e+01
E 012 016 2.823e+01
E 012 019 3.833e+01
E 014 015 2.059e+01
E 014 016 6.401e+01
E 014 018 6.303e+01
E 015 016 5.590e+01
E 016 018 3.373e+01
