N 000 019 050 2.948e-01
N 001 012 098 1.060e-01
N 002 027 063 3.064e-01
N 003 016 000 8.186e-01
N 004 008 063 7.352e-01
N 005 059 030 5.715e-01
N 006 080 028 6.596e-02
N 007 075 051 7.589e-01
N 008 094 001 1.007e-01
N 009 027 046 3.289e-01
N 010 000 035 7.070e-01
N 011 001 016 7.660e-01
N 012 002 085 5.295e-01
N 013 007 063 6.454e-01
N 014 075 088 9.783e-01
N 015 008 085 8.286e-01
N 016 096 028 4.445e-01
N 017 036 020 4.221e-01
N 018 090 006 3.263e-01
N 019 080 017 3.089e-01
E 000 001 4.851e+01
E 000 003 5.009e+01
E 000 004 1.703e+01
E 000 006 6.485e+01
E 000 007 5.601e+01
E 000 008 8.959e+01
E 000 012 3.891e+01
E 000 014 6.768e+01
E 000 015 3.669e+01
E 000 017 3.448e+01
E 001 002 3.808e+01
E 001 007 7.860e+01
E 001 008 1.270e+02
E 001 009 5.412e+01
E 001 012 1.640e+01
E 002 006 6.351e+01
E 002 007 4.948e+01
E 002 010 3.890e+01
E 002 012 3.330e+01
E 002 013 2.000e+01
E 002 014 5.412e+01
E 002 016 7.737e+01
E 002 019 7.018e+01
E 003 004 6.351e+01
E 003 005 5.243e+01
E 003 006 6.986e+01
E 003 007 7.799e+01
E 003 014 1.059e+02
E 003 017 2.828e+01
E 003 018 7.424e+01
E 003 019 6.622e+01
E 004 008 1.060e+02
E 004 019 8.544e+01
E 004 017 5.131e+01
E 005 008 4.545e+01
E 005 016 3.705e+01
E 005 018 3.920e+01
E 005 012 7.921e+01
E 006 007 2.354e+01
E 006 014 6.021e+01
E 006 018 2.417e+01
E 007 015 7.513e+01
E 008 009 8.071e+01
E 008 018 6.403e+00
E 008 019 2.126e+01
E 009 012 4.632e+01
E 009 015 4.338e+01
E 009 016 7.131e+01
E 009 018 7.463e+01
E 009 019 6.042e+01
E 010 016 9.625e+01
E 010 017 3.900e+01
E 010 013 2.886e+01
E 011 018 8.956e+01
E 011 019 7.901e+01
E 011 013 4.738e+01
E 012 019 1.035e+02
E 013 016 9.563e+01
E 015 016 1.048e+02
E 017 018 5.579e+01
