N 000 099 091 6.671e-01
N 001 024 077 6.709e-01
N 002 022 067 3.841e-01
N 003 096 037 5.926e-01
N 004 021 081 7.944e-01
N 005 017 075 4.012e-01
N 006 072 086 7.739e-01
N 007 075 027 3.686e-01
N 008 074 083 1.270e-01
N 009 001 026 4.257e-01
N 010 003 061 7.508e-02
N 011 033 077 3.853e-01
N 012 044 082 9.194e-01
N 013 004 013 1.594e-01
N 014 094 047 4.577e-01
N 015 009 033 7.912e-01
N 016 098 007 1.742e-02
N 017 051 010 9.596e-01
N 018 023 032 8.431e-01
N 019 063 074 9.858e-01
E 000 016 8.401e+01
E 000 010 1.006e+02
E 000 005 8.355e+01
E 000 015 1.071e+02
E 001 009 5.595e+01
E 001 014 7.616e+01
E 001 004 5.000e+00
E 001 005 7.280e+00
E 001 012 2.062e+01
E 002 003 7.985e+01
E 002 009 4.607e+01
E 002 012 2.663e+01
E 002 013 5.692e+01
E 002 016 9.683e+01
E 002 017 6.395e+01
E 002 018 3.501e+01
E 002 019 4.159e+01
E 003 004 8.695e+01
E 003 005 8.766e+01
E 003 006 5.456e+01
E 003 011 7.463e+01
E 003 012 6.877e+01
E 003 019 4.958e+01
E 004 006 5.124e+01
E 004 008 5.304e+01
E 004 013 7.009e+01
E 004 018 4.904e+01
E 004 019 4.258e+01
E 005 010 1.980e+01
E 005 013 6.335e+01
E 005 016 1.058e+02
E 005 017 7.336e+01
E 005 018 4.342e+01
E 005 019 4.601e+01
E 006 007 5.908e+01
E 006 009 9.296e+01
E 006 013 9.976e+01
E 006 014 4.478e+01
E 006 018 7.292e+01
E 007 019 4.851e+01
E 007 009 7.401e+01
E 007 010 7.962e+01
E 007 011 6.530e+01
E 008 018 7.212e+01
E 008 019 1.421e+01
E 008 014 4.118e+01
E 009 017 5.250e+01
E 009 019 7.841e+01
E 010 017 7.004e+01
E 011 013 7.026e+01
E 012 016 9.242e+01
E 012 014 6.103e+01
E 014 016 4.020e+01
E 014 017 5.673e+01
E 014 018 7.257e+01
E 015 016 9.272e+01
E 015 019 6.780e+01
E 016 018 7.906e+01
E 017 018 3.561e+01
E 017 019 6.512e+01
