N 000 031 051 5.428e-02
N 001 041 005 8.045e-01
N 002 003 021 2.963e-01
N 003 030 028 3.120e-01
N 004 025 035 8.021e-01
N 005 053 001 8.651e-01
N 006 063 004 9.195e-01
N 007 062 046 1.858e-01
N 008 008 006 6.306e-01
N 009 032 017 9.664e-01
N 010 060 091 5.194e-01
N 011 061 079 5.132e-01
N 012 071 094 4.558e-01
N 013 061 015 6.278e-02
N 014 070 033 3.920e-02
N 015 068 030 4.143e-01
N 016 064 014 9.906e-01
N 017 095 035 4.792e-01
N 018 061 026 6.173e-01
N 019 066 009 5.874e-01
E 000 016 4.958e+01
E 000 019 5.467e+01
E 000 003 2.302e+01
E 001 018 2.900e+01
E 001 010 8.807e+01
E 001 011 7.666e+01
E 001 012 9.392e+01
E 001 005 1.265e+01
E 002 010 9.027e+01
E 002 014 6.807e+01
E 002 006 6.236e+01
E 003 005 3.547e+01
E 003 008 3.111e+01
E 003 010 6.978e+01
E 003 013 3.362e+01
E 003 019 4.071e+01
E 004 008 3.362e+01
E 004 005 4.405e+01
E 004 014 4.504e+01
E 004 013 4.118e+01
E 005 012 9.473e+01
E 005 013 1.612e+01
E 005 014 3.624e+01
E 005 015 3.265e+01
E 005 017 5.404e+01
E 005 019 1.526e+01
E 006 012 9.035e+01
E 007 008 6.720e+01
E 007 009 4.173e+01
E 007 014 1.526e+01
E 008 009 2.640e+01
E 008 013 5.376e+01
E 008 014 6.762e+01
E 008 017 9.171e+01
E 008 019 5.808e+01
E 009 017 6.552e+01
E 009 010 7.912e+01
E 009 019 3.493e+01
E 010 011 1.204e+01
E 010 012 1.140e+01
E 010 014 5.886e+01
E 010 015 6.152e+01
E 010 017 6.604e+01
E 010 018 6.501e+01
E 011 016 6.507e+01
E 011 012 1.803e+01
E 011 015 4.950e+01
E 012 013 7.963e+01
E 012 014 6.101e+01
E 012 017 6.369e+01
E 012 018 6.873e+01
E 012 019 8.515e+01
E 013 014 2.012e+01
E 013 015 1.655e+01
E 015 016 1.649e+01
E 015 017 2.746e+01
E 015 019 2.110e+01
E 016 019 5.385e+00
E 016 018 1.237e+01
E 017 019 3.895e+01
