N 000 003 044 6.658e-01
N 001 039 089 9.483e-02
N 002 001 046 3.135e-02
N 003 082 039 2.322e-01
N 004 062 065 9.421e-01
N 005 044 017 4.895e-01
N 006 025 096 6.340e-01
N 007 080 091 7.562e-01
N 008 048 057 7.797e-01
N 009 047 038 3.689e-01
N 010 051 036 6.484e-03
N 011 025 055 5.994e-01
N 012 042 039 5.837e-01
N 013 018 023 2.331e-02
N 014 073 061 1.592e-01
N 015 098 026 6.403e-01
N 016 010 081 4.180e-01
N 017 020 002 4.587e-01
N 018 031 083 8.812e-01
N 019 020 088 8.231e-01
E 000 009 4.441e+01
E 000 017 4.531e+01
E 000 007 9.021e+01
E 001 005 7.217e+01
E 001 006 1.565e+01
E 001 010 5.434e+01
E 001 011 3.677e+01
E 001 012 5.009e+01
E 001 014 4.405e+01
E 001 015 8.631e+01
E 001 017 8.905e+01
E 002 003 8.130e+01
E 002 006 5.546e+01
E 002 011 2.563e+01
E 002 016 3.614e+01
E 002 017 4.793e+01
E 002 019 4.610e+01
E 003 010 3.114e+01
E 003 012 4.000e+01
E 003 013 6.597e+01
E 003 014 2.377e+01
E 003 017 7.220e+01
E 004 017 7.572e+01
E 004 012 3.280e+01
E 004 013 6.083e+01
E 004 015 5.308e+01
E 005 008 4.020e+01
E 005 010 2.025e+01
E 005 013 2.668e+01
E 005 014 5.270e+01
E 005 019 7.495e+01
E 006 007 5.523e+01
E 006 010 6.539e+01
E 006 014 5.941e+01
E 006 019 9.434e+00
E 007 010 6.218e+01
E 007 014 3.081e+01
E 007 017 1.073e+02
E 007 018 4.965e+01
E 008 010 2.121e+01
E 008 011 2.309e+01
E 008 012 1.897e+01
E 008 017 6.172e+01
E 008 018 3.106e+01
E 009 010 4.472e+00
E 009 011 2.780e+01
E 010 011 3.220e+01
E 010 012 9.487e+00
E 010 015 4.805e+01
E 011 014 4.837e+01
E 011 015 7.855e+01
E 011 016 3.002e+01
E 012 019 5.371e+01
E 013 014 6.685e+01
E 014 016 6.610e+01
E 014 017 7.931e+01
E 014 019 5.948e+01
E 015 016 1.038e+02
E 016 018 2.110e+01
E 018 019 1.208e+01
