N 000 058 002 8.604e-01
N 001 046 094 3.147e-01
N 002 002 035 9.366e-02
N 003 067 028 8.899e-01
N 004 051 091 1.358e-01
N 005 018 090 5.479e-01
N 006 082 085 5.472e-01
N 007 005 005 4.099e-01
N 008 078 037 8.317e-01
N 009 065 005 7.695e-01
N 010 004 042 7.625e-01
N 011 091 067 5.850e-01
N 012 081 053 5.965e-01
N 013 062 081 4.569e-01
N 014 002 073 9.928e-01
N 015 056 037 1.129e-02
N 016 080 070 2.412e-01
N 017 051 050 3.965e-01
N 018 022 059 8.408e-01
N 019 050 097 3.896e-01
E 000 001 9.278e+01
E 000 008 4.031e+01
E 000 009 7.616e+00
E 000 010 6.720e+01
E 000 013 7.910e+01
E 000 014 9.043e+01
E 000 016 7.147e+01
E 001 004 5.831e+00
E 001 008 6.537e+01
E 001 009 9.101e+01
E 001 011 5.248e+01
E 001 013 2.062e+01
E 001 014 4.875e+01
E 001 015 5.787e+01
E 002 004 7.441e+01
E 002 008 7.603e+01
E 002 010 7.280e+00
E 002 012 8.102e+01
E 002 013 7.560e+01
E 002 018 3.124e+01
E 003 005 7.903e+01
E 003 008 1.421e+01
E 003 009 2.309e+01
E 003 010 6.454e+01
E 003 011 4.579e+01
E 003 015 1.421e+01
E 004 011 4.665e+01
E 004 012 4.841e+01
E 004 015 5.423e+01
E 004 016 3.581e+01
E 005 016 6.515e+01
E 005 009 9.713e+01
E 005 006 6.420e+01
E 006 016 1.513e+01
E 006 010 8.907e+01
E 006 013 2.040e+01
E 007 016 9.925e+01
E 007 009 6.000e+01
E 007 018 5.661e+01
E 007 011 1.060e+02
E 007 013 9.500e+01
E 008 010 7.417e+01
E 008 013 4.682e+01
E 008 015 2.200e+01
E 008 016 3.306e+01
E 008 018 6.017e+01
E 008 019 6.621e+01
E 009 017 4.713e+01
E 010 013 6.989e+01
E 010 016 8.099e+01
E 010 018 2.476e+01
E 011 012 1.720e+01
E 013 017 3.289e+01
E 014 016 7.806e+01
E 014 017 5.413e+01
E 015 016 4.080e+01
E 016 017 3.523e+01
E 016 018 5.903e+01
E 017 018 3.036e+01
E 017 019 4.701e+01
