N 000 056 067 5.135e-02
N 001 053 080 3.729e-01
N 002 009 046 7.032e-01
N 003 054 082 6.354e-01
N 004 058 049 2.787e-01
N 005 081 014 3.406e-01
N 006 094 095 7.695e-01
N 007 097 089 1.077e-02
N 008 037 066 8.483e-01
N 009 067 063 5.357e-01
N 010 025 069 2.307e-01
N 011 049 061 9.147e-01
N 012 017 065 7.763e-01
N 013 066 053 1.149e-01
N 014 012 034 6.958e-01
N 015 053 071 3.017e-01
N 016 011 039 9.191e-01
N 017 029 077 7.749e-01
N 018 076 023 3.700e-01
N 019 015 051 3.471e-01
E 000 002 5.148e+01
E 000 004 1.811e+01
E 000 011 9.220e+00
E 000 014 5.500e+01
E 000 015 5.000e+00
E 000 017 2.879e+01
E 000 018 4.833e+01
E 001 007 4.491e+01
E 001 009 2.202e+01
E 001 010 3.008e+01
E 001 011 1.942e+01
E 001 014 6.162e+01
E 001 016 5.869e+01
E 001 018 6.147e+01
E 001 019 4.780e+01
E 002 008 3.441e+01
E 002 009 6.044e+01
E 002 010 2.802e+01
E 002 011 4.272e+01
E 002 015 5.061e+01
E 002 017 3.689e+01
E 002 018 7.084e+01
E 003 008 2.335e+01
E 003 016 6.081e+01
E 003 014 6.378e+01
E 003 015 1.105e+01
E 004 019 4.305e+01
E 004 005 4.188e+01
E 004 007 5.587e+01
E 005 012 8.184e+01
E 005 018 1.030e+01
E 006 007 6.708e+00
E 006 009 4.187e+01
E 006 011 5.640e+01
E 006 012 8.264e+01
E 006 013 5.048e+01
E 006 018 7.422e+01
E 007 008 6.426e+01
E 007 009 3.970e+01
E 007 010 7.473e+01
E 007 011 5.557e+01
E 007 016 9.948e+01
E 007 019 9.038e+01
E 008 017 1.360e+01
E 009 011 1.811e+01
E 009 013 1.005e+01
E 009 015 1.612e+01
E 009 017 4.050e+01
E 009 018 4.100e+01
E 010 011 2.530e+01
E 010 012 8.944e+00
E 010 017 8.944e+00
E 011 016 4.391e+01
E 012 014 3.140e+01
E 012 013 5.045e+01
E 013 016 5.675e+01
E 014 016 5.099e+00
E 014 018 6.494e+01
E 016 019 1.265e+01
E 017 018 7.159e+01
