N 000 028 064 2.924e-01
N 001 039 073 6.638e-01
N 002 016 035 4.553e-01
N 003 088 064 9.119e-01
N 004 009 086 3.357e-02
N 005 037 002 7.340e-01
N 006 005 009 9.869e-01
N 007 017 085 1.627e-01
N 008 060 081 5.512e-01
N 009 032 042 4.680e-01
N 010 082 047 4.675e-01
N 011 016 096 4.563e-01
N 012 024 082 7.063e-01
N 013 081 074 7.632e-01
N 014 082 025 3.006e-01
N 015 026 059 2.017e-01
N 016 040 003 4.165e-01
N 017 099 000 2.651e-01
N 018 036 041 4.644e-01
N 019 019 018 8.941e-01
E 000 001 1.421e+01
E 000 002 3.138e+01
E 000 011 3.418e+01
E 000 014 6.661e+01
E 000 009 2.236e+01
E 001 002 4.442e+01
E 001 008 2.247e+01
E 001 010 5.025e+01
E 001 011 3.253e+01
E 001 012 1.749e+01
E 001 013 4.201e+01
E 002 004 5.148e+01
E 002 011 6.100e+01
E 002 014 6.675e+01
E 002 017 9.008e+01
E 002 019 1.726e+01
E 003 008 3.276e+01
E 003 018 5.686e+01
E 003 007 7.404e+01
E 004 005 8.854e+01
E 004 007 8.062e+00
E 004 008 5.124e+01
E 004 009 4.965e+01
E 004 011 1.221e+01
E 004 015 3.191e+01
E 004 016 8.860e+01
E 004 019 6.873e+01
E 005 008 8.228e+01
E 005 016 3.162e+00
E 005 019 2.408e+01
E 006 008 9.060e+01
E 006 012 7.543e+01
E 006 013 1.000e+02
E 006 007 7.694e+01
E 007 008 4.319e+01
E 007 010 7.529e+01
E 007 013 6.494e+01
E 007 018 4.793e+01
E 007 019 6.703e+01
E 008 013 2.214e+01
E 008 014 6.017e+01
E 008 017 8.990e+01
E 009 016 3.981e+01
E 009 014 5.281e+01
E 009 017 7.908e+01
E 010 013 2.702e+01
E 010 014 2.200e+01
E 010 016 6.083e+01
E 010 017 4.998e+01
E 010 018 4.639e+01
E 011 013 6.862e+01
E 011 019 7.806e+01
E 012 018 4.272e+01
E 013 015 5.701e+01
E 013 017 7.616e+01
E 014 016 4.741e+01
E 014 019 6.339e+01
E 015 018 2.059e+01
E 016 019 2.581e+01
E 017 019 8.200e+01
