N 000 093 005 6.065e-01
N 001 072 031 4.350e-01
N 002 005 010 1.339e-01
N 003 055 025 1.599e-01
N 004 020 099 8.406e-01
N 005 040 040 1.291e-01
N 006 069 088 8.785e-01
N 007 082 095 1.972e-01
N 008 021 026 2.211e-01
N 009 099 017 6.420e-01
N 010 031 079 1.446e-01
N 011 031 091 3.283e-01
N 012 006 042 6.642e-01
N 013 073 057 8.292e-01
N 014 003 093 5.835e-01
N 015 065 056 7.354e-01
N 016 044 009 8.108e-01
N 017 032 037 6.742e-02
N 018 015 064 6.377e-01
N 019 079 097 1.185e-01
E 000 002 8.814e+01
E 000 005 6.351e+01
E 000 008 7.500e+01
E 000 012 9.454e+01
E 000 013 5.571e+01
E 000 017 6.888e+01
E 000 018 9.780e+01
E 000 019 9.306e+01
E 001 002 7.021e+01
E 001 006 5.708e+01
E 001 007 6.478e+01
E 001 014 9.276e+01
E 001 017 4.045e+01
E 001 018 6.586e+01
E 002 006 1.009e+02
E 002 012 3.202e+01
E 002 013 8.266e+01
E 002 017 3.818e+01
E 003 015 3.257e+01
E 003 004 8.186e+01
E 003 005 2.121e+01
E 003 013 3.672e+01
E 004 009 1.139e+02
E 004 010 2.283e+01
E 004 013 6.762e+01
E 004 015 6.224e+01
E 004 017 6.315e+01
E 004 018 3.536e+01
E 005 009 6.332e+01
E 005 006 5.608e+01
E 006 010 3.905e+01
E 006 011 3.812e+01
E 006 014 6.619e+01
E 006 016 8.286e+01
E 006 017 6.301e+01
E 006 019 1.345e+01
E 007 016 9.402e+01
E 007 019 3.606e+00
E 007 017 7.658e+01
E 008 016 2.860e+01
E 008 012 2.193e+01
E 008 017 1.556e+01
E 008 015 5.325e+01
E 009 018 9.625e+01
E 009 019 8.246e+01
E 010 012 4.465e+01
E 010 013 4.741e+01
E 010 015 4.105e+01
E 010 019 5.126e+01
E 011 017 5.401e+01
E 011 012 5.501e+01
E 012 016 5.033e+01
E 012 017 2.648e+01
E 013 017 4.562e+01
E 014 019 7.611e+01
E 015 016 5.148e+01
E 015 017 3.808e+01
E 015 018 5.064e+01
E 016 019 9.470e+01
E 017 019 7.622e+01
