N 000 025 018 5.662e-02
N 001 013 060 5.354e-01
N 002 036 024 6.200e-01
N 003 095 034 5.653e-02
N 004 022 092 9.650e-02
N 005 089 031 8.661e-01
N 006 076 043 3.468e-01
N 007 072 041 8.030e-01
N 008 067 093 9.318e-01
N 009 034 006 1.199e-01
N 010 079 001 2.246e-01
N 011 080 010 1.415e-01
N 012 009 076 8.709e-01
N 013 084 088 6.896e-01
N 014 080 025 4.688e-01
N 015 009 039 1.687e-01
N 016 044 017 7.566e-01
N 017 071 041 6.779e-01
N 018 086 046 5.959e-01
N 019 039 045 6.857e-01
E 000 003 7.181e+01
E 000 005 6.531e+01
E 000 007 5.233e+01
E 000 008 8.596e+01
E 000 009 1.500e+01
E 000 010 5.661e+01
E 000 015 2.640e+01
E 000 019 3.041e+01
E 001 002 4.272e+01
E 001 010 8.853e+01
E 001 013 7.632e+01
E 001 005 8.134e+01
E 001 007 6.198e+01
E 002 008 7.564e+01
E 002 010 4.876e+01
E 002 013 8.000e+01
E 002 007 3.981e+01
E 003 009 6.712e+01
E 003 012 9.571e+01
E 003 014 1.749e+01
E 003 018 1.500e+01
E 003 019 5.707e+01
E 004 008 4.501e+01
E 004 016 7.816e+01
E 004 019 4.998e+01
E 004 012 2.062e+01
E 005 014 1.082e+01
E 005 016 4.713e+01
E 005 017 2.059e+01
E 005 018 1.530e+01
E 006 008 5.080e+01
E 006 019 3.705e+01
E 006 018 1.044e+01
E 006 011 3.324e+01
E 006 013 4.571e+01
E 007 008 5.224e+01
E 007 009 5.166e+01
E 007 011 3.202e+01
E 007 016 3.688e+01
E 008 010 9.278e+01
E 008 012 6.044e+01
E 008 013 1.772e+01
E 008 014 6.923e+01
E 008 015 7.925e+01
E 008 017 5.215e+01
E 009 019 3.932e+01
E 009 013 9.604e+01
E 010 013 8.714e+01
E 010 016 3.848e+01
E 010 017 4.079e+01
E 011 015 7.669e+01
E 012 013 7.595e+01
E 012 016 6.860e+01
E 012 019 4.314e+01
E 013 015 8.959e+01
E 013 016 8.149e+01
E 013 017 4.876e+01
E 014 017 1.836e+01
E 014 019 4.562e+01
E 018 019 4.701e+01
