N 000 074 019 2.820e-01
N 001 088 015 8.536e-01
N 002 015 029 9.908e-01
N 003 022 016 3.675e-01
N 004 039 004 3.161e-02
N 005 071 003 1.813e-01
N 006 056 095 2.469e-01
N 007 075 050 6.807e-01
N 008 014 048 4.852e-01
N 009 068 015 3.863e-01
N 010 052 000 4.144e-01
N 011 008 048 1.590e-03
N 012 063 060 4.425e-01
N 013 064 024 5.063e-01
N 014 000 003 3.766e-01
N 015 082 006 7.065e-01
N 016 089 003 3.726e-01
N 017 097 013 5.367e-01
N 018 083 096 1.634e-01
N 019 026 015 5.241e-02
E 000 019 4.817e+01
E 000 010 2.907e+01
E 000 015 1.526e+01
E 000 004 3.808e+01
E 000 007 3.102e+01
E 001 005 2.081e+01
E 001 006 8.616e+01
E 001 008 8.102e+01
E 001 009 2.000e+01
E 001 010 3.900e+01
E 001 011 8.654e+01
E 001 014 8.881e+01
E 001 019 6.200e+01
E 002 003 1.476e+01
E 002 004 3.466e+01
E 002 005 6.174e+01
E 002 010 4.701e+01
E 002 013 4.925e+01
E 002 015 7.084e+01
E 002 016 7.843e+01
E 003 006 8.601e+01
E 003 010 3.400e+01
E 003 011 3.493e+01
E 003 013 4.276e+01
E 003 017 7.506e+01
E 003 019 4.123e+00
E 004 005 3.202e+01
E 004 010 1.360e+01
E 004 011 5.382e+01
E 004 013 3.202e+01
E 004 016 5.001e+01
E 004 019 1.703e+01
E 005 006 9.321e+01
E 005 009 1.237e+01
E 005 010 1.924e+01
E 005 011 7.742e+01
E 005 012 5.756e+01
E 005 016 1.800e+01
E 006 009 8.089e+01
E 006 011 6.718e+01
E 006 015 9.272e+01
E 007 010 5.504e+01
E 007 011 6.703e+01
E 007 018 4.669e+01
E 008 018 8.405e+01
E 008 011 6.000e+00
E 008 017 9.008e+01
E 008 015 7.992e+01
E 009 018 8.238e+01
E 010 012 6.100e+01
E 010 014 5.209e+01
E 010 017 4.684e+01
E 010 018 1.009e+02
E 012 014 8.496e+01
E 012 015 5.725e+01
E 013 017 3.479e+01
E 014 019 2.864e+01
E 015 019 5.672e+01
E 017 018 8.417e+01
E 017 019 7.103e+01
