N 000 047 067 7.629e-01
N 001 076 028 5.228e-01
N 002 037 072 1.314e-01
N 003 052 084 3.501e-02
N 004 091 056 8.976e-01
N 005 086 021 3.260e-01
N 006 026 070 6.940e-01
N 007 009 094 9.986e-01
N 008 083 012 8.811e-01
N 009 024 087 8.694e-01
N 010 003 091 7.753e-01
N 011 061 030 2.629e-01
N 012 055 083 1.996e-01
N 013 097 077 6.000e-01
N 014 075 065 1.745e-01
N 015 019 091 6.878e-01
N 016 097 059 1.901e-01
N 017 094 024 3.691e-01
N 018 081 069 2.524e-01
N 019 089 028 8.628e-01
E 000 002 1.118e+01
E 000 006 2.121e+01
E 000 007 4.662e+01
E 000 012 1.789e+01
E 000 015 3.688e+01
E 000 016 5.064e+01
E 000 018 3.406e+01
E 000 019 5.731e+01
E 001 002 5.880e+01
E 001 006 6.530e+01
E 001 008 1.746e+01
E 001 012 5.887e+01
E 001 015 8.496e+01
E 001 018 4.130e+01
E 001 019 1.300e+01
E 002 006 1.118e+01
E 002 009 1.985e+01
E 002 013 6.021e+01
E 002 015 2.617e+01
E 003 016 5.148e+01
E 003 009 2.816e+01
E 003 005 7.159e+01
E 003 006 2.953e+01
E 004 017 3.214e+01
E 004 010 9.470e+01
E 004 018 1.640e+01
E 004 007 9.038e+01
E 005 008 9.487e+00
E 005 018 4.826e+01
E 005 014 4.535e+01
E 005 015 9.690e+01
E 006 007 2.941e+01
E 006 011 5.315e+01
E 006 013 7.134e+01
E 006 015 2.214e+01
E 006 019 7.572e+01
E 007 009 1.655e+01
E 007 010 6.708e+00
E 007 011 8.246e+01
E 007 013 8.963e+01
E 007 018 7.622e+01
E 008 016 4.904e+01
E 008 017 1.628e+01
E 008 018 5.704e+01
E 008 019 1.709e+01
E 009 013 7.368e+01
E 009 015 6.403e+00
E 009 016 7.819e+01
E 010 012 5.261e+01
E 010 018 8.104e+01
E 010 015 1.600e+01
E 011 016 4.623e+01
E 011 017 3.354e+01
E 011 014 3.770e+01
E 012 019 6.466e+01
E 013 015 7.925e+01
E 013 016 1.800e+01
E 013 017 5.308e+01
E 013 019 4.965e+01
E 015 016 8.431e+01
