N 000 011 009 1.444e-01
N 001 042 051 7.627e-01
N 002 052 016 1.655e-02
N 003 002 004 6.879e-01
N 004 034 051 8.381e-01
N 005 082 047 1.197e-01
N 006 090 076 3.077e-01
N 007 033 066 8.921e-02
N 008 012 027 1.835e-01
N 009 086 076 1.997e-01
N 010 083 059 8.024e-01
N 011 003 039 8.689e-01
N 012 049 048 8.015e-01
N 013 092 034 9.055e-01
N 014 018 038 6.137e-01
N 015 058 048 6.499e-02
N 016 039 037 3.130e-01
N 017 092 094 7.312e-01
N 018 054 067 2.814e-01
N 019 092 019 7.710e-01
E 000 017 1.174e+02
E 000 004 4.789e+01
E 000 014 2.983e+01
E 001 002 3.640e+01
E 001 006 5.412e+01
E 001 007 1.749e+01
E 001 008 3.842e+01
E 001 011 4.080e+01
E 001 016 1.432e+01
E 001 019 5.936e+01
E 002 010 5.301e+01
E 002 011 5.413e+01
E 002 013 4.386e+01
E 002 016 2.470e+01
E 002 019 4.011e+01
E 003 009 1.106e+02
E 003 010 9.791e+01
E 003 004 5.686e+01
E 003 017 1.273e+02
E 003 007 6.932e+01
E 004 009 5.770e+01
E 004 010 4.965e+01
E 004 011 3.324e+01
E 004 012 1.530e+01
E 004 013 6.044e+01
E 004 015 2.419e+01
E 004 017 7.220e+01
E 005 011 7.940e+01
E 005 007 5.255e+01
E 006 019 5.704e+01
E 006 011 9.454e+01
E 006 012 4.965e+01
E 006 007 5.787e+01
E 007 010 5.049e+01
E 007 015 3.081e+01
E 007 017 6.531e+01
E 007 018 2.102e+01
E 007 019 7.543e+01
E 008 014 1.253e+01
E 009 010 1.726e+01
E 009 011 9.087e+01
E 009 013 4.243e+01
E 009 014 7.790e+01
E 009 015 3.960e+01
E 009 017 1.897e+01
E 009 018 3.324e+01
E 010 013 2.657e+01
E 010 015 2.731e+01
E 010 017 3.614e+01
E 010 018 3.008e+01
E 010 019 4.100e+01
E 011 013 8.914e+01
E 011 017 1.046e+02
E 011 018 5.818e+01
E 012 017 6.297e+01
E 014 018 4.623e+01
E 014 016 2.102e+01
E 015 016 2.195e+01
E 017 018 4.662e+01
E 017 019 7.500e+01
