N 000 058 049 3.430e-01
N 001 004 033 3.873e-01
N 002 020 080 7.448e-02
N 003 081 084 1.708e-01
N 004 059 016 6.268e-01
N 005 078 035 9.748e-01
N 006 011 018 2.634e-02
N 007 003 022 9.148e-01
N 008 088 001 3.639e-02
N 009 015 083 4.068e-01
N 010 080 046 8.720e-01
N 011 043 086 1.340e-02
N 012 077 074 3.953e-02
N 013 097 029 9.065e-01
N 014 009 037 8.479e-01
N 015 048 083 3.502e-01
N 016 043 078 3.057e-01
N 017 031 046 5.930e-01
N 018 032 097 4.317e-01
N 019 033 080 5.085e-01
E 000 001 5.632e+01
E 000 002 4.904e+01
E 000 004 3.302e+01
E 000 005 2.441e+01
E 000 011 3.992e+01
E 000 013 4.383e+01
E 000 014 5.045e+01
E 000 016 3.265e+01
E 000 018 5.459e+01
E 001 005 7.403e+01
E 001 006 1.655e+01
E 001 010 7.710e+01
E 001 012 8.373e+01
E 001 017 2.997e+01
E 001 018 6.986e+01
E 002 016 2.309e+01
E 002 018 2.081e+01
E 002 015 2.816e+01
E 003 018 5.070e+01
E 003 012 1.077e+01
E 003 007 9.964e+01
E 004 007 5.632e+01
E 004 009 8.016e+01
E 004 012 6.073e+01
E 004 015 6.790e+01
E 004 016 6.403e+01
E 004 017 4.104e+01
E 004 019 6.908e+01
E 005 010 1.118e+01
E 005 011 6.185e+01
E 005 013 1.992e+01
E 005 019 6.364e+01
E 006 010 7.446e+01
E 006 018 8.174e+01
E 006 014 1.910e+01
E 006 009 6.512e+01
E 007 008 8.756e+01
E 007 009 6.217e+01
E 007 010 8.065e+01
E 007 011 7.547e+01
E 007 016 6.882e+01
E 007 018 8.041e+01
E 008 011 9.618e+01
E 008 013 2.941e+01
E 008 017 7.262e+01
E 008 018 1.111e+02
E 008 019 9.626e+01
E 009 010 7.479e+01
E 009 012 6.265e+01
E 009 016 2.844e+01
E 009 018 2.202e+01
E 009 019 1.825e+01
E 010 014 7.157e+01
E 011 017 4.176e+01
E 012 015 3.036e+01
E 012 017 5.385e+01
E 012 018 5.054e+01
E 013 014 8.836e+01
E 015 019 1.530e+01
E 018 019 1.703e+01
