N 000 044 091 8.853e-01
N 001 005 029 1.902e-01
N 002 098 086 4.086e-01
N 003 063 047 8.198e-01
N 004 066 058 4.021e-01
N 005 007 018 5.572e-01
N 006 054 089 9.297e-01
N 007 012 035 3.561e-01
N 008 029 058 1.548e-01
N 009 096 091 3.239e-01
N 010 058 064 6.042e-01
N 011 030 040 1.427e-01
N 012 039 053 2.727e-01
N 013 030 077 5.824e-01
N 014 083 067 3.363e-01
N 015 008 044 3.698e-01
N 016 004 012 4.250e-01
N 017 035 050 5.471e-01
N 018 046 060 8.115e-01
N 019 006 016 5.647e-01
E 000 002 5.423e+01
E 000 003 4.793e+01
E 000 006 1.020e+01
E 000 009 5.200e+01
E 000 011 5.289e+01
E 000 015 5.920e+01
E 000 016 8.855e+01
E 001 018 5.140e+01
E 001 015 1.530e+01
E 002 012 6.760e+01
E 002 014 2.421e+01
E 002 006 4.410e+01
E 002 015 9.932e+01
E 003 005 6.306e+01
E 003 006 4.295e+01
E 003 008 3.574e+01
E 003 009 5.500e+01
E 003 012 2.474e+01
E 003 018 2.140e+01
E 004 008 3.700e+01
E 004 019 7.324e+01
E 004 015 5.967e+01
E 004 006 3.324e+01
E 004 007 5.869e+01
E 005 007 1.772e+01
E 005 009 1.151e+02
E 005 011 3.183e+01
E 005 014 9.043e+01
E 005 017 4.252e+01
E 005 019 2.236e+00
E 006 007 6.841e+01
E 006 009 4.205e+01
E 006 010 2.532e+01
E 006 013 2.683e+01
E 006 014 3.640e+01
E 006 015 6.435e+01
E 007 012 3.245e+01
E 007 017 2.746e+01
E 008 011 1.803e+01
E 009 010 4.662e+01
E 009 012 6.851e+01
E 009 016 1.213e+02
E 010 018 1.265e+01
E 010 019 7.077e+01
E 010 013 3.087e+01
E 011 012 1.581e+01
E 011 014 5.948e+01
E 011 016 3.821e+01
E 012 013 2.563e+01
E 012 014 4.617e+01
E 012 015 3.228e+01
E 012 016 5.391e+01
E 012 017 5.000e+00
E 012 019 4.958e+01
E 013 017 2.746e+01
E 014 015 7.845e+01
E 014 016 9.626e+01
E 015 017 2.766e+01
E 016 018 6.378e+01
E 017 018 1.487e+01
