N 000 020 041 3.368e-01
N 001 065 006 9.012e-01
N 002 018 083 9.010e-01
N 003 014 075 3.396e-01
N 004 077 017 8.543e-01
N 005 066 060 4.480e-01
N 006 021 023 5.667e-01
N 007 025 006 6.065e-01
N 008 085 042 2.716e-01
N 009 048 023 9.755e-01
N 010 028 001 9.231e-01
N 011 061 052 2.377e-01
N 012 051 054 6.643e-01
N 013 030 010 3.730e-01
N 014 034 005 6.051e-01
N 015 083 066 6.639e-01
N 016 025 011 2.008e-01
N 017 054 091 8.230e-02
N 018 033 000 1.134e-01
N 019 050 046 3.921e-01
E 000 019 3.041e+01
E 000 003 3.453e+01
E 000 014 3.863e+01
E 001 008 4.118e+01
E 001 002 9.021e+01
E 001 013 3.523e+01
E 002 003 8.944e+00
E 002 005 5.323e+01
E 002 006 6.007e+01
E 002 009 6.708e+01
E 002 010 8.261e+01
E 002 014 7.962e+01
E 002 015 6.719e+01
E 002 017 3.688e+01
E 003 004 8.563e+01
E 003 008 7.829e+01
E 003 010 7.531e+01
E 003 012 4.254e+01
E 003 015 6.958e+01
E 004 005 4.438e+01
E 004 009 2.961e+01
E 004 011 3.848e+01
E 004 013 4.752e+01
E 004 016 5.235e+01
E 004 017 7.749e+01
E 004 018 4.717e+01
E 005 007 6.780e+01
E 005 008 2.617e+01
E 005 012 1.616e+01
E 005 015 1.803e+01
E 005 017 3.324e+01
E 006 017 7.558e+01
E 006 015 7.545e+01
E 006 010 2.309e+01
E 006 013 1.581e+01
E 007 009 2.860e+01
E 007 010 5.831e+00
E 007 013 6.403e+00
E 007 014 9.055e+00
E 007 015 8.345e+01
E 008 010 7.021e+01
E 008 011 2.600e+01
E 008 014 6.301e+01
E 008 015 2.408e+01
E 008 019 3.523e+01
E 009 014 2.280e+01
E 009 015 5.544e+01
E 009 017 6.826e+01
E 009 019 2.309e+01
E 010 013 9.220e+00
E 010 018 5.099e+00
E 011 013 5.220e+01
E 011 014 5.420e+01
E 012 016 5.025e+01
E 012 017 3.712e+01
E 013 019 4.118e+01
E 014 017 8.829e+01
E 014 019 4.401e+01
E 015 016 7.993e+01
E 015 019 3.859e+01
