N 000 097 061 5.309e-01
N 001 007 063 6.568e-01
N 002 088 058 7.094e-01
N 003 095 074 1.911e-03
N 004 026 068 7.893e-01
N 005 090 060 7.228e-01
N 006 023 094 5.341e-01
N 007 040 052 4.306e-01
N 008 036 086 6.480e-01
N 009 092 049 7.650e-01
N 010 064 071 3.985e-01
N 011 045 078 2.362e-01
N 012 012 099 7.865e-02
N 013 038 009 9.184e-01
N 014 056 071 1.235e-02
N 015 005 071 5.792e-01
N 016 023 079 7.604e-01
N 017 037 009 2.830e-01
N 018 055 017 6.575e-01
N 019 019 044 4.390e-01
E 000 003 1.315e+01
E 000 004 7.134e+01
E 000 005 7.071e+00
E 000 006 8.102e+01
E 000 007 5.771e+01
E 000 008 6.592e+01
E 000 010 3.448e+01
E 000 017 7.940e+01
E 001 004 1.965e+01
E 001 011 4.085e+01
E 001 012 3.635e+01
E 001 013 6.227e+01
E 001 014 4.965e+01
E 001 015 8.246e+00
E 001 017 6.177e+01
E 001 019 2.247e+01
E 002 016 6.831e+01
E 002 009 9.849e+00
E 002 004 6.280e+01
E 002 013 7.001e+01
E 002 017 7.072e+01
E 003 005 1.487e+01
E 003 006 7.473e+01
E 003 012 8.668e+01
E 003 013 8.645e+01
E 003 014 3.912e+01
E 003 018 6.963e+01
E 004 005 6.450e+01
E 005 008 5.993e+01
E 005 010 2.823e+01
E 005 013 7.284e+01
E 006 011 2.720e+01
E 006 014 4.022e+01
E 006 017 8.615e+01
E 007 009 5.209e+01
E 007 010 3.061e+01
E 007 013 4.305e+01
E 007 016 3.191e+01
E 009 012 9.434e+01
E 009 013 6.720e+01
E 009 014 4.219e+01
E 009 018 4.892e+01
E 010 015 5.900e+01
E 010 018 5.474e+01
E 010 019 5.248e+01
E 011 014 1.304e+01
E 011 015 4.061e+01
E 011 018 6.181e+01
E 011 019 4.280e+01
E 012 018 9.259e+01
E 014 016 3.396e+01
E 014 017 6.485e+01
E 014 018 5.401e+01
E 014 019 4.580e+01
E 015 019 3.041e+01
E 015 017 6.977e+01
E 016 019 3.523e+01
E 016 018 6.977e+01
E 017 018 1.970e+01
E 017 019 3.936e+01
