N 000 078 099 1.814e-01
N 001 050 087 8.340e-01
N 002 048 088 3.506e-01
N 003 016 053 7.874e-01
N 004 036 019 4.242e-02
N 005 093 054 6.287e-01
N 006 086 075 4.974e-01
N 007 096 036 6.983e-01
N 008 055 078 2.271e-01
N 009 012 099 7.842e-01
N 010 045 040 1.868e-01
N 011 036 056 3.339e-01
N 012 044 085 1.438e-01
N 013 073 090 5.750e-02
N 014 057 034 8.546e-01
N 015 067 097 8.803e-01
N 016 093 005 1.118e-01
N 017 033 086 5.773e-01
N 018 075 054 8.683e-01
N 019 037 059 4.653e-03
E 000 008 3.114e+01
E 000 016 9.519e+01
E 000 014 6.831e+01
E 000 015 1.118e+01
E 001 002 2.236e+00
E 001 003 4.808e+01
E 001 004 6.943e+01
E 001 008 1.030e+01
E 001 009 3.985e+01
E 001 013 2.319e+01
E 001 014 5.346e+01
E 001 015 1.972e+01
E 001 017 1.703e+01
E 002 016 9.441e+01
E 002 010 4.809e+01
E 002 011 3.418e+01
E 003 008 4.632e+01
E 003 015 6.736e+01
E 003 017 3.712e+01
E 003 009 4.617e+01
E 004 019 4.001e+01
E 004 014 2.581e+01
E 005 016 4.900e+01
E 005 017 6.800e+01
E 005 018 1.800e+01
E 005 013 4.118e+01
E 006 019 5.155e+01
E 006 011 5.349e+01
E 006 007 4.026e+01
E 007 008 5.869e+01
E 007 009 1.050e+02
E 007 010 5.116e+01
E 007 013 5.869e+01
E 007 015 6.754e+01
E 007 017 8.043e+01
E 007 018 2.766e+01
E 008 009 4.785e+01
E 008 013 2.163e+01
E 008 019 2.617e+01
E 009 010 6.760e+01
E 010 012 4.501e+01
E 010 013 5.731e+01
E 010 019 2.062e+01
E 011 013 5.025e+01
E 011 016 7.649e+01
E 011 017 3.015e+01
E 011 019 3.162e+00
E 012 017 1.105e+01
E 012 015 2.594e+01
E 013 014 5.824e+01
E 013 015 9.220e+00
E 013 019 4.751e+01
E 014 015 6.379e+01
E 015 016 9.560e+01
E 015 017 3.574e+01
E 015 018 4.374e+01
E 015 019 4.841e+01
E 016 017 1.008e+02
E 017 018 5.280e+01
E 018 019 3.833e+01
