N 000 098 059 6.437e-01
N 001 015 086 7.710e-01
N 002 095 051 1.524e-01
N 003 004 050 9.036e-01
N 004 036 094 9.823e-01
N 005 061 009 3.417e-01
N 006 079 011 5.884e-01
N 007 088 090 3.183e-01
N 008 079 020 1.544e-01
N 009 063 051 8.818e-01
N 010 037 065 3.760e-01
N 011 068 047 3.110e-01
N 012 073 033 4.525e-01
N 013 031 077 5.470e-01
N 014 052 096 2.610e-01
N 015 078 006 4.166e-01
N 016 090 036 5.888e-01
N 017 060 078 1.549e-01
N 018 039 006 8.909e-02
N 019 032 017 9.619e-01
E 000 010 6.129e+01
E 000 011 3.231e+01
E 000 012 3.607e+01
E 000 015 5.665e+01
E 001 008 9.193e+01
E 001 016 9.014e+01
E 001 014 3.833e+01
E 001 006 9.860e+01
E 002 018 7.184e+01
E 002 011 2.729e+01
E 002 012 2.843e+01
E 002 014 6.224e+01
E 003 016 8.713e+01
E 003 018 5.622e+01
E 003 014 6.648e+01
E 003 006 8.453e+01
E 003 015 8.609e+01
E 004 017 2.884e+01
E 005 017 6.901e+01
E 005 010 6.093e+01
E 005 019 3.008e+01
E 005 013 7.432e+01
E 006 009 4.308e+01
E 006 012 2.280e+01
E 006 013 8.161e+01
E 006 014 8.919e+01
E 006 015 5.099e+00
E 006 017 6.964e+01
E 006 018 4.031e+01
E 007 009 4.632e+01
E 007 010 5.680e+01
E 008 009 3.489e+01
E 008 010 6.155e+01
E 008 014 8.065e+01
E 008 015 1.404e+01
E 008 017 6.103e+01
E 008 019 4.710e+01
E 009 010 2.953e+01
E 009 011 6.403e+00
E 009 013 4.123e+01
E 009 015 4.743e+01
E 009 017 2.717e+01
E 009 018 5.100e+01
E 010 011 3.585e+01
E 010 017 2.642e+01
E 011 012 1.487e+01
E 011 013 4.763e+01
E 011 016 2.460e+01
E 011 019 4.686e+01
E 012 014 6.641e+01
E 012 015 2.746e+01
E 012 017 4.684e+01
E 012 018 4.342e+01
E 012 019 4.401e+01
E 014 017 1.970e+01
E 014 019 8.149e+01
E 015 016 3.231e+01
E 015 018 3.900e+01
E 016 018 5.917e+01
E 017 018 7.500e+01
