N 000 063 094 2.002e-01
N 001 033 053 8.504e-02
N 002 031 044 3.213e-01
N 003 070 057 2.771e-01
N 004 008 028 1.157e-01
N 005 041 055 4.060e-01
N 006 066 039 8.707e-01
N 007 084 060 2.113e-01
N 008 092 017 9.250e-02
N 009 022 066 5.236e-01
N 010 006 027 3.900e-01
N 011 041 092 1.981e-01
N 012 097 079 9.597e-01
N 013 000 027 1.435e-01
N 014 029 097 8.630e-01
N 015 020 006 9.215e-01
N 016 070 051 6.730e-01
N 017 001 094 6.621e-01
N 018 074 062 6.877e-01
N 019 029 076 9.184e-01
E 000 003 3.766e+01
E 000 004 8.591e+01
E 000 005 4.478e+01
E 000 007 3.996e+01
E 000 008 8.228e+01
E 000 009 4.965e+01
E 000 012 3.716e+01
E 000 013 9.197e+01
E 001 005 8.246e+00
E 001 006 3.585e+01
E 001 008 6.912e+01
E 001 011 3.981e+01
E 001 012 6.908e+01
E 001 013 4.201e+01
E 001 014 4.418e+01
E 001 015 4.876e+01
E 002 016 3.962e+01
E 002 017 5.831e+01
E 002 018 4.662e+01
E 002 014 5.304e+01
E 002 015 3.956e+01
E 003 011 4.545e+01
E 003 012 3.483e+01
E 003 007 1.432e+01
E 004 009 4.050e+01
E 004 010 2.236e+00
E 004 006 5.903e+01
E 005 019 2.419e+01
E 006 007 2.766e+01
E 006 008 3.406e+01
E 006 009 5.162e+01
E 006 012 5.061e+01
E 006 013 6.708e+01
E 006 017 8.515e+01
E 007 013 9.025e+01
E 007 015 8.374e+01
E 007 019 5.728e+01
E 008 009 8.545e+01
E 008 012 6.220e+01
E 008 015 7.284e+01
E 008 017 1.192e+02
E 009 011 3.220e+01
E 009 013 4.478e+01
E 009 014 3.178e+01
E 009 017 3.500e+01
E 010 016 6.835e+01
E 010 015 2.524e+01
E 011 015 8.853e+01
E 011 019 2.000e+01
E 012 015 1.061e+02
E 012 018 2.860e+01
E 013 014 7.577e+01
E 013 016 7.400e+01
E 014 015 9.144e+01
E 014 017 2.816e+01
E 015 016 6.727e+01
E 015 017 9.003e+01
E 015 018 7.779e+01
E 015 019 7.058e+01
E 016 017 8.130e+01
