N 000 073 085 7.537e-01
N 001 031 026 9.819e-01
N 002 031 051 5.417e-01
N 003 042 002 3.740e-01
N 004 056 033 8.974e-01
N 005 042 047 9.097e-02
N 006 003 039 5.508e-01
N 007 049 005 4.218e-01
N 008 008 010 5.743e-01
N 009 066 079 5.800e-01
N 010 082 074 7.455e-01
N 011 054 095 9.614e-01
N 012 069 096 1.318e-01
N 013 011 070 1.431e-01
N 014 018 039 4.131e-01
N 015 070 078 1.230e-01
N 016 014 096 1.659e-01
N 017 020 080 2.505e-03
N 018 023 076 4.164e-01
N 019 040 092 2.450e-01
E 000 001 7.242e+01
E 000 006 8.376e+01
E 000 008 9.925e+01
E 000 011 2.147e+01
E 000 012 1.170e+01
E 000 013 6.379e+01
E 000 016 6.002e+01
E 001 003 2.640e+01
E 001 004 2.596e+01
E 001 007 2.766e+01
E 001 008 2.802e+01
E 001 010 7.004e+01
E 001 012 7.965e+01
E 001 019 6.661e+01
E 002 004 3.081e+01
E 002 006 3.046e+01
E 002 008 4.701e+01
E 002 009 4.482e+01
E 002 010 5.595e+01
E 002 014 1.769e+01
E 002 017 3.102e+01
E 002 019 4.198e+01
E 003 009 8.065e+01
E 003 006 5.376e+01
E 003 007 7.616e+00
E 004 005 1.980e+01
E 004 006 5.334e+01
E 004 008 5.323e+01
E 004 014 3.847e+01
E 004 015 4.713e+01
E 004 018 5.420e+01
E 005 006 3.981e+01
E 005 008 5.025e+01
E 005 010 4.826e+01
E 005 011 4.948e+01
E 005 015 4.177e+01
E 006 007 5.720e+01
E 006 008 2.943e+01
E 006 009 7.463e+01
E 006 012 8.721e+01
E 006 015 7.752e+01
E 007 019 8.746e+01
E 007 017 8.041e+01
E 008 010 9.784e+01
E 008 012 1.054e+02
E 009 010 1.676e+01
E 009 015 4.123e+00
E 009 018 4.310e+01
E 010 012 2.555e+01
E 010 013 7.111e+01
E 011 017 3.716e+01
E 011 018 3.636e+01
E 012 014 7.649e+01
E 012 015 1.803e+01
E 012 019 2.927e+01
E 013 018 1.342e+01
E 013 014 3.178e+01
E 013 015 5.954e+01
E 014 015 6.500e+01
E 015 019 3.311e+01
