N 000 046 041 6.568e-01
N 001 009 099 1.554e-01
N 002 020 013 1.364e-01
N 003 023 085 7.089e-01
N 004 091 098 6.692e-01
N 005 010 098 4.499e-01
N 006 056 048 6.158e-01
N 007 049 069 6.975e-01
N 008 076 027 1.214e-01
N 009 063 096 1.691e-02
N 010 029 037 7.469e-01
N 011 049 095 6.438e-02
N 012 097 007 4.859e-01
N 013 097 098 3.836e-01
N 014 062 092 6.063e-01
N 015 081 005 8.930e-01
N 016 041 084 3.090e-01
N 017 021 021 5.902e-01
N 018 013 032 5.213e-01
N 019 044 064 3.813e-01
E 000 002 3.821e+01
E 000 006 1.221e+01
E 000 008 3.311e+01
E 000 010 1.746e+01
E 000 012 6.129e+01
E 000 015 5.021e+01
E 000 017 3.202e+01
E 000 018 3.421e+01
E 000 019 2.309e+01
E 001 002 8.670e+01
E 001 007 5.000e+01
E 002 003 7.206e+01
E 002 013 1.147e+02
E 002 017 8.062e+00
E 003 006 4.958e+01
E 003 008 7.857e+01
E 003 011 2.786e+01
E 003 012 1.075e+02
E 003 015 9.881e+01
E 003 018 5.394e+01
E 004 006 6.103e+01
E 004 008 7.257e+01
E 004 013 6.000e+00
E 004 014 2.961e+01
E 004 016 5.192e+01
E 004 017 1.041e+02
E 005 006 6.794e+01
E 005 009 5.304e+01
E 005 011 3.912e+01
E 005 013 8.700e+01
E 005 016 3.401e+01
E 005 019 4.808e+01
E 006 007 2.214e+01
E 006 009 4.851e+01
E 006 013 6.466e+01
E 006 017 4.420e+01
E 006 019 2.000e+01
E 007 010 3.774e+01
E 007 019 7.071e+00
E 007 013 5.608e+01
E 008 009 7.021e+01
E 008 012 2.900e+01
E 008 014 6.649e+01
E 008 015 2.256e+01
E 008 018 6.320e+01
E 009 010 6.810e+01
E 009 011 1.404e+01
E 009 019 3.722e+01
E 010 011 6.135e+01
E 010 015 6.106e+01
E 011 017 7.912e+01
E 011 018 7.256e+01
E 012 013 9.100e+01
E 012 017 7.728e+01
E 013 014 3.551e+01
E 013 017 1.082e+02
E 014 015 8.905e+01
E 016 017 6.610e+01
E 016 018 5.906e+01
E 018 019 4.455e+01
