N 000 018 072 4.241e-01
N 001 056 039 7.917e-01
N 002 053 065 5.993e-01
N 003 056 049 2.577e-01
N 004 010 061 2.434e-01
N 005 021 059 9.886e-01
N 006 034 089 3.547e-01
N 007 069 097 8.606e-01
N 008 099 036 5.031e-01
N 009 012 042 6.649e-01
N 010 007 085 7.681e-01
N 011 053 059 8.653e-01
N 012 039 056 2.487e-01
N 013 064 096 3.253e-01
N 014 086 034 3.145e-01
N 015 044 060 2.059e-01
N 016 073 029 2.981e-02
N 017 086 094 8.859e-01
N 018 033 002 3.676e-01
N 019 018 018 4.250e-01
E 000 001 5.033e+01
E 000 002 3.569e+01
E 000 012 2.640e+01
E 000 014 7.790e+01
E 000 009 3.059e+01
E 001 005 4.031e+01
E 001 009 4.410e+01
E 001 010 6.721e+01
E 001 011 2.022e+01
E 001 012 2.404e+01
E 001 016 1.972e+01
E 001 019 4.342e+01
E 002 012 1.664e+01
E 002 004 4.319e+01
E 002 014 4.528e+01
E 002 017 4.393e+01
E 003 005 3.640e+01
E 003 006 4.565e+01
E 003 008 4.492e+01
E 003 009 4.455e+01
E 003 012 1.838e+01
E 003 015 1.628e+01
E 003 018 5.233e+01
E 004 008 9.244e+01
E 004 009 1.910e+01
E 004 011 4.305e+01
E 004 014 8.065e+01
E 004 018 6.332e+01
E 004 019 4.374e+01
E 005 008 8.132e+01
E 005 009 1.924e+01
E 005 011 3.200e+01
E 005 012 1.825e+01
E 005 013 5.673e+01
E 005 016 6.003e+01
E 006 009 5.189e+01
E 006 010 2.729e+01
E 006 013 3.081e+01
E 006 014 7.569e+01
E 006 015 3.068e+01
E 006 019 7.278e+01
E 007 008 6.798e+01
E 007 017 1.726e+01
E 007 012 5.080e+01
E 007 015 4.465e+01
E 008 013 6.946e+01
E 008 014 1.315e+01
E 009 011 4.438e+01
E 010 013 5.805e+01
E 010 015 4.465e+01
E 011 012 1.432e+01
E 011 015 9.055e+00
E 012 015 6.403e+00
E 012 017 6.044e+01
E 012 018 5.433e+01
E 013 018 9.898e+01
E 014 015 4.940e+01
E 016 018 4.826e+01
E 016 017 6.629e+01
E 017 019 1.020e+02
