N 000 045 068 4.346e-01
N 001 015 083 3.072e-01
N 002 035 046 9.691e-01
N 003 084 012 7.289e-01
N 004 086 023 6.299e-01
N 005 086 045 3.225e-01
N 006 045 039 9.590e-01
N 007 079 074 5.481e-01
N 008 066 082 9.115e-01
N 009 038 018 8.985e-01
N 010 066 072 4.538e-01
N 011 066 065 7.264e-01
N 012 037 016 8.158e-01
N 013 012 001 4.109e-01
N 014 039 012 1.584e-01
N 015 094 009 8.950e-01
N 016 035 049 4.171e-01
N 017 007 026 4.065e-01
N 018 070 023 7.789e-01
N 019 037 075 7.695e-02
E 000 002 2.417e+01
E 000 003 6.824e+01
E 000 004 6.088e+01
E 000 006 2.900e+01
E 000 013 7.469e+01
E 000 014 5.632e+01
E 000 016 2.147e+01
E 000 018 5.148e+01
E 001 005 8.053e+01
E 001 009 6.895e+01
E 001 011 5.408e+01
E 001 012 7.052e+01
E 001 013 8.205e+01
E 001 016 3.945e+01
E 001 017 5.756e+01
E 001 019 2.341e+01
E 002 005 5.101e+01
E 002 008 4.751e+01
E 002 009 2.816e+01
E 002 010 4.046e+01
E 002 014 3.423e+01
E 003 004 1.118e+01
E 003 007 6.220e+01
E 003 009 4.639e+01
E 003 011 5.597e+01
E 003 013 7.284e+01
E 003 016 6.140e+01
E 004 005 2.200e+01
E 004 006 4.401e+01
E 004 008 6.230e+01
E 004 011 4.652e+01
E 004 014 4.827e+01
E 004 015 1.612e+01
E 004 016 5.725e+01
E 004 019 7.145e+01
E 005 006 4.144e+01
E 005 009 5.507e+01
E 005 013 8.609e+01
E 005 015 3.688e+01
E 005 017 8.125e+01
E 006 019 3.688e+01
E 006 011 3.342e+01
E 007 019 4.201e+01
E 007 009 6.940e+01
E 007 014 7.378e+01
E 008 012 7.209e+01
E 008 010 1.000e+01
E 008 014 7.503e+01
E 009 012 2.236e+00
E 010 011 7.000e+00
E 010 014 6.580e+01
E 011 014 5.948e+01
E 011 015 6.261e+01
E 011 017 7.072e+01
E 012 014 4.472e+00
E 013 016 5.323e+01
E 013 018 6.203e+01
E 014 015 5.508e+01
E 015 017 8.865e+01
E 016 019 2.608e+01
