N 000 087 061 2.327e-01
N 001 098 058 7.491e-01
N 002 078 055 8.625e-02
N 003 045 045 5.607e-02
N 004 056 052 9.522e-02
N 005 000 089 8.616e-01
N 006 006 079 8.503e-01
N 007 088 004 9.376e-01
N 008 023 039 4.944e-01
N 009 065 019 8.781e-01
N 010 031 055 4.479e-01
N 011 032 011 1.934e-02
N 012 034 089 5.822e-01
N 013 028 012 6.502e-01
N 014 000 074 4.155e-02
N 015 008 037 9.619e-01
N 016 001 089 2.784e-01
N 017 000 027 7.371e-01
N 018 091 062 8.919e-01
N 019 032 089 2.912e-01
E 000 004 3.228e+01
E 000 008 6.768e+01
E 000 012 5.994e+01
E 000 014 8.797e+01
E 000 017 9.341e+01
E 000 019 6.172e+01
E 001 011 8.102e+01
E 001 019 7.292e+01
E 001 003 5.457e+01
E 001 004 4.243e+01
E 001 013 8.376e+01
E 002 012 5.561e+01
E 002 005 8.509e+01
E 002 015 7.228e+01
E 003 004 1.304e+01
E 003 006 5.174e+01
E 003 008 2.280e+01
E 003 013 3.712e+01
E 003 017 4.847e+01
E 003 018 4.904e+01
E 004 007 5.769e+01
E 004 010 2.518e+01
E 004 014 6.017e+01
E 004 018 3.640e+01
E 005 006 1.166e+01
E 005 009 9.552e+01
E 005 010 4.601e+01
E 005 014 1.500e+01
E 005 015 5.261e+01
E 005 019 3.200e+01
E 006 007 1.111e+02
E 006 014 7.810e+00
E 006 016 1.118e+01
E 006 017 5.235e+01
E 007 016 1.216e+02
E 007 017 9.096e+01
E 007 018 5.808e+01
E 007 019 1.018e+02
E 008 010 1.789e+01
E 008 018 7.178e+01
E 008 014 4.188e+01
E 009 016 9.485e+01
E 009 010 4.952e+01
E 009 012 7.656e+01
E 009 015 5.977e+01
E 010 012 3.413e+01
E 010 015 2.921e+01
E 010 016 4.534e+01
E 011 019 7.800e+01
E 012 014 3.716e+01
E 012 015 5.814e+01
E 012 019 2.000e+00
E 013 019 7.710e+01
E 013 014 6.803e+01
E 014 016 1.503e+01
E 014 018 9.179e+01
E 014 019 3.534e+01
E 015 019 5.727e+01
E 016 017 6.201e+01
E 016 019 3.100e+01
