N 000 052 069 7.829e-01
N 001 053 009 2.293e-01
N 002 038 018 3.738e-01
N 003 049 029 1.876e-01
N 004 003 024 4.856e-01
N 005 052 008 6.845e-01
N 006 097 009 2.330e-01
N 007 009 049 7.917e-01
N 008 099 068 8.152e-01
N 009 055 055 6.343e-01
N 010 078 082 3.202e-01
N 011 032 028 8.080e-01
N 012 017 069 7.010e-02
N 013 014 010 4.784e-01
N 014 038 025 9.997e-01
N 015 037 051 7.330e-01
N 016 071 008 5.226e-02
N 017 027 087 8.490e-01
N 018 085 030 9.075e-01
N 019 096 041 4.377e-01
E 000 003 4.011e+01
E 000 006 7.500e+01
E 000 010 2.907e+01
E 000 011 4.562e+01
E 000 012 3.500e+01
E 000 014 4.617e+01
E 000 015 2.343e+01
E 001 008 7.481e+01
E 001 013 3.901e+01
E 002 016 3.448e+01
E 002 018 4.851e+01
E 002 012 5.515e+01
E 002 013 2.530e+01
E 003 004 4.627e+01
E 003 005 2.121e+01
E 003 008 6.341e+01
E 003 018 3.601e+01
E 003 019 4.851e+01
E 004 019 9.454e+01
E 004 006 9.519e+01
E 005 011 2.828e+01
E 005 018 3.966e+01
E 005 006 4.501e+01
E 006 009 6.229e+01
E 006 010 7.543e+01
E 006 014 6.113e+01
E 006 015 7.324e+01
E 006 018 2.419e+01
E 007 008 9.198e+01
E 007 009 4.639e+01
E 007 010 7.649e+01
E 007 013 3.932e+01
E 007 014 3.764e+01
E 008 009 4.588e+01
E 008 010 2.524e+01
E 008 013 1.029e+02
E 008 018 4.050e+01
E 009 010 3.547e+01
E 009 011 3.547e+01
E 009 012 4.050e+01
E 009 019 4.332e+01
E 010 012 6.237e+01
E 010 013 9.633e+01
E 010 014 6.963e+01
E 010 015 5.140e+01
E 010 018 5.247e+01
E 010 019 4.478e+01
E 011 013 2.546e+01
E 011 015 2.354e+01
E 011 018 5.304e+01
E 012 015 2.691e+01
E 012 017 2.059e+01
E 012 018 7.839e+01
E 012 019 8.382e+01
E 013 014 2.830e+01
E 013 018 7.376e+01
E 014 017 6.297e+01
E 016 017 9.043e+01
E 017 018 8.132e+01
E 017 019 8.293e+01
