N 000 012 062 9.128e-01
N 001 025 033 9.536e-01
N 002 035 046 1.132e-01
N 003 059 013 2.973e-01
N 004 052 071 2.357e-01
N 005 022 018 5.482e-01
N 006 059 083 9.832e-01
N 007 050 006 5.716e-02
N 008 076 024 4.056e-01
N 009 017 067 2.786e-01
N 010 021 068 9.434e-01
N 011 023 095 8.311e-01
N 012 009 045 7.870e-01
N 013 083 075 9.872e-02
N 014 085 058 7.934e-01
N 015 061 065 3.505e-01
N 016 039 075 6.266e-01
N 017 048 055 2.725e-01
N 018 012 098 1.026e-01
N 019 082 010 2.147e-01
E 000 009 7.071e+00
E 000 002 2.802e+01
E 000 019 8.720e+01
E 000 012 1.726e+01
E 000 015 4.909e+01
E 001 002 1.640e+01
E 001 004 4.662e+01
E 001 008 5.179e+01
E 001 009 3.493e+01
E 001 011 6.203e+01
E 001 012 2.000e+01
E 001 013 7.161e+01
E 002 003 4.080e+01
E 002 011 5.045e+01
E 002 015 3.220e+01
E 002 017 1.581e+01
E 003 005 3.734e+01
E 003 007 1.140e+01
E 003 009 6.841e+01
E 003 011 8.955e+01
E 003 017 4.342e+01
E 003 019 2.319e+01
E 004 018 4.826e+01
E 004 005 6.090e+01
E 004 017 1.649e+01
E 005 008 5.433e+01
E 005 009 4.925e+01
E 005 010 5.001e+01
E 005 018 8.062e+01
E 006 016 2.154e+01
E 006 009 4.494e+01
E 006 019 7.654e+01
E 006 014 3.607e+01
E 007 011 9.301e+01
E 007 012 5.659e+01
E 007 015 6.002e+01
E 008 016 6.301e+01
E 008 011 8.860e+01
E 008 017 4.177e+01
E 009 010 4.123e+00
E 009 012 2.341e+01
E 009 013 6.648e+01
E 009 016 2.341e+01
E 009 018 3.140e+01
E 010 014 6.478e+01
E 011 016 2.561e+01
E 011 018 1.140e+01
E 011 019 1.035e+02
E 012 014 7.710e+01
E 012 015 5.571e+01
E 012 016 4.243e+01
E 012 017 4.026e+01
E 013 016 4.400e+01
E 014 016 4.904e+01
E 014 017 3.712e+01
E 014 018 8.324e+01
E 014 019 4.809e+01
E 015 019 5.887e+01
E 016 018 3.547e+01
E 018 019 1.124e+02
