N 000 013 085 9.691e-01
N 001 089 033 4.623e-01
N 002 079 019 4.025e-01
N 003 056 046 7.132e-01
N 004 013 040 9.649e-01
N 005 059 046 6.221e-01
N 006 006 013 6.937e-01
N 007 032 059 3.554e-01
N 008 004 025 6.844e-01
N 009 014 007 6.841e-01
N 010 015 066 1.959e-01
N 011 072 009 5.740e-01
N 012 058 040 1.033e-01
N 013 025 000 2.052e-02
N 014 000 015 8.445e-01
N 015 089 004 8.145e-01
N 016 085 093 9.255e-01
N 017 063 012 5.170e-01
N 018 047 026 8.420e-01
N 019 096 028 1.318e-01
E 000 009 7.801e+01
E 000 014 7.120e+01
E 000 015 1.111e+02
E 001 009 7.938e+01
E 001 012 3.178e+01
E 001 015 2.900e+01
E 002 018 3.276e+01
E 002 009 6.610e+01
E 002 010 7.940e+01
E 002 003 3.547e+01
E 002 013 5.725e+01
E 003 007 2.729e+01
E 003 008 5.608e+01
E 003 009 5.731e+01
E 003 011 4.031e+01
E 003 012 6.325e+00
E 003 013 5.547e+01
E 003 014 6.401e+01
E 003 016 5.523e+01
E 004 008 1.749e+01
E 004 018 3.677e+01
E 004 011 6.665e+01
E 004 012 4.500e+01
E 005 007 2.997e+01
E 005 010 4.833e+01
E 005 012 6.083e+00
E 005 013 5.720e+01
E 005 015 5.161e+01
E 005 017 3.423e+01
E 005 018 2.332e+01
E 006 016 1.124e+02
E 006 012 5.859e+01
E 006 013 2.302e+01
E 006 014 6.325e+00
E 006 007 5.284e+01
E 007 011 6.403e+01
E 007 012 3.220e+01
E 007 016 6.297e+01
E 008 017 6.042e+01
E 008 018 4.301e+01
E 008 014 1.077e+01
E 009 013 1.304e+01
E 009 015 7.506e+01
E 010 011 8.061e+01
E 010 013 6.675e+01
E 010 014 5.316e+01
E 010 015 9.654e+01
E 010 019 8.947e+01
E 011 016 8.500e+01
E 011 018 3.023e+01
E 012 013 5.186e+01
E 012 015 4.751e+01
E 012 016 5.948e+01
E 012 018 1.780e+01
E 012 019 3.985e+01
E 013 015 6.412e+01
E 014 015 8.968e+01
E 015 017 2.720e+01
E 016 018 7.703e+01
E 016 019 6.592e+01
