N 000 063 036 6.514e-01
N 001 001 046 6.892e-01
N 002 076 019 5.246e-01
N 003 092 019 8.357e-01
N 004 009 050 6.267e-01
N 005 036 008 4.259e-01
N 006 085 094 3.474e-01
N 007 028 055 9.203e-01
N 008 070 032 2.297e-01
N 009 005 055 2.157e-01
N 010 077 073 8.514e-01
N 011 016 079 2.177e-01
N 012 077 007 7.073e-01
N 013 073 031 5.333e-01
N 014 004 099 5.912e-01
N 015 021 078 3.677e-01
N 016 083 021 1.606e-01
N 017 057 004 4.765e-01
N 018 087 023 8.507e-01
N 019 030 097 9.807e-01
E 000 003 3.362e+01
E 000 010 3.956e+01
E 000 011 6.370e+01
E 000 012 3.220e+01
E 000 014 8.631e+01
E 000 015 5.940e+01
E 000 017 3.256e+01
E 001 004 8.944e+00
E 001 005 5.166e+01
E 001 007 2.846e+01
E 001 008 7.041e+01
E 001 010 8.065e+01
E 001 014 5.308e+01
E 001 015 3.774e+01
E 002 003 1.600e+01
E 002 004 7.382e+01
E 002 005 4.148e+01
E 002 006 7.554e+01
E 002 009 7.961e+01
E 002 014 1.076e+02
E 002 016 7.280e+00
E 002 017 2.421e+01
E 003 004 8.860e+01
E 003 008 2.555e+01
E 003 012 1.921e+01
E 003 017 3.808e+01
E 003 019 9.964e+01
E 004 007 1.965e+01
E 004 015 3.046e+01
E 004 016 7.948e+01
E 005 019 8.920e+01
E 005 007 4.768e+01
E 006 007 6.907e+01
E 006 008 6.379e+01
E 006 010 2.247e+01
E 006 012 8.737e+01
E 006 013 6.413e+01
E 006 016 7.303e+01
E 007 011 2.683e+01
E 007 012 6.859e+01
E 007 014 5.012e+01
E 007 016 6.466e+01
E 007 017 5.867e+01
E 008 011 7.159e+01
E 009 016 8.509e+01
E 009 019 4.888e+01
E 010 018 5.099e+01
E 010 013 4.219e+01
E 011 016 8.862e+01
E 011 017 8.548e+01
E 011 019 2.280e+01
E 012 013 2.433e+01
E 012 014 1.174e+02
E 013 016 1.414e+01
E 013 017 3.138e+01
E 013 019 7.877e+01
E 014 015 2.702e+01
E 015 016 8.422e+01
E 015 018 8.591e+01
E 016 019 9.266e+01
