N 000 097 098 8.240e-01
N 001 064 006 1.138e-01
N 002 098 084 8.510e-01
N 003 002 073 2.242e-01
N 004 081 077 3.800e-01
N 005 038 093 5.504e-01
N 006 055 094 1.550e-01
N 007 050 001 3.169e-01
N 008 006 020 4.273e-01
N 009 093 037 5.651e-02
N 010 010 074 1.951e-01
N 011 035 095 8.527e-01
N 012 074 079 7.402e-01
N 013 006 002 7.513e-01
N 014 020 074 2.291e-01
N 015 078 092 6.377e-01
N 016 070 022 5.081e-01
N 017 047 066 6.280e-01
N 018 041 019 4.436e-01
N 019 008 017 7.451e-01
E 000 003 9.823e+01
E 000 005 5.921e+01
E 000 006 4.219e+01
E 000 011 6.207e+01
E 000 013 1.323e+02
E 000 015 1.992e+01
E 001 008 5.967e+01
E 001 009 4.245e+01
E 001 002 8.509e+01
E 001 011 9.361e+01
E 001 014 8.099e+01
E 002 008 1.121e+02
E 002 011 6.395e+01
E 002 012 2.452e+01
E 002 014 7.864e+01
E 002 017 5.408e+01
E 003 004 7.910e+01
E 003 006 5.701e+01
E 003 012 7.225e+01
E 003 014 1.803e+01
E 003 018 6.661e+01
E 003 019 5.632e+01
E 004 006 3.106e+01
E 004 010 7.106e+01
E 004 011 4.940e+01
E 004 014 6.107e+01
E 004 016 5.609e+01
E 004 017 3.574e+01
E 004 019 9.449e+01
E 005 009 7.849e+01
E 005 011 3.606e+00
E 005 015 4.001e+01
E 005 016 7.788e+01
E 005 019 8.171e+01
E 006 007 9.313e+01
E 006 009 6.851e+01
E 006 011 2.002e+01
E 006 014 4.031e+01
E 006 015 2.309e+01
E 006 018 7.630e+01
E 007 008 4.793e+01
E 007 016 2.900e+01
E 007 010 8.324e+01
E 007 012 8.161e+01
E 008 012 9.003e+01
E 008 018 3.501e+01
E 009 010 9.087e+01
E 009 014 8.184e+01
E 009 016 2.746e+01
E 010 016 7.940e+01
E 011 013 9.742e+01
E 012 016 5.714e+01
E 012 017 2.997e+01
E 013 017 7.601e+01
E 014 015 6.073e+01
E 014 017 2.816e+01
E 014 019 5.825e+01
E 016 017 4.965e+01
E 016 018 2.915e+01
E 016 019 6.220e+01
