N 000 086 049 3.172e-01
N 001 053 099 1.027e-01
N 002 058 079 4.898e-02
N 003 083 060 8.340e-01
N 004 086 090 1.469e-01
N 005 083 017 1.056e-01
N 006 095 085 7.650e-03
N 007 028 048 4.480e-01
N 008 038 047 1.152e-01
N 009 086 059 4.387e-01
N 010 070 009 5.459e-01
N 011 055 088 7.043e-01
N 012 069 078 3.974e-01
N 013 093 019 2.718e-01
N 014 049 008 6.438e-01
N 015 059 081 9.897e-01
N 016 076 039 8.784e-01
N 017 092 031 7.832e-01
N 018 014 072 3.824e-01
N 019 010 052 3.176e-01
E 000 018 7.558e+01
E 000 010 4.308e+01
E 000 003 1.140e+01
E 000 012 3.362e+01
E 000 013 3.081e+01
E 001 014 9.109e+01
E 001 018 4.743e+01
E 001 013 8.944e+01
E 001 006 4.427e+01
E 002 017 5.882e+01
E 002 010 7.102e+01
E 002 019 5.507e+01
E 002 013 6.946e+01
E 002 006 3.748e+01
E 003 005 4.300e+01
E 003 006 2.773e+01
E 003 007 5.629e+01
E 003 008 4.684e+01
E 003 012 2.280e+01
E 003 014 6.213e+01
E 003 015 3.189e+01
E 003 017 3.036e+01
E 004 013 7.134e+01
E 004 005 7.306e+01
E 004 007 7.161e+01
E 005 012 6.259e+01
E 005 015 6.835e+01
E 006 008 6.851e+01
E 006 014 8.969e+01
E 006 015 3.622e+01
E 006 017 5.408e+01
E 006 018 8.204e+01
E 006 019 9.118e+01
E 007 009 5.903e+01
E 007 010 5.731e+01
E 007 013 7.118e+01
E 007 014 4.518e+01
E 007 016 4.884e+01
E 007 017 6.622e+01
E 007 018 2.778e+01
E 008 009 4.948e+01
E 008 010 4.968e+01
E 008 011 4.438e+01
E 008 015 3.996e+01
E 008 018 3.466e+01
E 009 010 5.250e+01
E 009 019 7.632e+01
E 010 014 2.102e+01
E 010 016 3.059e+01
E 011 018 4.401e+01
E 011 012 1.720e+01
E 012 013 6.369e+01
E 012 016 3.962e+01
E 012 019 6.447e+01
E 013 014 4.535e+01
E 015 016 4.531e+01
E 015 018 4.589e+01
E 016 017 1.789e+01
E 016 018 7.024e+01
E 018 019 2.040e+01
