N 000 016 012 7.434e-02
N 001 033 002 9.577e-02
N 002 023 055 2.478e-01
N 003 047 056 5.074e-01
N 004 022 081 2.561e-01
N 005 079 018 4.523e-02
N 006 038 010 5.996e-01
N 007 010 084 2.052e-01
N 008 082 069 5.775e-01
N 009 078 073 2.999e-01
N 010 054 094 2.994e-01
N 011 078 076 9.300e-01
N 012 014 075 2.054e-01
N 013 002 066 2.957e-02
N 014 054 080 4.866e-01
N 015 080 025 8.808e-01
N 016 065 079 2.902e-01
N 017 025 099 8.353e-01
N 018 008 000 1.208e-02
N 019 057 058 9.703e-01
E 000 001 1.972e+01
E 000 010 9.038e+01
E 000 014 7.790e+01
E 000 015 6.531e+01
E 000 016 8.301e+01
E 000 017 8.746e+01
E 000 018 1.442e+01
E 001 004 7.976e+01
E 001 006 9.434e+00
E 001 007 8.516e+01
E 001 009 8.406e+01
E 001 010 9.437e+01
E 001 011 8.661e+01
E 001 017 9.733e+01
E 002 016 4.837e+01
E 002 009 5.787e+01
E 002 015 6.441e+01
E 003 007 4.640e+01
E 003 008 3.734e+01
E 003 009 3.536e+01
E 003 012 3.808e+01
E 003 013 4.610e+01
E 003 014 2.500e+01
E 003 018 6.824e+01
E 004 018 8.220e+01
E 004 011 5.622e+01
E 005 008 5.109e+01
E 005 016 6.259e+01
E 005 011 5.801e+01
E 005 012 8.645e+01
E 005 013 9.074e+01
E 006 016 7.409e+01
E 006 011 7.718e+01
E 006 014 7.181e+01
E 006 009 7.463e+01
E 007 018 8.402e+01
E 007 014 4.418e+01
E 008 009 5.657e+00
E 008 011 8.062e+00
E 008 013 8.006e+01
E 008 016 1.972e+01
E 008 019 2.731e+01
E 009 015 4.804e+01
E 009 016 1.432e+01
E 009 018 1.011e+02
E 010 012 4.428e+01
E 010 017 2.943e+01
E 011 014 2.433e+01
E 011 019 2.766e+01
E 012 017 2.640e+01
E 012 015 8.280e+01
E 013 014 5.385e+01
E 013 015 8.812e+01
E 013 017 4.022e+01
E 013 019 5.558e+01
E 015 016 5.604e+01
E 015 017 9.220e+01
E 015 018 7.622e+01
E 015 019 4.022e+01
E 017 018 1.004e+02
