N 000 064 029 8.890e-01
N 001 082 072 3.500e-01
N 002 082 071 8.022e-02
N 003 090 093 5.973e-01
N 004 012 061 2.736e-01
N 005 072 026 5.383e-01
N 006 062 084 4.948e-01
N 007 065 068 1.591e-02
N 008 075 061 4.959e-01
N 009 026 076 5.839e-01
N 010 067 079 5.081e-01
N 011 077 031 9.200e-01
N 012 083 045 1.539e-02
N 013 007 072 8.415e-02
N 014 080 084 5.453e-01
N 015 018 004 6.360e-03
N 016 091 057 6.953e-01
N 017 084 013 5.266e-01
N 018 058 086 5.321e-01
N 019 025 098 3.793e-01
E 000 002 4.569e+01
E 000 004 6.106e+01
E 000 006 5.504e+01
E 000 008 3.384e+01
E 000 009 6.044e+01
E 000 011 1.315e+01
E 000 014 5.728e+01
E 000 016 3.890e+01
E 000 017 2.561e+01
E 001 002 1.000e+00
E 001 005 4.707e+01
E 001 008 1.304e+01
E 001 011 4.130e+01
E 001 012 2.702e+01
E 001 013 7.500e+01
E 001 015 9.338e+01
E 001 017 5.903e+01
E 002 011 4.031e+01
E 003 006 2.941e+01
E 003 007 3.536e+01
E 003 008 3.534e+01
E 003 011 6.335e+01
E 003 014 1.345e+01
E 003 017 8.022e+01
E 003 019 6.519e+01
E 004 008 6.300e+01
E 004 009 2.052e+01
E 004 011 7.159e+01
E 004 013 1.208e+01
E 004 016 7.910e+01
E 005 018 6.161e+01
E 005 014 5.855e+01
E 005 006 5.886e+01
E 005 009 6.794e+01
E 006 009 3.688e+01
E 006 019 3.956e+01
E 007 011 3.890e+01
E 007 013 5.814e+01
E 007 014 2.193e+01
E 008 011 3.007e+01
E 008 018 3.023e+01
E 009 011 6.801e+01
E 009 013 1.942e+01
E 009 016 6.772e+01
E 010 016 3.256e+01
E 010 018 1.140e+01
E 010 019 4.610e+01
E 010 015 8.959e+01
E 011 013 8.112e+01
E 011 018 5.819e+01
E 012 019 7.857e+01
E 012 017 3.202e+01
E 013 014 7.398e+01
E 013 017 9.701e+01
E 014 015 1.012e+02
E 014 017 7.111e+01
E 014 018 2.209e+01
E 014 019 5.675e+01
E 015 018 9.124e+01
E 016 017 4.455e+01
