N 000 086 054 7.071e-02
N 001 037 063 1.793e-01
N 002 042 081 9.355e-01
N 003 049 029 4.484e-02
N 004 050 002 2.026e-01
N 005 084 067 3.139e-02
N 006 001 016 9.559e-01
N 007 014 021 7.846e-01
N 008 018 029 3.896e-01
N 009 042 065 8.304e-01
N 010 016 003 4.144e-01
N 011 041 002 5.220e-01
N 012 095 032 6.931e-01
N 013 079 028 6.699e-02
N 014 041 016 3.807e-01
N 015 042 044 8.272e-01
N 016 073 046 6.304e-01
N 017 066 027 6.368e-01
N 018 025 015 7.170e-01
N 019 096 055 1.485e-01
E 000 002 5.162e+01
E 000 005 1.315e+01
E 000 008 7.245e+01
E 000 012 2.377e+01
E 000 014 5.890e+01
E 000 016 1.526e+01
E 000 017 3.360e+01
E 001 010 6.357e+01
E 001 019 5.954e+01
E 001 004 6.237e+01
E 001 005 4.717e+01
E 002 003 5.247e+01
E 002 012 7.218e+01
E 002 013 6.464e+01
E 002 014 6.501e+01
E 002 015 3.700e+01
E 002 016 4.675e+01
E 002 017 5.909e+01
E 003 004 2.702e+01
E 003 006 4.973e+01
E 003 008 3.100e+01
E 003 010 4.201e+01
E 003 015 1.655e+01
E 003 016 2.941e+01
E 003 017 1.712e+01
E 004 009 6.351e+01
E 004 012 5.408e+01
E 004 015 4.276e+01
E 004 018 2.818e+01
E 005 006 9.742e+01
E 005 007 8.376e+01
E 005 008 7.616e+01
E 005 012 3.669e+01
E 005 013 3.932e+01
E 005 018 7.864e+01
E 006 019 1.027e+02
E 006 017 6.592e+01
E 006 014 4.000e+01
E 007 008 8.944e+00
E 007 017 5.235e+01
E 008 010 2.608e+01
E 008 013 6.101e+01
E 008 014 2.642e+01
E 008 017 4.804e+01
E 009 011 6.301e+01
E 010 013 6.778e+01
E 010 018 1.500e+01
E 010 019 9.541e+01
E 011 019 7.638e+01
E 011 014 1.400e+01
E 011 015 4.201e+01
E 012 014 5.632e+01
E 012 015 5.434e+01
E 012 016 2.608e+01
E 012 017 2.943e+01
E 012 019 2.302e+01
E 013 015 4.031e+01
E 013 018 5.554e+01
E 017 018 4.272e+01
E 017 019 4.104e+01
