N 000 076 084 9.718e-01
N 001 069 093 9.792e-01
N 002 077 027 6.516e-01
N 003 076 004 9.163e-01
N 004 032 055 3.415e-02
N 005 040 053 2.738e-01
N 006 061 024 6.006e-01
N 007 085 050 3.981e-01
N 008 022 066 8.385e-01
N 009 033 051 3.380e-01
N 010 059 072 8.152e-01
N 011 035 066 7.302e-01
N 012 016 002 8.188e-01
N 013 071 013 2.562e-01
N 014 003 025 3.994e-01
N 015 072 024 4.676e-02
N 016 054 084 8.116e-01
N 017 025 072 7.588e-02
N 018 025 056 1.105e-01
N 019 043 081 8.940e-01
E 000 008 5.692e+01
E 000 011 4.478e+01
E 000 013 7.118e+01
E 001 009 5.532e+01
E 001 010 2.326e+01
E 001 003 8.927e+01
E 001 007 4.588e+01
E 002 009 5.012e+01
E 002 003 2.302e+01
E 002 005 4.522e+01
E 002 006 1.628e+01
E 002 015 5.831e+00
E 003 016 8.297e+01
E 003 011 7.433e+01
E 003 010 7.009e+01
E 004 016 3.640e+01
E 004 019 2.823e+01
E 004 012 5.536e+01
E 004 005 8.246e+00
E 004 015 5.061e+01
E 005 016 3.401e+01
E 005 019 2.816e+01
E 005 007 4.510e+01
E 006 009 3.890e+01
E 006 011 4.940e+01
E 006 012 5.009e+01
E 006 018 4.817e+01
E 006 019 5.977e+01
E 007 010 3.406e+01
E 007 012 8.405e+01
E 007 013 3.956e+01
E 007 017 6.391e+01
E 007 019 5.220e+01
E 008 011 1.300e+01
E 008 013 7.218e+01
E 008 014 4.519e+01
E 008 015 6.530e+01
E 008 018 1.044e+01
E 009 010 3.342e+01
E 009 015 4.743e+01
E 009 018 9.434e+00
E 010 012 8.215e+01
E 010 016 1.300e+01
E 010 017 3.400e+01
E 010 019 1.836e+01
E 011 015 5.597e+01
E 011 018 1.414e+01
E 012 013 5.609e+01
E 012 014 2.642e+01
E 012 019 8.349e+01
E 013 014 6.905e+01
E 013 016 7.301e+01
E 014 019 6.882e+01
E 015 016 6.264e+01
E 015 018 5.686e+01
E 015 019 6.395e+01
E 016 017 3.138e+01
E 016 018 4.031e+01
E 016 019 1.140e+01
E 018 019 3.081e+01
