N 000 046 048 5.504e-01
N 001 044 024 7.237e-01
N 002 088 056 4.937e-01
N 003 028 068 8.963e-02
N 004 015 056 4.286e-01
N 005 005 017 9.014e-01
N 006 038 030 8.961e-02
N 007 003 034 1.402e-01
N 008 051 043 4.407e-01
N 009 070 053 1.883e-01
N 010 006 094 7.353e-01
N 011 064 088 3.699e-01
N 012 020 048 7.154e-01
N 013 098 048 8.065e-01
N 014 096 055 6.356e-01
N 015 046 015 5.373e-01
N 016 058 001 1.847e-01
N 017 040 062 2.081e-01
N 018 074 017 8.611e-01
N 019 092 098 3.777e-01
E 000 004 3.202e+01
E 000 008 7.071e+00
E 000 009 2.452e+01
E 000 012 2.600e+01
E 000 014 5.049e+01
E 000 015 3.300e+01
E 000 017 1.523e+01
E 001 005 3.962e+01
E 001 007 4.220e+01
E 001 010 7.965e+01
E 001 011 6.705e+01
E 001 017 3.821e+01
E 001 019 8.820e+01
E 002 008 3.922e+01
E 002 017 4.837e+01
E 002 012 6.847e+01
E 002 006 5.636e+01
E 003 009 4.460e+01
E 003 010 3.406e+01
E 003 018 6.868e+01
E 003 006 3.929e+01
E 004 012 9.434e+00
E 004 014 8.101e+01
E 004 006 3.471e+01
E 004 007 2.506e+01
E 005 018 6.900e+01
E 005 012 3.444e+01
E 005 006 3.547e+01
E 005 007 1.712e+01
E 006 010 7.155e+01
E 006 012 2.546e+01
E 006 016 3.523e+01
E 006 018 3.828e+01
E 007 008 4.884e+01
E 007 010 6.007e+01
E 007 013 9.603e+01
E 008 009 2.147e+01
E 008 014 4.657e+01
E 008 016 4.258e+01
E 008 018 3.471e+01
E 009 010 7.601e+01
E 009 011 3.551e+01
E 009 014 2.608e+01
E 009 015 4.494e+01
E 009 019 5.009e+01
E 010 016 1.066e+02
E 010 018 1.027e+02
E 010 019 8.609e+01
E 011 016 8.721e+01
E 011 012 5.946e+01
E 012 013 7.800e+01
E 012 016 6.044e+01
E 013 016 6.172e+01
E 013 015 6.159e+01
E 014 018 4.391e+01
E 015 016 1.844e+01
E 015 017 4.738e+01
E 016 017 6.360e+01
E 016 019 1.028e+02
E 018 019 8.298e+01
