N 000 059 096 3.365e-02
N 001 091 032 1.553e-01
N 002 078 053 3.947e-01
N 003 031 027 4.586e-01
N 004 086 089 3.551e-01
N 005 083 004 2.052e-01
N 006 080 024 3.882e-01
N 007 009 023 5.570e-01
N 008 070 068 8.046e-01
N 009 017 082 8.454e-01
N 010 095 083 5.416e-01
N 011 024 087 3.349e-01
N 012 012 037 3.943e-01
N 013 066 022 9.893e-01
N 014 091 055 8.048e-01
N 015 065 027 7.668e-01
N 016 062 093 8.634e-01
N 017 002 044 4.478e-01
N 018 015 047 5.116e-01
N 019 062 005 3.298e-01
E 000 001 7.155e+01
E 000 012 7.543e+01
E 000 014 5.201e+01
E 000 007 8.848e+01
E 001 009 8.931e+01
E 001 010 5.116e+01
E 001 003 6.021e+01
E 001 011 8.668e+01
E 002 003 5.371e+01
E 002 005 4.925e+01
E 003 006 4.909e+01
E 003 008 5.659e+01
E 003 009 5.675e+01
E 003 015 3.400e+01
E 004 010 1.082e+01
E 004 018 8.249e+01
E 004 006 6.528e+01
E 005 009 1.022e+02
E 005 010 7.991e+01
E 005 011 1.018e+02
E 005 012 7.829e+01
E 005 013 2.476e+01
E 005 014 5.162e+01
E 005 015 2.921e+01
E 005 018 8.045e+01
E 006 007 7.101e+01
E 006 010 6.088e+01
E 006 011 8.429e+01
E 006 012 6.923e+01
E 006 013 1.414e+01
E 006 014 3.289e+01
E 006 019 2.617e+01
E 007 017 2.214e+01
E 007 019 5.597e+01
E 008 011 4.977e+01
E 008 017 7.211e+01
E 008 014 2.470e+01
E 009 010 7.801e+01
E 009 013 7.747e+01
E 010 018 8.773e+01
E 011 012 5.142e+01
E 011 013 7.739e+01
E 011 014 7.425e+01
E 011 015 7.267e+01
E 011 017 4.830e+01
E 012 013 5.604e+01
E 012 016 7.507e+01
E 012 019 5.936e+01
E 013 014 4.140e+01
E 013 016 7.111e+01
E 013 017 6.768e+01
E 013 018 5.680e+01
E 014 016 4.780e+01
E 014 017 8.968e+01
E 014 019 5.780e+01
E 015 016 6.607e+01
E 015 017 6.525e+01
E 015 018 5.385e+01
E 015 019 2.220e+01
E 016 019 8.800e+01
