N 000 096 004 6.689e-01
N 001 099 037 2.552e-01
N 002 099 050 4.040e-01
N 003 076 067 4.367e-01
N 004 080 023 7.947e-01
N 005 002 007 6.940e-01
N 006 000 074 5.765e-01
N 007 049 097 4.080e-01
N 008 091 083 8.015e-01
N 009 042 003 6.436e-01
N 010 090 070 5.190e-02
N 011 043 070 4.940e-01
N 012 007 004 2.701e-01
N 013 083 023 2.530e-01
N 014 008 065 7.881e-01
N 015 084 080 8.790e-01
N 016 092 041 1.068e-01
N 017 027 088 7.113e-01
N 018 018 067 4.902e-01
N 019 023 066 9.250e-01
E 000 008 7.916e+01
E 000 001 3.314e+01
E 000 002 4.610e+01
E 000 003 6.610e+01
E 000 013 2.302e+01
E 001 002 1.300e+01
E 001 003 3.780e+01
E 001 004 2.360e+01
E 001 015 4.554e+01
E 001 019 8.134e+01
E 002 003 2.860e+01
E 002 007 6.862e+01
E 002 008 3.396e+01
E 002 009 7.388e+01
E 002 010 2.193e+01
E 002 013 3.138e+01
E 002 014 9.223e+01
E 002 017 8.141e+01
E 002 018 8.276e+01
E 003 005 9.527e+01
E 003 007 4.036e+01
E 003 008 2.193e+01
E 003 010 1.432e+01
E 003 013 4.455e+01
E 003 018 5.800e+01
E 004 006 9.487e+01
E 004 009 4.294e+01
E 004 010 4.805e+01
E 004 014 8.335e+01
E 004 019 7.140e+01
E 005 006 6.703e+01
E 005 010 1.082e+02
E 005 011 7.517e+01
E 005 012 5.831e+00
E 005 016 9.621e+01
E 005 018 6.210e+01
E 006 011 4.319e+01
E 006 013 9.742e+01
E 006 014 1.204e+01
E 006 017 3.041e+01
E 007 016 7.060e+01
E 007 019 4.046e+01
E 008 010 1.304e+01
E 008 018 7.473e+01
E 008 019 7.009e+01
E 009 010 8.242e+01
E 010 012 1.060e+02
E 010 013 4.752e+01
E 010 014 8.215e+01
E 010 019 6.712e+01
E 011 017 2.408e+01
E 011 019 2.040e+01
E 012 016 9.270e+01
E 012 017 8.635e+01
E 013 018 7.849e+01
E 014 019 1.503e+01
E 015 016 3.981e+01
E 015 019 6.259e+01
E 015 017 5.756e+01
E 016 019 7.339e+01
