N 000 082 059 6.000e-01
N 001 031 084 3.813e-01
N 002 032 012 5.440e-02
N 003 054 083 1.900e-01
N 004 019 041 7.006e-01
N 005 003 043 5.531e-01
N 006 032 034 2.122e-01
N 007 069 065 7.466e-02
N 008 061 068 9.930e-01
N 009 076 051 4.476e-01
N 010 000 099 3.630e-01
N 011 088 007 7.060e-01
N 012 063 027 7.066e-01
N 013 099 045 2.432e-01
N 014 023 037 7.553e-01
N 015 016 045 5.489e-01
N 016 035 019 4.672e-01
N 017 033 085 8.839e-01
N 018 034 071 9.962e-01
N 019 043 004 9.218e-01
E 000 008 2.285e+01
E 000 016 6.172e+01
E 000 019 6.742e+01
E 000 014 6.297e+01
E 000 007 1.432e+01
E 001 009 5.580e+01
E 001 002 7.201e+01
E 001 017 2.236e+00
E 001 014 4.768e+01
E 001 007 4.249e+01
E 002 005 4.245e+01
E 002 008 6.306e+01
E 002 010 9.270e+01
E 002 011 5.622e+01
E 002 014 2.657e+01
E 002 016 7.616e+00
E 002 018 5.903e+01
E 003 009 3.883e+01
E 003 015 5.374e+01
E 003 004 5.467e+01
E 003 007 2.343e+01
E 004 005 1.612e+01
E 004 006 1.476e+01
E 004 007 5.546e+01
E 004 008 4.993e+01
E 004 016 2.720e+01
E 004 019 4.410e+01
E 005 007 6.957e+01
E 005 008 6.316e+01
E 005 010 5.608e+01
E 005 014 2.088e+01
E 005 018 4.177e+01
E 006 010 7.245e+01
E 006 011 6.217e+01
E 006 014 9.487e+00
E 006 015 1.942e+01
E 007 008 8.544e+00
E 007 012 3.847e+01
E 007 016 5.720e+01
E 007 017 4.118e+01
E 007 018 3.551e+01
E 008 010 6.843e+01
E 008 012 4.105e+01
E 008 014 4.904e+01
E 008 016 5.547e+01
E 008 018 2.717e+01
E 008 019 6.648e+01
E 009 012 2.729e+01
E 009 017 5.482e+01
E 009 015 6.030e+01
E 010 012 9.567e+01
E 010 016 8.732e+01
E 011 016 5.434e+01
E 011 014 7.159e+01
E 012 018 5.270e+01
E 013 016 6.908e+01
E 015 017 4.346e+01
E 016 017 6.603e+01
E 016 018 5.201e+01
E 017 019 8.161e+01
