N 000 044 009 8.145e-01
N 001 097 041 9.671e-01
N 002 022 064 5.610e-01
N 003 003 078 2.060e-01
N 004 077 045 6.448e-01
N 005 019 020 9.049e-01
N 006 028 018 9.825e-01
N 007 051 018 6.367e-01
N 008 048 093 4.084e-01
N 009 027 078 1.476e-01
N 010 011 031 5.020e-01
N 011 032 041 4.547e-01
N 012 026 020 8.886e-01
N 013 072 075 9.490e-01
N 014 075 053 5.282e-01
N 015 030 059 5.480e-01
N 016 009 024 9.911e-01
N 017 050 012 1.908e-01
N 018 023 043 1.973e-01
N 019 081 059 7.966e-01
E 000 004 4.884e+01
E 000 007 1.140e+01
E 000 009 7.106e+01
E 000 010 3.966e+01
E 000 014 5.382e+01
E 000 017 6.708e+00
E 000 018 3.996e+01
E 000 019 6.220e+01
E 001 003 1.010e+02
E 001 004 2.040e+01
E 001 005 8.078e+01
E 001 008 7.145e+01
E 001 010 8.658e+01
E 001 012 7.404e+01
E 001 013 4.220e+01
E 002 011 2.508e+01
E 002 013 5.120e+01
E 002 015 9.434e+00
E 003 016 5.433e+01
E 003 010 4.768e+01
E 003 011 4.701e+01
E 003 019 8.028e+01
E 004 007 3.748e+01
E 004 008 5.608e+01
E 004 011 4.518e+01
E 004 012 5.680e+01
E 004 018 5.404e+01
E 004 019 1.456e+01
E 005 006 9.220e+00
E 005 008 7.855e+01
E 005 013 7.638e+01
E 005 015 4.052e+01
E 005 016 1.077e+01
E 006 007 2.300e+01
E 006 008 7.762e+01
E 006 009 6.001e+01
E 006 010 2.140e+01
E 006 013 7.201e+01
E 006 015 4.105e+01
E 007 011 2.983e+01
E 007 013 6.075e+01
E 007 018 3.754e+01
E 007 019 5.080e+01
E 008 009 2.581e+01
E 008 011 5.441e+01
E 008 012 7.624e+01
E 008 013 3.000e+01
E 009 014 5.412e+01
E 009 017 6.989e+01
E 009 018 3.523e+01
E 010 012 1.860e+01
E 011 016 2.860e+01
E 011 018 9.220e+00
E 012 014 5.908e+01
E 012 015 3.920e+01
E 012 018 2.319e+01
E 012 019 6.742e+01
E 014 017 4.802e+01
E 015 018 1.746e+01
E 018 019 6.017e+01
