N 000 045 022 2.676e-02
N 001 091 091 8.649e-01
N 002 067 073 4.794e-01
N 003 027 053 7.760e-01
N 004 092 021 1.447e-01
N 005 043 047 3.111e-01
N 006 090 085 1.734e-01
N 007 092 027 8.437e-01
N 008 004 091 6.497e-01
N 009 049 027 1.313e-02
N 010 074 091 7.427e-01
N 011 027 001 4.943e-01
N 012 070 088 7.266e-01
N 013 059 056 7.822e-01
N 014 090 041 9.772e-01
N 015 050 065 2.432e-01
N 016 016 004 8.852e-01
N 017 035 001 6.832e-01
N 018 097 048 7.759e-01
N 019 051 096 7.526e-01
E 000 017 2.326e+01
E 000 003 3.585e+01
E 000 012 7.058e+01
E 000 005 2.508e+01
E 000 013 3.677e+01
E 001 002 3.000e+01
E 001 003 7.443e+01
E 001 005 6.512e+01
E 001 006 6.083e+00
E 001 011 1.104e+02
E 001 013 4.742e+01
E 001 014 5.001e+01
E 001 015 4.855e+01
E 001 019 4.031e+01
E 002 003 4.472e+01
E 002 013 1.879e+01
E 002 014 3.941e+01
E 002 015 1.879e+01
E 002 018 3.905e+01
E 003 004 7.245e+01
E 003 009 3.406e+01
E 003 013 3.214e+01
E 003 015 2.594e+01
E 003 016 5.022e+01
E 003 018 7.018e+01
E 004 013 4.810e+01
E 004 014 2.010e+01
E 004 015 6.083e+01
E 004 017 6.041e+01
E 004 018 2.746e+01
E 005 006 6.044e+01
E 005 010 5.382e+01
E 005 011 4.870e+01
E 005 017 4.669e+01
E 005 019 4.965e+01
E 006 010 1.709e+01
E 006 012 2.022e+01
E 006 016 1.097e+02
E 006 018 3.766e+01
E 007 018 2.159e+01
E 007 014 1.414e+01
E 008 014 9.948e+01
E 009 011 3.406e+01
E 009 018 5.239e+01
E 009 012 6.451e+01
E 010 018 4.876e+01
E 010 011 1.015e+02
E 010 012 5.000e+00
E 011 012 9.705e+01
E 011 014 7.463e+01
E 011 016 1.140e+01
E 012 013 3.384e+01
E 012 016 9.986e+01
E 013 015 1.273e+01
E 013 019 4.079e+01
E 014 017 6.801e+01
E 014 018 9.899e+00
E 015 016 6.984e+01
E 015 018 4.998e+01
E 016 017 1.924e+01
