N 000 039 081 4.787e-01
N 001 014 004 1.412e-01
N 002 053 032 3.784e-02
N 003 077 079 6.256e-02
N 004 056 062 7.880e-01
N 005 011 082 5.373e-02
N 006 084 085 4.031e-01
N 007 054 051 2.783e-01
N 008 029 086 4.498e-01
N 009 075 084 8.455e-01
N 010 038 026 4.458e-02
N 011 049 061 5.571e-02
N 012 040 076 2.078e-01
N 013 019 095 5.659e-01
N 014 050 088 2.472e-01
N 015 047 021 1.019e-02
N 016 044 081 9.090e-01
N 017 023 053 3.508e-01
N 018 068 086 8.500e-01
N 019 004 013 6.852e-02
E 000 011 2.236e+01
E 000 019 7.648e+01
E 000 010 5.501e+01
E 000 003 3.805e+01
E 000 006 4.518e+01
E 001 002 4.801e+01
E 001 007 6.172e+01
E 001 013 9.114e+01
E 001 014 9.139e+01
E 001 016 8.264e+01
E 001 019 1.345e+01
E 002 003 5.277e+01
E 002 005 6.530e+01
E 002 007 1.903e+01
E 002 009 5.646e+01
E 002 011 2.927e+01
E 002 013 7.159e+01
E 003 006 9.220e+00
E 003 007 3.624e+01
E 003 013 6.017e+01
E 003 015 6.530e+01
E 003 016 3.306e+01
E 004 011 7.071e+00
E 005 008 1.844e+01
E 005 019 6.935e+01
E 005 011 4.342e+01
E 005 018 5.714e+01
E 006 008 5.501e+01
E 006 010 7.481e+01
E 006 011 4.244e+01
E 006 013 6.576e+01
E 006 014 3.413e+01
E 006 017 6.888e+01
E 006 018 1.603e+01
E 007 008 4.301e+01
E 007 009 3.912e+01
E 007 011 1.118e+01
E 007 012 2.865e+01
E 008 016 1.581e+01
E 008 013 1.345e+01
E 009 019 1.004e+02
E 009 018 7.280e+00
E 009 014 2.532e+01
E 010 018 6.708e+01
E 010 011 3.669e+01
E 011 012 1.749e+01
E 011 013 4.534e+01
E 011 014 2.702e+01
E 011 015 4.005e+01
E 012 013 2.832e+01
E 012 014 1.562e+01
E 012 018 2.973e+01
E 012 019 7.256e+01
E 013 019 8.336e+01
E 014 019 8.798e+01
E 015 016 6.007e+01
E 015 019 4.374e+01
E 016 017 3.500e+01
E 016 019 7.889e+01
E 017 019 4.428e+01
