N 000 069 068 4.057e-01
N 001 086 003 5.429e-01
N 002 003 064 1.979e-01
N 003 065 056 3.841e-01
N 004 051 037 8.924e-01
N 005 037 091 7.517e-01
N 006 078 011 9.390e-01
N 007 052 058 6.783e-01
N 008 010 062 8.579e-01
N 009 099 091 4.976e-01
N 010 011 004 3.799e-01
N 011 061 030 3.769e-01
N 012 036 071 8.126e-01
N 013 030 082 1.425e-01
N 014 008 038 2.649e-01
N 015 034 072 7.879e-01
N 016 093 008 3.874e-02
N 017 026 078 4.167e-01
N 018 095 048 4.985e-01
N 019 017 061 5.039e-01
E 000 002 6.612e+01
E 001 002 1.030e+02
E 001 003 5.701e+01
E 001 007 6.466e+01
E 001 011 3.680e+01
E 001 013 9.683e+01
E 001 016 8.602e+00
E 001 017 9.605e+01
E 001 018 4.589e+01
E 001 019 9.014e+01
E 002 005 4.342e+01
E 002 007 4.937e+01
E 002 016 1.060e+02
E 002 017 2.693e+01
E 002 018 9.338e+01
E 003 004 2.360e+01
E 003 008 5.533e+01
E 003 009 4.880e+01
E 003 010 7.497e+01
E 003 012 3.265e+01
E 003 014 5.977e+01
E 003 016 5.557e+01
E 003 017 4.478e+01
E 004 005 5.579e+01
E 004 008 4.802e+01
E 004 010 5.186e+01
E 004 011 1.221e+01
E 004 014 4.301e+01
E 004 016 5.104e+01
E 004 017 4.802e+01
E 005 007 3.625e+01
E 005 012 2.002e+01
E 005 014 6.042e+01
E 005 016 1.001e+02
E 005 018 7.220e+01
E 005 019 3.606e+01
E 006 017 8.481e+01
E 006 019 7.887e+01
E 006 013 8.570e+01
E 007 019 3.513e+01
E 007 010 6.780e+01
E 009 011 7.187e+01
E 009 019 8.732e+01
E 009 018 4.319e+01
E 010 011 5.636e+01
E 010 012 7.151e+01
E 010 015 7.178e+01
E 010 016 8.210e+01
E 010 018 9.483e+01
E 010 019 5.731e+01
E 011 012 4.802e+01
E 011 018 3.847e+01
E 012 017 1.221e+01
E 013 018 7.336e+01
E 014 017 4.386e+01
E 014 018 8.757e+01
E 015 017 1.000e+01
E 015 018 6.555e+01
E 017 018 7.524e+01
E 018 019 7.908e+01
