N 000 095 034 4.333e-01
N 001 074 006 7.723e-01
N 002 005 069 6.893e-01
N 003 099 013 2.988e-01
N 004 032 040 7.686e-01
N 005 059 020 6.233e-01
N 006 077 045 7.995e-02
N 007 008 079 2.204e-01
N 008 036 042 7.135e-01
N 009 025 061 7.267e-01
N 010 014 060 2.469e-01
N 011 096 004 2.102e-01
N 012 043 064 3.765e-01
N 013 066 069 5.755e-01
N 014 043 046 5.763e-01
N 015 091 012 7.394e-01
N 016 038 014 8.692e-01
N 017 088 043 9.390e-01
N 018 003 083 7.696e-01
N 019 063 064 6.653e-01
E 000 002 9.657e+01
E 000 004 6.329e+01
E 000 006 2.110e+01
E 000 009 7.503e+01
E 000 012 6.003e+01
E 000 015 2.236e+01
E 000 016 6.041e+01
E 001 007 9.841e+01
E 001 008 5.235e+01
E 001 012 6.576e+01
E 001 014 5.061e+01
E 001 015 1.803e+01
E 001 017 3.956e+01
E 001 018 1.047e+02
E 002 003 1.094e+02
E 002 005 7.292e+01
E 002 009 2.154e+01
E 002 013 6.100e+01
E 002 016 6.414e+01
E 003 004 7.224e+01
E 003 005 4.061e+01
E 003 006 3.883e+01
E 003 008 6.935e+01
E 003 011 9.487e+00
E 003 012 7.574e+01
E 003 018 1.188e+02
E 004 011 7.343e+01
E 004 010 2.691e+01
E 004 015 6.531e+01
E 005 011 4.031e+01
E 005 019 4.418e+01
E 005 014 3.053e+01
E 006 008 4.111e+01
E 006 018 8.319e+01
E 006 011 4.519e+01
E 007 008 4.640e+01
E 007 018 6.403e+00
E 007 016 7.159e+01
E 008 011 7.102e+01
E 008 013 4.036e+01
E 008 014 8.062e+00
E 008 016 2.807e+01
E 008 018 5.263e+01
E 009 010 1.105e+01
E 009 014 2.343e+01
E 009 015 8.220e+01
E 009 018 3.111e+01
E 010 017 7.593e+01
E 010 015 9.074e+01
E 011 014 6.762e+01
E 011 016 5.886e+01
E 011 019 6.848e+01
E 012 014 1.800e+01
E 012 019 2.000e+01
E 013 019 5.831e+00
E 013 014 3.253e+01
E 013 015 6.224e+01
E 014 015 5.882e+01
E 014 018 5.449e+01
E 016 017 5.780e+01
