N 000 026 065 8.206e-01
N 001 078 028 6.738e-01
N 002 079 005 1.892e-01
N 003 012 015 4.086e-01
N 004 086 079 1.091e-01
N 005 080 027 2.161e-01
N 006 004 083 7.757e-01
N 007 001 048 1.151e-01
N 008 093 021 5.470e-01
N 009 015 050 8.367e-01
N 010 029 054 2.452e-01
N 011 081 047 7.822e-01
N 012 034 067 2.981e-01
N 013 092 065 1.381e-01
N 014 057 029 6.680e-01
N 015 050 079 5.258e-01
N 016 083 094 8.209e-01
N 017 084 030 4.683e-01
N 018 020 075 7.783e-01
N 019 086 054 6.026e-01
E 000 001 6.382e+01
E 000 002 8.006e+01
E 000 004 6.161e+01
E 000 010 1.140e+01
E 000 012 8.246e+00
E 000 013 6.600e+01
E 000 014 4.751e+01
E 001 010 5.547e+01
E 001 018 7.465e+01
E 002 009 7.824e+01
E 002 003 6.774e+01
E 002 004 7.433e+01
E 002 011 4.205e+01
E 003 015 7.443e+01
E 004 010 6.224e+01
E 004 011 3.239e+01
E 004 012 5.337e+01
E 004 014 5.780e+01
E 004 015 3.600e+01
E 004 017 4.904e+01
E 005 016 6.707e+01
E 005 017 5.000e+00
E 005 019 2.766e+01
E 005 012 6.096e+01
E 005 015 6.003e+01
E 006 008 1.085e+02
E 006 009 3.479e+01
E 006 010 3.829e+01
E 006 011 8.500e+01
E 006 014 7.566e+01
E 006 015 4.617e+01
E 007 008 9.588e+01
E 007 010 2.864e+01
E 007 013 9.257e+01
E 007 014 5.914e+01
E 007 015 5.798e+01
E 007 017 8.493e+01
E 008 009 8.322e+01
E 009 010 1.456e+01
E 009 011 6.607e+01
E 009 017 7.184e+01
E 010 013 6.395e+01
E 010 014 3.754e+01
E 010 015 3.265e+01
E 011 015 4.455e+01
E 012 018 1.612e+01
E 012 015 2.000e+01
E 013 014 5.021e+01
E 013 016 3.036e+01
E 013 017 3.590e+01
E 013 018 7.269e+01
E 013 019 1.253e+01
E 014 016 7.001e+01
E 014 017 2.702e+01
E 014 019 3.829e+01
E 015 017 5.964e+01
E 016 018 6.580e+01
E 017 018 7.824e+01
E 017 019 2.408e+01
E 018 019 6.926e+01
