N 000 086 021 6.171e-01
N 001 038 063 8.252e-02
N 002 071 038 8.340e-01
N 003 014 073 1.398e-01
N 004 069 058 8.487e-01
N 005 056 067 8.410e-01
N 006 021 065 8.126e-01
N 007 085 058 4.250e-01
N 008 008 024 1.624e-01
N 009 007 043 7.917e-01
N 010 020 099 9.485e-01
N 011 027 088 6.015e-01
N 012 083 005 9.860e-01
N 013 003 089 2.679e-01
N 014 054 091 6.375e-01
N 015 095 069 9.091e-01
N 016 022 024 2.175e-01
N 017 071 045 3.531e-03
N 018 081 003 3.816e-01
N 019 004 002 7.365e-01
E 000 001 6.378e+01
E 000 002 2.267e+01
E 000 011 8.927e+01
E 000 014 7.697e+01
E 000 017 2.830e+01
E 000 019 8.417e+01
E 001 019 6.984e+01
E 001 013 4.360e+01
E 001 015 5.731e+01
E 002 004 2.010e+01
E 002 006 5.682e+01
E 002 007 2.441e+01
E 002 009 6.420e+01
E 002 014 5.566e+01
E 002 015 3.920e+01
E 002 018 3.640e+01
E 003 004 5.701e+01
E 003 005 4.243e+01
E 003 007 7.257e+01
E 003 009 3.081e+01
E 003 011 1.985e+01
E 003 012 9.688e+01
E 003 016 4.965e+01
E 004 007 1.600e+01
E 004 009 6.379e+01
E 004 012 5.482e+01
E 004 013 7.292e+01
E 005 008 6.444e+01
E 005 013 5.738e+01
E 005 014 2.408e+01
E 005 018 6.871e+01
E 005 019 8.324e+01
E 006 008 4.301e+01
E 006 019 6.525e+01
E 007 015 1.487e+01
E 007 017 1.910e+01
E 007 018 5.515e+01
E 008 009 1.903e+01
E 008 011 6.676e+01
E 008 013 6.519e+01
E 008 014 8.127e+01
E 008 017 6.641e+01
E 008 019 2.236e+01
E 009 010 5.749e+01
E 009 018 8.412e+01
E 010 013 1.972e+01
E 010 015 8.078e+01
E 011 013 2.402e+01
E 011 016 6.420e+01
E 011 017 6.152e+01
E 011 018 1.007e+02
E 012 016 6.389e+01
E 012 014 9.076e+01
E 013 015 9.415e+01
E 013 017 8.099e+01
E 013 019 8.701e+01
E 014 015 4.653e+01
E 014 019 1.021e+02
E 016 017 5.331e+01
E 017 019 7.961e+01
