N 000 091 005 6.790e-01
N 001 013 016 2.148e-01
N 002 064 046 2.222e-01
N 003 023 052 2.784e-01
N 004 075 062 6.936e-01
N 005 027 040 7.568e-01
N 006 043 058 8.095e-01
N 007 067 029 7.615e-01
N 008 016 006 7.749e-01
N 009 081 004 3.668e-01
N 010 072 013 5.051e-01
N 011 062 099 4.681e-01
N 012 068 002 1.852e-01
N 013 034 018 4.361e-01
N 014 041 089 1.717e-01
N 015 088 003 6.039e-01
N 016 072 023 5.440e-01
N 017 084 046 7.653e-01
N 018 038 033 2.864e-02
N 019 013 052 4.734e-01
E 000 008 7.501e+01
E 000 014 9.775e+01
E 000 007 3.394e+01
E 001 002 5.917e+01
E 001 004 7.720e+01
E 001 008 1.044e+01
E 001 011 9.638e+01
E 001 014 7.819e+01
E 001 016 5.941e+01
E 001 017 7.708e+01
E 002 006 2.419e+01
E 002 008 6.248e+01
E 002 009 4.531e+01
E 002 011 5.304e+01
E 002 012 4.418e+01
E 002 016 2.435e+01
E 002 019 5.135e+01
E 003 017 6.129e+01
E 003 018 2.421e+01
E 003 004 5.295e+01
E 003 014 4.115e+01
E 003 006 2.088e+01
E 004 008 8.134e+01
E 004 009 5.831e+01
E 004 010 4.909e+01
E 004 012 6.041e+01
E 004 017 1.836e+01
E 005 006 2.408e+01
E 005 007 4.148e+01
E 005 008 3.574e+01
E 005 010 5.248e+01
E 005 015 7.134e+01
E 005 016 4.810e+01
E 005 018 1.304e+01
E 006 007 3.764e+01
E 006 009 6.603e+01
E 006 014 3.106e+01
E 006 017 4.272e+01
E 007 008 5.595e+01
E 007 013 3.479e+01
E 007 014 6.539e+01
E 007 018 2.927e+01
E 008 010 5.644e+01
E 008 013 2.163e+01
E 008 018 3.483e+01
E 009 010 1.273e+01
E 009 016 2.102e+01
E 009 019 8.323e+01
E 010 016 1.000e+01
E 010 019 7.072e+01
E 011 012 9.719e+01
E 011 014 2.326e+01
E 012 015 2.002e+01
E 013 019 3.996e+01
E 013 015 5.604e+01
E 015 019 8.959e+01
E 016 017 2.594e+01
E 016 019 6.574e+01
E 017 018 4.780e+01
E 018 019 3.140e+01
