N 000 042 008 4.321e-01
N 001 002 085 6.537e-01
N 002 080 046 9.489e-01
N 003 061 011 1.807e-01
N 004 006 033 3.599e-01
N 005 052 098 3.493e-01
N 006 002 084 3.468e-01
N 007 062 069 2.259e-01
N 008 073 052 9.102e-02
N 009 037 033 3.631e-01
N 010 068 032 9.213e-01
N 011 069 077 5.224e-01
N 012 059 007 8.554e-01
N 013 064 060 7.934e-01
N 014 040 017 2.730e-01
N 015 004 045 8.038e-01
N 016 046 039 5.262e-01
N 017 062 056 7.545e-01
N 018 034 091 3.362e-04
N 019 057 062 6.356e-01
E 000 004 4.383e+01
E 000 007 6.420e+01
E 000 012 1.703e+01
E 000 017 5.200e+01
E 000 018 8.338e+01
E 000 019 5.604e+01
E 001 002 8.721e+01
E 001 007 6.210e+01
E 001 009 6.268e+01
E 001 011 6.748e+01
E 001 016 6.366e+01
E 001 017 6.664e+01
E 001 018 3.256e+01
E 001 019 5.962e+01
E 002 006 8.676e+01
E 002 007 2.921e+01
E 002 009 4.492e+01
E 002 010 1.844e+01
E 002 011 3.289e+01
E 003 016 3.176e+01
E 003 004 5.924e+01
E 003 005 8.746e+01
E 004 006 5.116e+01
E 004 008 6.964e+01
E 004 010 6.201e+01
E 004 014 3.758e+01
E 004 015 1.217e+01
E 004 019 5.867e+01
E 005 010 6.791e+01
E 005 014 8.188e+01
E 005 006 5.192e+01
E 006 011 6.736e+01
E 006 012 9.580e+01
E 006 013 6.648e+01
E 006 014 7.703e+01
E 006 015 3.905e+01
E 006 017 6.621e+01
E 006 018 3.276e+01
E 006 019 5.924e+01
E 007 012 6.207e+01
E 007 013 9.220e+00
E 007 016 3.400e+01
E 008 009 4.071e+01
E 008 014 4.810e+01
E 008 017 1.170e+01
E 009 010 3.102e+01
E 009 013 3.818e+01
E 009 016 1.082e+01
E 010 014 3.176e+01
E 010 018 6.810e+01
E 012 019 5.504e+01
E 012 015 6.685e+01
E 013 016 2.766e+01
E 014 017 4.478e+01
E 014 019 4.810e+01
E 015 019 5.566e+01
E 015 017 5.903e+01
E 016 017 2.335e+01
E 016 018 5.337e+01
E 017 019 7.810e+00
