N 000 005 066 8.944e-01
N 001 094 026 1.407e-03
N 002 020 083 8.171e-01
N 003 095 043 4.102e-01
N 004 083 083 4.398e-01
N 005 023 049 6.586e-01
N 006 004 035 2.160e-01
N 007 083 020 1.958e-01
N 008 004 008 1.194e-01
N 009 078 004 4.114e-01
N 010 080 067 3.154e-01
N 011 007 032 9.614e-01
N 012 042 034 8.467e-01
N 013 009 053 7.675e-01
N 014 001 065 1.935e-01
N 015 024 042 3.716e-01
N 016 021 064 7.298e-01
N 017 060 060 1.813e-01
N 018 032 064 2.041e-01
N 019 095 017 2.915e-01
E 000 006 3.102e+01
E 000 009 9.578e+01
E 000 011 3.406e+01
E 000 015 3.061e+01
E 000 017 5.533e+01
E 000 019 1.025e+02
E 001 008 9.178e+01
E 001 018 7.272e+01
E 001 011 8.721e+01
E 001 014 1.008e+02
E 001 007 1.253e+01
E 002 003 8.500e+01
E 002 004 6.300e+01
E 002 010 6.210e+01
E 002 012 5.371e+01
E 002 015 4.119e+01
E 002 016 1.903e+01
E 002 018 2.247e+01
E 002 019 9.990e+01
E 003 004 4.176e+01
E 003 005 7.225e+01
E 003 006 9.135e+01
E 003 011 8.868e+01
E 003 012 5.376e+01
E 003 014 9.654e+01
E 003 015 7.101e+01
E 003 016 7.692e+01
E 004 011 9.153e+01
E 004 010 1.628e+01
E 004 015 7.185e+01
E 005 008 4.519e+01
E 005 011 2.335e+01
E 005 013 1.456e+01
E 005 015 7.071e+00
E 005 019 7.879e+01
E 006 011 4.243e+00
E 006 010 8.246e+01
E 006 018 4.031e+01
E 007 016 7.603e+01
E 007 014 9.354e+01
E 008 010 9.621e+01
E 008 014 5.708e+01
E 008 013 4.528e+01
E 009 017 5.882e+01
E 009 014 9.823e+01
E 010 012 5.033e+01
E 010 014 7.903e+01
E 010 018 4.809e+01
E 010 019 5.220e+01
E 011 014 3.354e+01
E 012 013 3.808e+01
E 013 018 2.550e+01
E 013 014 1.442e+01
E 014 016 2.002e+01
E 014 019 1.055e+02
E 015 016 2.220e+01
E 015 017 4.025e+01
E 015 019 7.527e+01
E 016 018 1.100e+01
E 017 018 2.828e+01
