N 000 095 027 6.690e-01
N 001 061 070 8.444e-01
N 002 049 048 6.582e-01
N 003 021 002 1.468e-01
N 004 029 067 4.774e-01
N 005 046 066 5.415e-01
N 006 000 075 4.684e-01
N 007 078 003 4.368e-01
N 008 073 076 3.875e-01
N 009 002 025 8.495e-01
N 010 006 036 2.046e-01
N 011 046 009 3.571e-01
N 012 014 034 5.304e-01
N 013 094 020 9.505e-01
N 014 047 069 7.627e-01
N 015 071 032 7.340e-01
N 016 026 081 1.755e-01
N 017 068 000 6.549e-01
N 018 089 098 9.432e-01
N 019 034 022 8.057e-01
E 000 002 5.057e+01
E 000 003 7.811e+01
E 000 006 1.064e+02
E 000 007 2.941e+01
E 000 008 5.371e+01
E 000 012 8.130e+01
E 000 016 8.762e+01
E 000 017 3.818e+01
E 000 018 7.125e+01
E 001 017 7.035e+01
E 001 019 5.507e+01
E 001 005 1.552e+01
E 001 015 3.929e+01
E 002 009 5.233e+01
E 002 012 3.770e+01
E 002 005 1.825e+01
E 002 017 5.162e+01
E 003 005 6.871e+01
E 003 011 2.596e+01
E 003 013 7.519e+01
E 003 016 7.916e+01
E 003 017 4.704e+01
E 004 017 7.752e+01
E 004 018 6.754e+01
E 004 015 5.467e+01
E 005 006 4.687e+01
E 005 009 6.014e+01
E 005 010 5.000e+01
E 005 014 3.162e+00
E 005 015 4.220e+01
E 006 012 4.332e+01
E 006 015 8.301e+01
E 006 016 2.668e+01
E 006 018 9.192e+01
E 007 008 7.317e+01
E 007 010 7.920e+01
E 007 011 3.256e+01
E 007 012 7.111e+01
E 007 013 2.335e+01
E 007 019 4.793e+01
E 008 015 4.405e+01
E 009 010 1.170e+01
E 009 012 1.500e+01
E 009 016 6.093e+01
E 009 017 7.058e+01
E 010 011 4.826e+01
E 010 014 5.263e+01
E 010 016 4.924e+01
E 010 017 7.169e+01
E 011 015 3.397e+01
E 012 018 9.860e+01
E 012 019 2.332e+01
E 013 016 9.135e+01
E 014 019 4.876e+01
E 015 016 6.653e+01
E 015 018 6.841e+01
E 016 019 5.954e+01
E 017 018 1.002e+02
E 017 019 4.050e+01
E 018 019 9.381e+01
