N 000 021 045 1.991e-01
N 001 056 063 8.125e-01
N 002 091 049 2.060e-01
N 003 015 011 7.650e-01
N 004 049 090 5.169e-01
N 005 092 083 8.099e-01
N 006 091 037 6.196e-01
N 007 039 035 5.790e-02
N 008 019 046 4.203e-01
N 009 045 006 8.450e-01
N 010 022 037 6.875e-02
N 011 042 033 4.417e-01
N 012 044 003 1.366e-01
N 013 087 077 4.178e-01
N 014 054 066 9.709e-01
N 015 043 080 9.372e-01
N 016 098 045 2.593e-02
N 017 026 080 6.490e-02
N 018 044 041 6.765e-02
N 019 024 045 1.093e-01
E 000 004 5.300e+01
E 000 006 7.046e+01
E 000 011 2.419e+01
E 000 016 7.700e+01
E 000 017 3.536e+01
E 000 019 3.000e+00
E 001 007 3.276e+01
E 001 012 6.119e+01
E 001 013 3.401e+01
E 001 014 3.606e+00
E 001 015 2.140e+01
E 001 018 2.506e+01
E 001 019 3.672e+01
E 002 003 8.497e+01
E 002 005 3.401e+01
E 002 007 5.385e+01
E 002 009 6.297e+01
E 002 011 5.155e+01
E 002 014 4.072e+01
E 002 018 4.768e+01
E 003 008 3.523e+01
E 003 005 1.054e+02
E 003 007 3.394e+01
E 004 007 5.590e+01
E 004 012 8.714e+01
E 004 015 1.166e+01
E 004 016 6.653e+01
E 004 017 2.508e+01
E 004 018 4.925e+01
E 005 010 8.376e+01
E 005 012 9.330e+01
E 005 016 3.847e+01
E 005 017 6.607e+01
E 005 019 7.790e+01
E 006 008 7.256e+01
E 006 012 5.801e+01
E 006 017 7.794e+01
E 006 009 5.547e+01
E 007 008 2.283e+01
E 007 012 3.239e+01
E 008 011 2.642e+01
E 008 013 7.473e+01
E 008 014 4.031e+01
E 008 016 7.901e+01
E 008 017 3.471e+01
E 008 018 2.550e+01
E 008 019 5.099e+00
E 009 011 2.717e+01
E 009 014 6.067e+01
E 010 018 2.236e+01
E 010 011 2.040e+01
E 010 014 4.319e+01
E 011 014 3.511e+01
E 011 015 4.701e+01
E 013 016 3.384e+01
E 014 017 3.130e+01
E 015 018 3.901e+01
E 016 018 5.415e+01
E 016 019 7.400e+01
E 018 019 2.040e+01
