N 000 042 058 3.667e-01
N 001 051 010 2.177e-01
N 002 099 039 9.727e-01
N 003 005 094 2.531e-01
N 004 067 082 4.210e-01
N 005 057 035 8.417e-01
N 006 038 097 8.782e-01
N 007 044 072 9.579e-03
N 008 000 046 6.591e-01
N 009 014 045 4.450e-02
N 010 002 019 7.110e-01
N 011 017 092 5.497e-01
N 012 060 057 8.019e-01
N 013 029 084 6.751e-01
N 014 029 047 8.373e-01
N 015 061 008 4.707e-01
N 016 074 028 5.476e-01
N 017 033 094 5.541e-01
N 018 085 098 1.823e-01
N 019 020 067 5.007e-01
E 000 008 4.368e+01
E 000 009 3.087e+01
E 000 018 5.873e+01
E 000 003 5.162e+01
E 000 019 2.377e+01
E 001 008 6.243e+01
E 001 016 2.921e+01
E 001 011 8.877e+01
E 001 006 8.797e+01
E 001 017 8.591e+01
E 002 004 5.360e+01
E 002 006 8.417e+01
E 002 012 4.295e+01
E 002 013 8.322e+01
E 002 015 4.904e+01
E 002 016 2.731e+01
E 002 017 8.591e+01
E 003 005 7.864e+01
E 003 009 4.982e+01
E 003 014 5.277e+01
E 003 015 1.026e+02
E 003 016 9.548e+01
E 003 017 2.800e+01
E 004 005 4.805e+01
E 004 008 7.606e+01
E 004 010 9.052e+01
E 004 015 7.424e+01
E 004 016 5.445e+01
E 005 009 4.415e+01
E 005 011 6.963e+01
E 005 015 2.729e+01
E 005 017 6.369e+01
E 005 018 6.894e+01
E 006 018 4.701e+01
E 006 012 4.565e+01
E 006 013 1.581e+01
E 007 008 5.111e+01
E 007 011 3.360e+01
E 007 012 2.193e+01
E 008 012 6.100e+01
E 009 011 4.710e+01
E 009 013 4.179e+01
E 009 015 5.982e+01
E 009 016 6.236e+01
E 009 018 8.860e+01
E 010 016 7.256e+01
E 010 012 6.934e+01
E 010 013 7.038e+01
E 010 017 8.115e+01
E 011 012 5.544e+01
E 011 013 1.442e+01
E 011 014 4.657e+01
E 011 015 9.483e+01
E 011 017 1.612e+01
E 011 018 6.826e+01
E 012 013 4.111e+01
E 014 016 4.885e+01
E 014 015 5.045e+01
E 016 017 7.770e+01
E 018 019 7.201e+01
