N 000 052 073 4.369e-01
N 001 026 027 7.229e-01
N 002 044 043 5.535e-02
N 003 056 016 3.477e-02
N 004 039 003 1.691e-01
N 005 081 024 9.859e-01
N 006 031 012 6.475e-03
N 007 085 040 7.335e-01
N 008 017 065 5.346e-01
N 009 079 038 2.279e-01
N 010 084 096 6.515e-01
N 011 039 048 7.724e-01
N 012 082 083 6.500e-02
N 013 006 053 9.651e-01
N 014 060 095 2.352e-01
N 015 061 003 6.630e-01
N 016 090 033 1.906e-02
N 017 055 015 4.153e-02
N 018 071 064 4.659e-01
N 019 040 063 2.991e-01
E 000 016 5.517e+01
E 000 011 2.818e+01
E 000 006 6.451e+01
E 000 007 4.667e+01
E 001 002 2.408e+01
E 001 010 9.014e+01
E 001 011 2.470e+01
E 001 012 7.920e+01
E 001 014 7.603e+01
E 001 015 4.244e+01
E 001 016 6.428e+01
E 002 005 4.159e+01
E 002 008 3.483e+01
E 002 009 3.536e+01
E 002 013 3.929e+01
E 002 015 4.346e+01
E 002 016 4.707e+01
E 002 019 2.040e+01
E 003 006 2.532e+01
E 003 007 3.764e+01
E 003 008 6.263e+01
E 003 010 8.476e+01
E 003 011 3.624e+01
E 003 012 7.187e+01
E 003 013 6.220e+01
E 003 016 3.801e+01
E 004 006 1.204e+01
E 004 010 1.033e+02
E 004 012 9.082e+01
E 004 013 5.991e+01
E 004 014 9.437e+01
E 004 019 6.001e+01
E 005 008 7.601e+01
E 005 017 2.751e+01
E 006 007 6.083e+01
E 006 014 8.792e+01
E 006 015 3.132e+01
E 006 017 2.419e+01
E 007 012 4.310e+01
E 007 013 8.006e+01
E 007 014 6.042e+01
E 007 016 8.602e+00
E 008 012 6.745e+01
E 008 013 1.628e+01
E 008 015 7.603e+01
E 009 018 2.720e+01
E 009 017 3.324e+01
E 009 011 4.123e+01
E 009 013 7.453e+01
E 010 013 8.907e+01
E 010 016 6.329e+01
E 010 019 5.500e+01
E 011 013 3.338e+01
E 011 015 5.009e+01
E 012 016 5.064e+01
E 013 016 8.635e+01
E 014 016 6.888e+01
E 014 017 8.016e+01
E 015 017 1.342e+01
E 016 019 5.831e+01
