N 000 042 012 5.893e-01
N 001 078 086 3.321e-01
N 002 033 038 6.075e-01
N 003 038 092 4.762e-01
N 004 021 099 3.979e-01
N 005 067 043 2.124e-01
N 006 050 040 3.730e-01
N 007 089 036 3.468e-03
N 008 035 072 5.706e-01
N 009 057 059 1.230e-01
N 010 019 007 3.469e-01
N 011 074 050 8.547e-01
N 012 065 032 9.480e-01
N 013 038 074 1.890e-02
N 014 086 074 6.676e-01
N 015 024 003 5.524e-01
N 016 032 095 2.673e-01
N 017 074 097 2.118e-01
N 018 082 091 7.487e-01
N 019 047 026 2.321e-01
E 000 001 8.229e+01
E 000 004 8.950e+01
E 000 006 2.912e+01
E 000 010 2.354e+01
E 000 017 9.082e+01
E 000 019 1.487e+01
E 001 004 5.846e+01
E 002 008 3.406e+01
E 002 016 5.701e+01
E 002 018 7.218e+01
E 002 005 3.437e+01
E 003 010 8.710e+01
E 003 012 6.580e+01
E 003 005 5.694e+01
E 003 006 5.337e+01
E 004 005 7.247e+01
E 004 008 3.041e+01
E 004 009 5.381e+01
E 004 010 9.202e+01
E 004 012 8.016e+01
E 005 010 6.000e+01
E 005 011 9.899e+00
E 005 013 4.245e+01
E 005 014 3.636e+01
E 005 018 5.029e+01
E 006 008 3.534e+01
E 006 009 2.025e+01
E 006 014 4.952e+01
E 006 016 5.787e+01
E 006 019 1.432e+01
E 007 009 3.941e+01
E 007 014 3.812e+01
E 007 015 7.290e+01
E 007 016 8.204e+01
E 007 017 6.282e+01
E 007 018 5.544e+01
E 007 019 4.317e+01
E 008 010 6.694e+01
E 008 011 4.478e+01
E 008 017 4.632e+01
E 008 018 5.070e+01
E 009 013 2.421e+01
E 009 015 6.500e+01
E 009 016 4.383e+01
E 009 019 3.448e+01
E 010 014 9.475e+01
E 010 015 6.403e+00
E 010 019 3.384e+01
E 011 014 2.683e+01
E 011 016 6.155e+01
E 011 017 4.700e+01
E 011 019 3.612e+01
E 012 013 4.993e+01
E 012 015 5.022e+01
E 013 016 2.184e+01
E 013 015 7.237e+01
E 014 018 1.746e+01
E 015 017 1.065e+02
E 015 019 3.253e+01
E 016 018 5.016e+01
