N 000 095 088 3.822e-01
N 001 026 067 3.801e-02
N 002 090 017 2.563e-01
N 003 079 074 8.340e-01
N 004 038 082 9.354e-01
N 005 085 038 4.607e-01
N 006 023 015 5.031e-01
N 007 076 008 2.011e-01
N 008 074 076 2.780e-01
N 009 013 023 8.591e-01
N 010 054 093 9.718e-01
N 011 035 071 9.814e-01
N 012 060 026 2.893e-02
N 013 013 029 9.040e-01
N 014 014 003 3.082e-01
N 015 031 074 8.944e-01
N 016 011 022 2.598e-02
N 017 054 063 9.679e-01
N 018 064 065 5.046e-01
N 019 094 080 6.240e-02
E 000 001 7.212e+01
E 000 002 7.118e+01
E 000 006 1.025e+02
E 000 007 8.223e+01
E 000 009 1.046e+02
E 000 010 4.130e+01
E 000 012 7.120e+01
E 000 015 6.551e+01
E 000 018 3.860e+01
E 001 003 5.346e+01
E 001 011 9.849e+00
E 001 013 4.016e+01
E 001 014 6.512e+01
E 001 015 8.602e+00
E 001 018 3.805e+01
E 001 019 6.923e+01
E 002 003 5.805e+01
E 002 005 2.159e+01
E 002 016 7.916e+01
E 002 017 5.841e+01
E 002 019 6.313e+01
E 003 006 8.134e+01
E 003 007 6.607e+01
E 003 008 5.385e+00
E 003 013 7.988e+01
E 003 016 8.560e+01
E 003 017 2.731e+01
E 003 018 1.749e+01
E 004 009 6.408e+01
E 004 010 1.942e+01
E 004 013 5.860e+01
E 004 006 6.866e+01
E 004 017 2.484e+01
E 005 010 6.313e+01
E 005 014 7.916e+01
E 005 015 6.490e+01
E 006 010 8.393e+01
E 006 013 1.720e+01
E 006 016 1.389e+01
E 007 010 8.780e+01
E 007 011 7.517e+01
E 007 013 6.641e+01
E 007 016 6.649e+01
E 007 017 5.924e+01
E 007 019 7.422e+01
E 008 009 8.081e+01
E 008 010 2.625e+01
E 008 012 5.192e+01
E 008 013 7.701e+01
E 009 013 6.000e+00
E 009 014 2.002e+01
E 010 017 3.000e+01
E 011 015 5.000e+00
E 011 013 4.741e+01
E 012 018 3.920e+01
E 012 017 3.748e+01
E 012 015 5.608e+01
E 013 015 4.847e+01
E 014 015 7.301e+01
E 015 019 6.329e+01
