N 000 089 025 3.717e-01
N 001 012 010 3.083e-01
N 002 022 001 1.978e-01
N 003 042 020 7.022e-02
N 004 006 018 4.204e-01
N 005 055 084 5.650e-01
N 006 061 059 4.532e-01
N 007 047 081 9.439e-01
N 008 084 069 1.254e-01
N 009 084 018 2.835e-02
N 010 006 029 8.724e-01
N 011 083 007 9.342e-01
N 012 024 024 2.575e-02
N 013 048 014 8.762e-01
N 014 059 009 3.674e-01
N 015 082 029 1.570e-01
N 016 049 098 7.468e-01
N 017 092 029 2.644e-01
N 018 069 012 2.208e-01
N 019 053 071 3.159e-01
E 000 003 4.727e+01
E 000 007 7.000e+01
E 000 012 6.501e+01
E 000 013 4.245e+01
E 000 015 8.062e+00
E 000 016 8.324e+01
E 000 019 5.841e+01
E 001 016 9.546e+01
E 001 013 3.622e+01
E 001 006 6.930e+01
E 001 007 7.916e+01
E 002 008 9.202e+01
E 002 009 6.429e+01
E 002 005 8.932e+01
E 002 006 6.989e+01
E 003 005 6.531e+01
E 003 007 6.120e+01
E 003 008 6.454e+01
E 003 010 3.711e+01
E 003 013 8.485e+00
E 003 016 7.831e+01
E 003 017 5.080e+01
E 003 018 2.816e+01
E 004 009 7.800e+01
E 004 014 5.376e+01
E 004 007 7.517e+01
E 005 007 8.544e+00
E 005 009 7.209e+01
E 005 010 7.366e+01
E 005 011 8.193e+01
E 005 015 6.127e+01
E 005 018 7.335e+01
E 006 008 2.508e+01
E 006 010 6.265e+01
E 006 013 4.684e+01
E 006 016 4.080e+01
E 007 009 7.306e+01
E 007 015 6.268e+01
E 007 016 1.712e+01
E 007 018 7.242e+01
E 007 019 1.166e+01
E 008 009 5.100e+01
E 008 011 6.201e+01
E 008 017 4.079e+01
E 009 010 7.877e+01
E 009 011 1.105e+01
E 009 013 3.622e+01
E 010 013 4.460e+01
E 010 014 5.665e+01
E 010 015 7.600e+01
E 010 017 8.600e+01
E 010 019 6.303e+01
E 011 016 9.714e+01
E 011 013 3.569e+01
E 012 016 7.811e+01
E 013 014 1.208e+01
E 013 016 8.401e+01
E 013 018 2.110e+01
E 013 019 5.722e+01
E 014 017 3.859e+01
