N 000 000 022 5.999e-01
N 001 055 099 7.407e-01
N 002 049 016 5.853e-01
N 003 046 061 9.174e-01
N 004 007 075 5.531e-01
N 005 069 059 1.457e-01
N 006 002 013 8.493e-01
N 007 032 039 5.845e-02
N 008 003 001 4.482e-01
N 009 088 081 4.707e-01
N 010 028 047 3.201e-01
N 011 008 078 2.393e-01
N 012 053 003 4.235e-01
N 013 099 017 2.936e-01
N 014 096 037 1.071e-01
N 015 096 098 9.304e-01
N 016 021 085 6.747e-02
N 017 079 013 5.041e-01
N 018 080 088 9.318e-01
N 019 062 067 2.525e-01
E 000 009 1.059e+02
E 000 018 1.037e+02
E 000 019 7.661e+01
E 000 004 5.346e+01
E 000 017 7.951e+01
E 001 012 9.602e+01
E 001 018 2.731e+01
E 001 011 5.148e+01
E 001 004 5.367e+01
E 002 003 4.510e+01
E 002 008 4.838e+01
E 002 010 3.744e+01
E 002 013 5.001e+01
E 002 016 7.446e+01
E 002 017 3.015e+01
E 002 018 7.839e+01
E 003 004 4.144e+01
E 003 010 2.280e+01
E 003 011 4.163e+01
E 003 013 6.888e+01
E 003 016 3.466e+01
E 003 019 1.709e+01
E 004 008 7.411e+01
E 004 010 3.500e+01
E 004 011 3.162e+00
E 004 013 1.088e+02
E 004 016 1.720e+01
E 004 017 9.502e+01
E 005 009 2.907e+01
E 005 010 4.272e+01
E 005 011 6.389e+01
E 005 015 4.743e+01
E 005 017 4.707e+01
E 005 018 3.102e+01
E 005 019 1.063e+01
E 006 009 1.096e+02
E 006 011 6.528e+01
E 007 017 5.371e+01
E 007 011 4.579e+01
E 007 014 6.403e+01
E 008 009 1.167e+02
E 008 010 5.235e+01
E 008 012 5.004e+01
E 008 013 9.732e+01
E 008 014 9.972e+01
E 008 018 1.162e+02
E 009 018 1.063e+01
E 009 019 2.953e+01
E 010 014 6.873e+01
E 010 019 3.945e+01
E 011 014 9.708e+01
E 011 017 9.626e+01
E 011 019 5.511e+01
E 012 014 5.482e+01
E 012 015 1.043e+02
E 013 016 1.035e+02
E 013 019 6.220e+01
E 014 018 5.345e+01
E 015 017 8.668e+01
E 016 017 9.246e+01
