N 000 084 017 5.063e-01
N 001 039 034 3.891e-01
N 002 091 065 4.075e-01
N 003 080 084 3.157e-01
N 004 083 058 8.085e-01
N 005 012 066 5.712e-02
N 006 057 060 8.292e-01
N 007 020 076 5.506e-01
N 008 069 075 6.637e-01
N 009 009 011 6.175e-01
N 010 079 090 1.422e-01
N 011 057 031 8.794e-01
N 012 021 066 2.738e-02
N 013 082 060 8.581e-02
N 014 056 010 6.796e-01
N 015 060 076 7.912e-01
N 016 037 036 1.306e-01
N 017 098 014 1.930e-01
N 018 049 094 6.784e-01
N 019 050 069 5.145e-01
E 000 001 4.810e+01
E 000 004 4.101e+01
E 001 006 3.162e+01
E 001 012 3.672e+01
E 001 013 5.025e+01
E 001 016 2.828e+00
E 001 018 6.083e+01
E 001 019 3.669e+01
E 002 005 7.901e+01
E 002 006 3.437e+01
E 002 011 4.808e+01
E 002 013 1.030e+01
E 002 014 6.519e+01
E 002 016 6.129e+01
E 003 009 1.018e+02
E 003 019 3.354e+01
E 003 014 7.779e+01
E 003 006 3.324e+01
E 004 010 3.225e+01
E 004 013 2.236e+00
E 004 006 2.608e+01
E 004 015 2.921e+01
E 005 006 4.540e+01
E 005 007 1.281e+01
E 005 009 5.508e+01
E 005 010 7.117e+01
E 005 013 7.026e+01
E 005 017 1.005e+02
E 006 015 1.628e+01
E 006 019 1.140e+01
E 007 010 6.064e+01
E 007 012 1.005e+01
E 007 014 7.518e+01
E 007 015 4.000e+01
E 007 017 9.964e+01
E 007 019 3.081e+01
E 008 016 5.045e+01
E 008 017 6.754e+01
E 008 010 1.803e+01
E 008 018 2.759e+01
E 009 011 5.200e+01
E 009 012 5.629e+01
E 009 013 8.792e+01
E 009 016 3.754e+01
E 009 017 8.905e+01
E 010 014 8.324e+01
E 010 016 6.841e+01
E 010 019 3.581e+01
E 011 014 2.102e+01
E 011 015 4.510e+01
E 011 017 4.438e+01
E 011 019 3.864e+01
E 012 016 3.400e+01
E 012 013 6.129e+01
E 013 018 4.738e+01
E 014 016 3.220e+01
E 014 018 8.429e+01
E 014 019 5.930e+01
E 015 019 1.221e+01
E 016 018 5.923e+01
