N 000 007 065 2.624e-01
N 001 085 029 9.396e-01
N 002 012 085 9.095e-01
N 003 007 048 5.325e-01
N 004 050 019 9.142e-01
N 005 018 029 8.986e-01
N 006 042 046 1.795e-01
N 007 078 075 6.901e-02
N 008 010 016 8.432e-02
N 009 087 041 5.264e-01
N 010 050 043 8.494e-01
N 011 044 062 8.313e-01
N 012 043 031 9.808e-01
N 013 019 088 8.899e-01
N 014 062 076 6.384e-01
N 015 008 087 1.885e-01
N 016 061 005 9.701e-01
N 017 003 046 2.209e-01
N 018 002 039 6.036e-01
N 019 079 028 6.750e-02
E 000 008 4.909e+01
E 000 011 3.712e+01
E 000 003 1.700e+01
E 000 004 6.297e+01
E 001 004 3.640e+01
E 001 005 6.700e+01
E 001 012 4.205e+01
E 001 013 8.853e+01
E 001 014 5.233e+01
E 001 018 8.360e+01
E 002 004 7.616e+01
E 002 006 4.920e+01
E 002 007 6.675e+01
E 002 009 8.695e+01
E 002 010 5.664e+01
E 002 012 6.227e+01
E 003 017 4.472e+00
E 003 010 4.329e+01
E 003 004 5.187e+01
E 003 013 4.176e+01
E 004 005 3.353e+01
E 004 011 4.342e+01
E 004 014 5.825e+01
E 004 016 1.780e+01
E 004 019 3.036e+01
E 005 006 2.941e+01
E 005 010 3.493e+01
E 005 011 4.201e+01
E 005 018 1.887e+01
E 005 019 6.101e+01
E 006 010 8.544e+00
E 006 011 1.612e+01
E 006 012 1.503e+01
E 006 016 4.519e+01
E 006 019 4.115e+01
E 007 012 5.622e+01
E 007 013 6.042e+01
E 007 015 7.102e+01
E 007 016 7.203e+01
E 007 017 8.041e+01
E 007 018 8.410e+01
E 008 009 8.096e+01
E 008 010 4.826e+01
E 008 013 7.256e+01
E 008 016 5.217e+01
E 008 019 7.004e+01
E 009 011 4.785e+01
E 009 013 8.266e+01
E 009 016 4.441e+01
E 009 017 8.415e+01
E 011 015 4.383e+01
E 011 019 4.880e+01
E 012 013 6.185e+01
E 012 016 3.162e+01
E 013 015 1.105e+01
E 013 016 9.302e+01
E 014 016 7.101e+01
E 015 019 9.231e+01
E 016 019 2.921e+01
E 017 018 7.071e+00
