N 000 029 063 3.066e-01
N 001 028 051 5.026e-01
N 002 037 037 5.551e-01
N 003 023 062 1.974e-01
N 004 070 025 4.552e-01
N 005 075 007 3.957e-01
N 006 029 043 1.811e-01
N 007 075 036 5.485e-01
N 008 042 049 7.998e-01
N 009 045 082 7.213e-01
N 010 074 097 2.852e-01
N 011 017 036 1.173e-02
N 012 066 061 2.296e-01
N 013 047 077 9.596e-01
N 014 047 050 9.042e-01
N 015 065 091 2.037e-01
N 016 052 076 3.777e-01
N 017 059 049 1.641e-01
N 018 044 096 9.540e-02
N 019 037 092 2.425e-01
E 000 006 2.000e+01
E 000 009 2.484e+01
E 000 010 5.640e+01
E 000 016 2.642e+01
E 000 018 3.625e+01
E 000 019 3.008e+01
E 001 004 4.940e+01
E 001 007 4.934e+01
E 001 009 3.536e+01
E 001 010 6.505e+01
E 001 013 3.220e+01
E 001 016 3.466e+01
E 002 009 4.571e+01
E 002 011 2.002e+01
E 002 012 3.764e+01
E 003 018 3.996e+01
E 004 007 1.208e+01
E 004 010 7.211e+01
E 004 011 5.413e+01
E 004 012 3.622e+01
E 004 014 3.397e+01
E 004 018 7.561e+01
E 004 019 7.469e+01
E 005 006 5.841e+01
E 005 008 5.341e+01
E 005 009 8.078e+01
E 005 011 6.485e+01
E 005 014 5.131e+01
E 005 016 7.273e+01
E 005 018 9.424e+01
E 006 009 4.215e+01
E 006 011 1.389e+01
E 006 015 6.000e+01
E 007 019 6.768e+01
E 007 012 2.657e+01
E 008 017 1.700e+01
E 008 019 4.329e+01
E 008 013 2.844e+01
E 009 010 3.265e+01
E 009 014 3.206e+01
E 009 015 2.193e+01
E 009 016 9.220e+00
E 009 018 1.404e+01
E 010 014 5.420e+01
E 010 015 1.082e+01
E 010 016 3.041e+01
E 010 017 5.029e+01
E 010 018 3.002e+01
E 011 016 5.315e+01
E 011 017 4.397e+01
E 011 018 6.580e+01
E 011 019 5.946e+01
E 013 019 1.803e+01
E 013 014 2.700e+01
E 013 016 5.099e+00
E 014 017 1.204e+01
E 016 017 2.789e+01
E 016 018 2.154e+01
E 017 018 4.934e+01
E 017 019 4.830e+01
