N 000 084 022 5.254e-01
N 001 061 062 7.399e-01
N 002 071 029 9.888e-01
N 003 019 089 7.894e-01
N 004 046 014 5.636e-01
N 005 068 059 7.203e-01
N 006 001 012 1.878e-01
N 007 082 001 4.895e-01
N 008 061 019 1.877e-01
N 009 065 062 5.240e-01
N 010 079 090 6.038e-01
N 011 041 009 2.216e-01
N 012 064 067 8.368e-01
N 013 095 067 4.355e-02
N 014 053 083 6.816e-01
N 015 045 078 2.948e-01
N 016 099 049 2.036e-01
N 017 078 009 6.904e-02
N 018 037 000 3.927e-01
N 019 076 001 7.217e-01
E 000 012 4.924e+01
E 000 004 3.883e+01
E 000 014 6.843e+01
E 000 015 6.824e+01
E 001 004 5.029e+01
E 001 005 7.616e+00
E 001 007 6.451e+01
E 001 008 4.300e+01
E 001 010 3.329e+01
E 001 016 4.016e+01
E 001 018 6.648e+01
E 002 016 3.441e+01
E 002 018 4.469e+01
E 002 019 2.844e+01
E 003 008 8.163e+01
E 003 012 5.009e+01
E 003 006 7.908e+01
E 003 007 1.082e+02
E 004 006 4.504e+01
E 004 007 3.828e+01
E 004 009 5.162e+01
E 004 014 6.935e+01
E 004 016 6.351e+01
E 004 017 3.239e+01
E 004 019 3.270e+01
E 005 010 3.289e+01
E 005 019 5.855e+01
E 005 017 5.099e+01
E 006 007 8.174e+01
E 006 008 6.041e+01
E 006 016 1.048e+02
E 006 017 7.706e+01
E 007 009 6.332e+01
E 007 012 6.841e+01
E 007 014 8.698e+01
E 007 016 5.092e+01
E 007 018 4.501e+01
E 007 019 6.000e+00
E 008 009 4.319e+01
E 008 016 4.841e+01
E 008 018 3.061e+01
E 009 010 3.130e+01
E 009 013 3.041e+01
E 009 019 6.198e+01
E 010 016 4.562e+01
E 010 017 8.101e+01
E 010 018 9.932e+01
E 011 016 7.046e+01
E 011 012 6.239e+01
E 012 013 3.100e+01
E 012 014 1.942e+01
E 012 016 3.936e+01
E 012 017 5.967e+01
E 013 016 1.844e+01
E 013 017 6.044e+01
E 013 018 8.862e+01
E 013 019 6.868e+01
E 014 017 7.811e+01
E 015 018 7.841e+01
E 017 018 4.198e+01
