N 000 067 017 3.566e-01
N 001 071 012 9.263e-02
N 002 073 057 6.970e-01
N 003 013 011 3.817e-01
N 004 071 060 9.003e-01
N 005 038 013 5.382e-01
N 006 075 049 6.943e-01
N 007 008 029 4.040e-01
N 008 026 086 2.459e-01
N 009 088 005 8.468e-01
N 010 056 000 7.975e-01
N 011 003 057 7.063e-01
N 012 089 029 7.456e-01
N 013 092 056 4.221e-01
N 014 052 021 3.272e-01
N 015 025 034 7.916e-01
N 016 032 091 7.509e-01
N 017 027 014 2.628e-01
N 018 007 086 2.174e-01
N 019 043 000 6.076e-01
E 000 003 5.433e+01
E 000 006 3.298e+01
E 000 007 6.021e+01
E 000 010 2.025e+01
E 000 015 4.531e+01
E 000 016 8.186e+01
E 000 017 4.011e+01
E 000 019 2.941e+01
E 001 017 4.405e+01
E 001 010 1.921e+01
E 001 015 5.099e+01
E 001 007 6.525e+01
E 002 003 7.560e+01
E 002 004 3.606e+00
E 002 007 7.077e+01
E 002 016 5.326e+01
E 002 017 6.297e+01
E 002 018 7.209e+01
E 003 007 1.868e+01
E 003 009 7.524e+01
E 003 013 9.092e+01
E 003 015 2.594e+01
E 003 018 7.524e+01
E 004 007 7.021e+01
E 004 009 5.757e+01
E 004 011 6.807e+01
E 004 014 4.338e+01
E 004 015 5.284e+01
E 004 018 6.908e+01
E 004 019 6.621e+01
E 005 006 5.162e+01
E 005 010 2.220e+01
E 005 011 5.622e+01
E 005 014 1.612e+01
E 005 016 7.823e+01
E 005 017 1.105e+01
E 005 018 7.931e+01
E 005 019 1.393e+01
E 006 019 5.852e+01
E 006 014 3.624e+01
E 006 007 6.992e+01
E 008 017 7.201e+01
E 008 018 1.900e+01
E 009 019 4.528e+01
E 009 018 1.146e+02
E 010 011 7.783e+01
E 010 013 6.657e+01
E 011 017 4.924e+01
E 011 015 3.183e+01
E 012 017 6.379e+01
E 013 016 6.946e+01
E 013 017 7.739e+01
E 013 015 7.052e+01
E 014 015 2.997e+01
E 014 017 2.596e+01
E 014 019 2.285e+01
E 016 017 7.716e+01
E 016 018 2.550e+01
E 017 019 2.126e+01
E 018 019 9.323e+01
