N 000 041 028 1.888e-01
N 001 013 015 3.582e-02
N 002 013 047 5.678e-01
N 003 007 026 2.730e-01
N 004 010 076 5.067e-01
N 005 043 067 7.421e-01
N 006 002 061 7.783e-01
N 007 007 024 4.221e-01
N 008 021 076 2.317e-02
N 009 001 043 4.357e-01
N 010 088 024 5.332e-01
N 011 069 070 5.449e-01
N 012 076 019 8.753e-01
N 013 037 039 6.334e-01
N 014 087 036 6.897e-01
N 015 026 034 4.906e-01
N 016 063 080 2.817e-01
N 017 051 005 5.678e-01
N 018 022 099 2.355e-01
N 019 015 042 6.617e-01
E 000 002 3.384e+01
E 000 005 3.905e+01
E 000 009 4.272e+01
E 000 010 4.717e+01
E 000 013 1.170e+01
E 000 014 4.669e+01
E 001 002 3.200e+01
E 001 010 7.554e+01
E 002 003 2.184e+01
E 002 005 3.606e+01
E 002 008 3.008e+01
E 002 013 2.530e+01
E 002 014 7.481e+01
E 002 015 1.838e+01
E 003 007 2.000e+00
E 003 008 5.192e+01
E 003 011 7.603e+01
E 003 017 4.875e+01
E 003 018 7.453e+01
E 004 016 5.315e+01
E 004 019 3.437e+01
E 004 011 5.930e+01
E 004 013 4.580e+01
E 004 006 1.700e+01
E 005 007 5.608e+01
E 005 011 2.617e+01
E 005 012 5.825e+01
E 005 014 5.382e+01
E 005 015 3.712e+01
E 005 018 3.828e+01
E 005 019 3.754e+01
E 006 016 6.389e+01
E 006 007 3.734e+01
E 007 012 6.918e+01
E 007 014 8.089e+01
E 007 015 2.147e+01
E 008 010 8.481e+01
E 008 011 4.837e+01
E 008 012 7.921e+01
E 008 013 4.031e+01
E 008 015 4.230e+01
E 008 016 4.219e+01
E 008 019 3.453e+01
E 009 010 8.905e+01
E 009 012 7.875e+01
E 009 014 8.628e+01
E 010 014 1.204e+01
E 010 016 6.133e+01
E 010 017 4.159e+01
E 011 016 1.166e+01
E 011 018 5.523e+01
E 012 013 4.383e+01
E 012 017 2.865e+01
E 012 018 9.652e+01
E 013 015 1.208e+01
E 013 019 2.220e+01
E 014 015 6.103e+01
E 014 018 9.052e+01
E 016 019 6.122e+01
E 018 019 5.743e+01
