N 000 068 032 7.233e-01
N 001 006 004 8.452e-01
N 002 043 047 5.001e-01
N 003 074 054 3.227e-01
N 004 043 074 2.251e-01
N 005 080 090 1.546e-01
N 006 046 077 1.947e-01
N 007 056 012 5.273e-01
N 008 064 011 1.840e-01
N 009 077 019 5.610e-01
N 010 014 053 2.122e-01
N 011 050 046 7.044e-01
N 012 082 014 9.876e-01
N 013 077 053 2.902e-01
N 014 060 098 3.605e-01
N 015 060 013 3.138e-01
N 016 035 058 7.211e-01
N 017 052 054 9.413e-01
N 018 054 065 2.577e-01
N 019 072 009 6.712e-01
E 000 001 6.803e+01
E 000 006 5.009e+01
E 000 009 1.581e+01
E 000 011 2.280e+01
E 000 015 2.062e+01
E 000 017 2.720e+01
E 001 002 5.673e+01
E 001 003 8.440e+01
E 001 009 7.257e+01
E 001 010 4.965e+01
E 001 012 7.666e+01
E 002 016 1.360e+01
E 002 003 3.178e+01
E 002 013 3.453e+01
E 002 019 4.780e+01
E 003 006 3.624e+01
E 003 008 4.415e+01
E 003 013 3.162e+00
E 003 017 2.200e+01
E 004 019 7.118e+01
E 004 011 2.886e+01
E 004 012 7.156e+01
E 004 013 3.996e+01
E 005 016 5.522e+01
E 005 013 3.712e+01
E 005 014 2.154e+01
E 006 008 6.841e+01
E 006 012 7.256e+01
E 006 013 3.920e+01
E 006 017 2.377e+01
E 007 008 8.062e+00
E 007 009 2.214e+01
E 007 019 1.628e+01
E 007 014 8.609e+01
E 007 016 5.057e+01
E 008 009 1.526e+01
E 008 016 5.523e+01
E 008 018 5.492e+01
E 009 010 7.159e+01
E 009 012 7.071e+00
E 010 016 2.159e+01
E 010 011 3.667e+01
E 010 019 7.280e+01
E 011 012 4.525e+01
E 011 013 2.789e+01
E 011 017 8.246e+00
E 011 018 1.942e+01
E 011 019 4.305e+01
E 012 013 3.932e+01
E 012 017 5.000e+01
E 012 019 1.118e+01
E 013 014 4.810e+01
E 013 016 4.230e+01
E 013 018 2.594e+01
E 014 018 3.354e+01
E 015 018 5.235e+01
E 015 019 1.265e+01
E 016 018 2.025e+01
E 016 019 6.140e+01
E 017 019 4.924e+01
