N 000 045 018 9.358e-01
N 001 002 049 7.379e-01
N 002 092 019 7.174e-01
N 003 077 001 8.981e-01
N 004 064 072 1.912e-01
N 005 036 092 3.421e-01
N 006 087 009 7.758e-01
N 007 004 038 8.893e-01
N 008 020 052 7.657e-01
N 009 055 094 8.425e-01
N 010 000 071 1.076e-01
N 011 015 065 4.106e-01
N 012 079 098 2.580e-01
N 013 033 046 8.840e-01
N 014 049 049 6.951e-01
N 015 018 021 8.177e-01
N 016 050 016 5.432e-01
N 017 077 042 2.924e-01
N 018 014 046 5.720e-01
N 019 064 045 8.865e-01
E 000 001 5.301e+01
E 000 005 7.455e+01
E 000 009 7.666e+01
E 000 012 8.693e+01
E 000 014 3.126e+01
E 000 016 5.385e+00
E 000 018 4.177e+01
E 001 002 9.487e+01
E 001 006 9.394e+01
E 001 008 1.825e+01
E 001 011 2.062e+01
E 001 015 3.225e+01
E 001 016 5.825e+01
E 001 019 6.213e+01
E 002 010 1.057e+02
E 002 019 3.821e+01
E 002 007 9.003e+01
E 003 004 7.218e+01
E 003 007 8.184e+01
E 003 008 7.649e+01
E 003 009 9.557e+01
E 003 010 1.041e+02
E 003 011 8.911e+01
E 004 015 6.868e+01
E 004 017 3.270e+01
E 004 019 2.700e+01
E 004 007 6.896e+01
E 005 011 3.421e+01
E 005 012 4.342e+01
E 005 015 7.325e+01
E 006 019 4.272e+01
E 006 017 3.448e+01
E 007 012 9.605e+01
E 007 014 4.632e+01
E 007 015 2.202e+01
E 007 017 7.311e+01
E 007 018 1.281e+01
E 008 012 7.481e+01
E 008 017 5.787e+01
E 009 010 5.962e+01
E 009 011 4.941e+01
E 009 012 2.433e+01
E 009 013 5.280e+01
E 009 017 5.646e+01
E 010 012 8.349e+01
E 010 015 5.314e+01
E 010 017 8.228e+01
E 010 018 2.865e+01
E 011 014 3.758e+01
E 011 015 4.410e+01
E 011 016 6.022e+01
E 012 014 5.745e+01
E 013 016 3.448e+01
E 013 017 4.418e+01
E 014 018 3.513e+01
E 015 019 5.188e+01
E 016 017 3.748e+01
E 017 018 6.313e+01
E 017 019 1.334e+01
E 018 019 5.001e+01
