N 000 058 014 2.778e-01
N 001 064 082 4.044e-01
N 002 071 078 3.280e-01
N 003 061 018 6.765e-01
N 004 031 074 8.477e-01
N 005 087 086 8.825e-01
N 006 086 043 9.297e-01
N 007 068 094 3.144e-01
N 008 036 096 3.917e-01
N 009 092 033 2.528e-01
N 010 056 016 1.986e-01
N 011 004 003 5.488e-01
N 012 091 046 3.414e-01
N 013 059 050 4.769e-01
N 014 076 057 8.319e-01
N 015 078 040 9.003e-01
N 016 039 023 9.785e-02
N 017 073 091 6.209e-01
N 018 005 069 6.384e-01
N 019 035 027 5.872e-01
E 000 002 6.531e+01
E 000 007 8.062e+01
E 000 011 5.511e+01
E 000 016 2.102e+01
E 000 018 7.638e+01
E 000 019 2.642e+01
E 001 006 4.478e+01
E 001 008 3.130e+01
E 001 009 5.644e+01
E 001 011 9.920e+01
E 001 014 2.773e+01
E 001 017 1.273e+01
E 001 019 6.218e+01
E 002 008 3.936e+01
E 002 014 2.159e+01
E 002 006 3.808e+01
E 002 015 3.864e+01
E 003 016 2.256e+01
E 003 009 3.444e+01
E 003 011 5.894e+01
E 004 017 4.531e+01
E 004 018 2.648e+01
E 004 011 7.596e+01
E 005 019 7.864e+01
E 005 017 1.487e+01
E 005 011 1.174e+02
E 005 014 3.102e+01
E 005 015 4.687e+01
E 006 010 4.036e+01
E 006 011 9.124e+01
E 006 012 5.831e+00
E 006 014 1.720e+01
E 006 018 8.507e+01
E 006 019 5.345e+01
E 007 009 6.555e+01
E 007 019 7.469e+01
E 007 012 5.323e+01
E 007 017 5.831e+00
E 008 019 6.901e+01
E 008 015 7.000e+01
E 009 016 5.394e+01
E 009 019 5.731e+01
E 010 016 1.838e+01
E 010 017 7.690e+01
E 010 011 5.360e+01
E 010 014 4.562e+01
E 011 018 6.601e+01
E 012 017 4.847e+01
E 012 018 8.902e+01
E 012 015 1.432e+01
E 013 017 4.332e+01
E 013 018 5.725e+01
E 013 014 1.838e+01
E 014 018 7.201e+01
E 015 016 4.254e+01
E 015 017 5.124e+01
E 016 017 7.603e+01
E 016 018 5.720e+01
E 016 019 5.657e+00
E 017 019 7.443e+01
