N 000 083 011 6.830e-01
N 001 024 008 5.875e-01
N 002 078 001 1.420e-01
N 003 080 088 3.764e-01
N 004 088 073 8.947e-01
N 005 019 065 4.124e-02
N 006 094 009 5.413e-01
N 007 095 091 5.118e-01
N 008 080 006 1.424e-01
N 009 042 015 2.714e-01
N 010 035 037 8.060e-01
N 011 010 095 4.639e-01
N 012 086 047 8.226e-01
N 013 054 016 3.349e-01
N 014 096 014 3.305e-01
N 015 019 067 7.861e-01
N 016 030 071 1.430e-01
N 017 096 025 7.438e-01
N 018 097 092 1.712e-01
N 019 063 015 9.243e-01
E 000 008 5.831e+00
E 000 009 4.119e+01
E 000 002 1.118e+01
E 000 014 1.334e+01
E 000 016 8.006e+01
E 001 009 1.931e+01
E 001 003 9.765e+01
E 001 005 5.722e+01
E 002 005 8.705e+01
E 002 007 9.159e+01
E 002 010 5.608e+01
E 002 011 1.160e+02
E 002 013 2.830e+01
E 002 016 8.488e+01
E 002 018 9.296e+01
E 003 004 1.700e+01
E 003 005 6.519e+01
E 003 007 1.530e+01
E 003 011 7.035e+01
E 003 013 7.655e+01
E 003 018 1.746e+01
E 003 019 7.495e+01
E 004 008 6.748e+01
E 004 009 7.403e+01
E 004 005 6.946e+01
E 005 006 9.360e+01
E 005 008 8.486e+01
E 005 009 5.504e+01
E 005 011 3.132e+01
E 005 015 2.000e+00
E 005 016 1.253e+01
E 005 017 8.677e+01
E 006 016 8.911e+01
E 006 018 8.305e+01
E 006 019 3.158e+01
E 006 015 9.481e+01
E 007 008 8.631e+01
E 007 011 8.509e+01
E 007 017 6.601e+01
E 008 013 2.786e+01
E 008 016 8.201e+01
E 009 010 2.309e+01
E 009 011 8.616e+01
E 009 015 5.686e+01
E 009 017 5.492e+01
E 010 012 5.197e+01
E 010 015 3.400e+01
E 010 016 3.437e+01
E 010 019 3.561e+01
E 011 012 8.989e+01
E 011 013 9.043e+01
E 011 014 1.181e+02
E 011 017 1.109e+02
E 011 018 8.705e+01
E 013 015 6.185e+01
E 013 018 8.732e+01
E 014 016 8.721e+01
E 016 017 8.045e+01
E 017 018 6.701e+01
E 017 019 3.448e+01
