N 000 034 002 5.217e-01
N 001 004 033 4.323e-01
N 002 003 077 5.731e-01
N 003 078 000 5.981e-01
N 004 088 085 6.564e-01
N 005 027 042 1.173e-01
N 006 086 041 6.000e-01
N 007 041 008 6.311e-01
N 008 075 021 2.551e-01
N 009 002 026 6.161e-01
N 010 057 024 1.510e-01
N 011 051 012 3.588e-01
N 012 012 067 5.691e-01
N 013 057 029 8.941e-01
N 014 039 088 9.746e-01
N 015 025 086 2.104e-01
N 016 019 037 4.261e-01
N 017 096 096 3.097e-01
N 018 018 099 9.326e-03
N 019 077 046 9.187e-01
E 000 017 1.126e+02
E 000 002 8.115e+01
E 000 018 9.831e+01
E 000 010 3.183e+01
E 000 013 3.547e+01
E 001 016 1.552e+01
E 001 012 3.493e+01
E 001 004 9.879e+01
E 002 016 4.308e+01
E 002 018 2.663e+01
E 002 006 9.047e+01
E 003 009 8.032e+01
E 003 012 9.405e+01
E 003 013 3.581e+01
E 003 006 4.177e+01
E 003 015 1.010e+02
E 004 007 9.021e+01
E 004 011 8.184e+01
E 004 012 7.810e+01
E 004 013 6.401e+01
E 004 018 7.139e+01
E 005 012 2.915e+01
E 006 007 5.580e+01
E 006 012 7.843e+01
E 006 014 6.647e+01
E 006 015 7.580e+01
E 006 016 6.712e+01
E 007 008 3.640e+01
E 007 009 4.295e+01
E 007 014 8.002e+01
E 007 016 3.640e+01
E 007 018 9.386e+01
E 007 019 5.235e+01
E 008 017 7.788e+01
E 008 018 9.661e+01
E 008 014 7.606e+01
E 009 011 5.096e+01
E 009 014 7.220e+01
E 009 015 6.426e+01
E 009 016 2.025e+01
E 009 018 7.473e+01
E 010 012 6.224e+01
E 010 013 5.000e+00
E 010 014 6.648e+01
E 010 018 8.453e+01
E 010 019 2.973e+01
E 011 012 6.742e+01
E 011 017 9.529e+01
E 011 018 9.305e+01
E 011 019 4.280e+01
E 012 015 2.302e+01
E 012 018 3.256e+01
E 013 014 6.168e+01
E 013 016 3.883e+01
E 013 018 8.013e+01
E 014 017 5.756e+01
E 015 017 7.170e+01
E 016 017 9.701e+01
E 017 018 7.806e+01
E 018 019 7.931e+01
