N 000 073 077 6.598e-01
N 001 005 006 1.336e-01
N 002 041 060 7.370e-01
N 003 068 017 4.593e-01
N 004 029 004 4.673e-01
N 005 033 070 5.988e-01
N 006 001 048 6.090e-01
N 007 074 045 8.902e-01
N 008 083 088 4.678e-01
N 009 050 089 5.203e-01
N 010 049 069 8.465e-01
N 011 025 037 2.622e-01
N 012 067 055 7.720e-03
N 013 086 095 9.700e-01
N 014 046 073 2.342e-01
N 015 077 006 2.521e-01
N 016 011 071 9.510e-01
N 017 081 086 9.986e-01
N 018 066 067 6.540e-02
N 019 014 040 8.521e-01
E 000 003 6.021e+01
E 000 005 4.061e+01
E 000 006 7.762e+01
E 000 008 1.487e+01
E 000 011 6.248e+01
E 000 012 2.280e+01
E 000 015 7.111e+01
E 000 018 1.221e+01
E 001 002 6.490e+01
E 001 004 2.408e+01
E 001 006 4.219e+01
E 001 008 1.132e+02
E 001 009 9.441e+01
E 001 010 7.684e+01
E 001 011 3.689e+01
E 001 015 7.200e+01
E 002 017 4.771e+01
E 002 012 2.648e+01
E 002 013 5.701e+01
E 002 009 3.036e+01
E 003 009 7.422e+01
E 003 011 4.742e+01
E 003 005 6.351e+01
E 003 014 6.017e+01
E 004 011 3.324e+01
E 004 013 1.074e+02
E 004 006 5.215e+01
E 005 008 5.314e+01
E 005 016 2.202e+01
E 005 015 7.767e+01
E 006 007 7.306e+01
E 006 010 5.239e+01
E 006 012 6.637e+01
E 006 018 6.772e+01
E 007 016 6.815e+01
E 007 017 4.159e+01
E 007 013 5.142e+01
E 008 015 8.222e+01
E 008 016 7.398e+01
E 008 018 2.702e+01
E 009 011 5.770e+01
E 009 012 3.801e+01
E 010 011 4.000e+01
E 010 012 2.280e+01
E 010 013 4.522e+01
E 010 017 3.624e+01
E 010 018 1.712e+01
E 011 013 8.417e+01
E 011 015 6.054e+01
E 011 016 3.677e+01
E 012 015 5.001e+01
E 012 018 1.204e+01
E 012 019 5.508e+01
E 013 014 4.565e+01
E 013 016 7.875e+01
E 014 017 3.734e+01
E 015 019 7.159e+01
E 016 017 7.159e+01
E 016 019 3.114e+01
E 017 018 2.421e+01
