N 000 098 034 2.679e-02
N 001 049 048 9.785e-01
N 002 081 069 6.700e-01
N 003 042 046 3.994e-01
N 004 024 019 3.458e-02
N 005 098 068 6.568e-03
N 006 079 070 3.568e-02
N 007 040 061 3.254e-01
N 008 001 074 7.819e-01
N 009 093 098 8.151e-01
N 010 084 069 7.310e-01
N 011 099 031 1.267e-01
N 012 043 018 7.772e-01
N 013 082 004 9.265e-01
N 014 061 078 6.940e-01
N 015 057 093 4.887e-01
N 016 051 084 7.877e-01
N 017 055 096 9.972e-01
N 018 073 088 2.851e-01
N 019 092 008 1.399e-02
E 000 003 5.727e+01
E 000 004 7.550e+01
E 000 006 4.071e+01
E 000 007 6.398e+01
E 000 009 6.420e+01
E 000 011 3.162e+00
E 000 012 5.728e+01
E 000 013 3.400e+01
E 000 014 5.749e+01
E 000 015 7.185e+01
E 001 019 5.873e+01
E 001 003 7.280e+00
E 001 012 3.059e+01
E 001 013 5.500e+01
E 002 008 8.016e+01
E 002 016 3.354e+01
E 002 019 6.198e+01
E 002 004 7.582e+01
E 002 013 6.501e+01
E 003 004 3.245e+01
E 003 006 4.410e+01
E 003 007 1.513e+01
E 003 011 5.894e+01
E 003 015 4.934e+01
E 003 017 5.166e+01
E 004 005 8.875e+01
E 004 007 4.494e+01
E 004 008 5.962e+01
E 004 012 1.903e+01
E 004 014 6.964e+01
E 005 009 3.041e+01
E 005 014 3.833e+01
E 005 012 7.433e+01
E 005 017 5.131e+01
E 006 007 4.002e+01
E 006 008 7.810e+01
E 006 012 6.325e+01
E 006 015 3.183e+01
E 006 019 6.335e+01
E 007 011 6.619e+01
E 007 013 7.080e+01
E 007 017 3.808e+01
E 007 019 7.425e+01
E 008 010 8.315e+01
E 008 011 1.070e+02
E 008 012 7.000e+01
E 008 014 6.013e+01
E 008 015 5.914e+01
E 009 011 6.727e+01
E 009 013 9.464e+01
E 010 017 3.962e+01
E 010 018 2.195e+01
E 012 014 6.264e+01
E 013 015 9.244e+01
E 013 017 9.588e+01
E 013 019 1.077e+01
E 014 015 1.552e+01
E 014 016 1.166e+01
E 014 017 1.897e+01
E 015 016 1.082e+01
