N 000 061 050 4.459e-01
N 001 058 026 6.915e-02
N 002 026 015 5.178e-01
N 003 047 075 2.716e-01
N 004 066 008 4.091e-01
N 005 044 083 9.131e-01
N 006 094 031 4.499e-01
N 007 010 051 8.505e-01
N 008 045 071 8.778e-01
N 009 029 036 7.255e-01
N 010 045 060 7.866e-01
N 011 011 009 4.070e-01
N 012 068 049 9.610e-01
N 013 009 003 2.471e-01
N 014 054 067 4.746e-02
N 015 099 089 2.342e-01
N 016 044 088 6.951e-01
N 017 087 022 5.135e-01
N 018 095 010 7.350e-01
N 019 046 013 5.561e-01
E 000 008 2.640e+01
E 000 019 3.992e+01
E 000 003 2.865e+01
E 000 012 7.071e+00
E 000 007 5.101e+01
E 001 002 3.384e+01
E 001 004 1.970e+01
E 001 005 5.869e+01
E 001 006 3.635e+01
E 001 012 2.508e+01
E 001 013 5.413e+01
E 001 016 6.356e+01
E 001 019 1.769e+01
E 002 008 5.914e+01
E 002 003 6.357e+01
E 002 006 6.986e+01
E 002 009 2.121e+01
E 003 004 6.964e+01
E 003 005 8.544e+00
E 003 006 6.438e+01
E 003 008 4.472e+00
E 003 011 7.518e+01
E 003 014 1.063e+01
E 003 019 6.201e+01
E 004 011 5.501e+01
E 004 005 7.816e+01
E 005 012 4.162e+01
E 005 015 5.533e+01
E 005 019 7.003e+01
E 006 007 8.635e+01
E 006 009 6.519e+01
E 006 016 7.582e+01
E 006 018 2.102e+01
E 007 009 2.421e+01
E 007 014 4.682e+01
E 008 010 1.100e+01
E 008 012 3.183e+01
E 008 017 6.454e+01
E 008 018 7.887e+01
E 009 011 3.245e+01
E 009 012 4.111e+01
E 009 014 3.982e+01
E 009 015 8.780e+01
E 009 018 7.094e+01
E 009 019 2.860e+01
E 010 017 5.664e+01
E 010 013 6.742e+01
E 011 012 6.963e+01
E 011 014 7.220e+01
E 011 015 1.189e+02
E 011 018 8.401e+01
E 011 019 3.523e+01
E 012 016 4.579e+01
E 013 019 3.833e+01
E 014 015 5.009e+01
E 014 017 5.580e+01
E 014 018 7.021e+01
E 015 016 5.501e+01
E 015 019 9.266e+01
E 016 017 7.877e+01
