N 000 002 072 8.297e-01
N 001 043 052 7.018e-01
N 002 095 031 6.609e-01
N 003 045 074 7.707e-01
N 004 012 073 8.251e-01
N 005 004 092 7.624e-01
N 006 035 003 2.648e-01
N 007 018 086 1.346e-01
N 008 061 070 1.519e-01
N 009 022 015 6.775e-01
N 010 048 088 6.177e-01
N 011 084 038 4.377e-01
N 012 093 036 8.485e-01
N 013 079 099 5.406e-01
N 014 025 006 6.733e-01
N 015 083 050 3.140e-01
N 016 093 097 5.267e-01
N 017 073 081 3.327e-01
N 018 041 048 7.747e-01
N 019 012 079 8.810e-01
E 000 003 4.305e+01
E 000 004 1.005e+01
E 000 005 2.010e+01
E 000 006 7.649e+01
E 000 007 2.126e+01
E 000 016 9.437e+01
E 000 018 4.579e+01
E 001 008 2.546e+01
E 001 017 4.173e+01
E 001 003 2.209e+01
E 001 006 4.965e+01
E 001 015 4.005e+01
E 002 006 6.621e+01
E 002 007 9.463e+01
E 002 009 7.473e+01
E 002 014 7.433e+01
E 002 017 5.463e+01
E 002 018 5.661e+01
E 003 005 4.478e+01
E 003 006 7.170e+01
E 003 009 6.332e+01
E 003 010 1.432e+01
E 003 015 4.494e+01
E 003 016 5.323e+01
E 004 005 2.062e+01
E 004 008 4.909e+01
E 004 011 8.006e+01
E 004 012 8.905e+01
E 004 014 6.825e+01
E 004 015 7.463e+01
E 004 016 8.448e+01
E 005 009 7.908e+01
E 005 010 4.418e+01
E 005 019 1.526e+01
E 006 008 7.187e+01
E 006 010 8.599e+01
E 006 011 6.022e+01
E 006 013 1.056e+02
E 006 014 1.044e+01
E 007 009 7.111e+01
E 007 019 9.220e+00
E 007 016 7.580e+01
E 008 010 2.220e+01
E 008 013 3.413e+01
E 008 014 7.343e+01
E 009 015 7.033e+01
E 010 012 6.877e+01
E 010 013 3.289e+01
E 010 017 2.596e+01
E 010 019 3.711e+01
E 011 016 5.968e+01
E 012 018 5.337e+01
E 012 014 7.432e+01
E 013 018 6.360e+01
E 015 016 4.805e+01
E 015 018 4.205e+01
E 015 019 7.669e+01
E 016 018 7.145e+01
E 016 019 8.298e+01
E 017 018 4.597e+01
