N 000 012 026 7.957e-01
N 001 044 089 6.632e-01
N 002 083 088 7.675e-01
N 003 030 074 9.991e-01
N 004 082 076 8.564e-01
N 005 010 097 6.637e-01
N 006 016 002 3.704e-01
N 007 097 035 2.766e-01
N 008 084 049 4.921e-01
N 009 062 042 6.552e-02
N 010 023 096 1.717e-01
N 011 075 067 4.940e-01
N 012 068 001 5.571e-01
N 013 085 082 3.085e-01
N 014 071 052 8.827e-01
N 015 051 098 2.319e-01
N 016 014 017 3.053e-01
N 017 027 016 4.879e-01
N 018 020 026 8.959e-01
N 019 004 091 1.935e-01
E 000 016 9.220e+00
E 000 017 1.803e+01
E 000 005 7.103e+01
E 001 016 7.800e+01
E 001 019 4.005e+01
E 001 003 2.052e+01
E 001 013 4.159e+01
E 001 006 9.139e+01
E 002 007 5.482e+01
E 002 008 3.901e+01
E 002 011 2.247e+01
E 002 013 6.325e+00
E 002 014 3.795e+01
E 002 017 9.121e+01
E 002 018 8.839e+01
E 002 019 7.906e+01
E 003 010 2.309e+01
E 003 017 5.808e+01
E 004 010 6.230e+01
E 004 011 1.140e+01
E 004 012 7.630e+01
E 004 013 6.708e+00
E 004 014 2.640e+01
E 004 016 9.003e+01
E 005 008 8.820e+01
E 005 012 1.122e+02
E 005 016 8.010e+01
E 005 015 4.101e+01
E 006 008 8.266e+01
E 006 009 6.096e+01
E 006 010 9.426e+01
E 006 012 5.201e+01
E 006 013 1.056e+02
E 006 014 7.433e+01
E 006 017 1.780e+01
E 007 016 8.493e+01
E 007 013 4.851e+01
E 007 014 3.106e+01
E 008 009 2.309e+01
E 008 010 7.701e+01
E 008 012 5.060e+01
E 008 019 9.035e+01
E 009 016 5.412e+01
E 009 013 4.614e+01
E 009 015 5.707e+01
E 010 012 1.051e+02
E 010 016 7.951e+01
E 010 019 1.965e+01
E 011 016 7.887e+01
E 012 014 5.109e+01
E 012 017 4.366e+01
E 012 019 1.104e+02
E 013 019 8.150e+01
E 014 016 6.689e+01
E 014 017 5.685e+01
E 015 018 7.839e+01
E 015 017 8.544e+01
E 016 018 1.082e+01
E 017 018 1.221e+01
E 017 019 7.845e+01
