N 000 062 018 6.038e-01
N 001 004 015 2.323e-01
N 002 063 033 9.874e-01
N 003 048 032 1.812e-02
N 004 046 047 8.412e-01
N 005 050 002 4.670e-01
N 006 054 063 8.231e-01
N 007 037 029 5.601e-01
N 008 064 095 8.365e-01
N 009 025 073 6.766e-01
N 010 032 027 1.540e-01
N 011 095 024 5.066e-01
N 012 018 087 2.302e-01
N 013 023 079 8.993e-01
N 014 048 013 3.928e-01
N 015 094 087 7.234e-01
N 016 083 016 5.392e-01
N 017 036 067 4.254e-01
N 018 028 096 6.974e-01
N 019 042 086 7.265e-01
E 000 001 5.808e+01
E 000 003 1.980e+01
E 000 004 3.312e+01
E 000 008 7.703e+01
E 000 012 8.184e+01
E 000 013 7.240e+01
E 000 016 2.110e+01
E 000 017 5.547e+01
E 001 002 6.168e+01
E 001 003 4.717e+01
E 001 013 6.676e+01
E 001 006 6.931e+01
E 002 005 3.362e+01
E 002 006 3.132e+01
E 002 009 5.517e+01
E 002 010 3.158e+01
E 002 011 3.324e+01
E 002 012 7.029e+01
E 002 014 2.500e+01
E 002 019 5.701e+01
E 003 004 1.513e+01
E 003 008 6.500e+01
E 003 011 4.768e+01
E 003 013 5.324e+01
E 003 015 7.170e+01
E 003 016 3.848e+01
E 004 006 1.789e+01
E 004 010 2.441e+01
E 004 012 4.883e+01
E 004 014 3.406e+01
E 004 018 5.220e+01
E 004 019 3.920e+01
E 005 008 9.405e+01
E 005 006 6.113e+01
E 005 015 9.571e+01
E 006 008 3.353e+01
E 006 013 3.489e+01
E 006 018 4.201e+01
E 007 008 7.131e+01
E 007 009 4.561e+01
E 007 014 1.942e+01
E 008 016 8.125e+01
E 008 018 3.601e+01
E 009 019 2.140e+01
E 009 013 6.325e+00
E 009 014 6.426e+01
E 010 011 6.307e+01
E 010 013 5.277e+01
E 010 018 6.912e+01
E 010 019 5.984e+01
E 011 012 9.949e+01
E 011 017 7.301e+01
E 011 018 9.835e+01
E 011 019 8.157e+01
E 012 017 2.691e+01
E 012 018 1.345e+01
E 013 017 1.769e+01
E 014 015 8.713e+01
E 015 019 5.201e+01
E 017 018 3.008e+01
