N 000 020 076 5.235e-01
N 001 034 067 3.120e-01
N 002 040 017 9.588e-01
N 003 096 032 3.893e-01
N 004 091 056 9.977e-01
N 005 014 027 8.566e-01
N 006 011 007 3.666e-02
N 007 021 013 2.505e-01
N 008 014 059 9.170e-01
N 009 036 074 2.501e-01
N 010 083 092 3.519e-01
N 011 066 029 2.176e-01
N 012 048 070 5.091e-01
N 013 017 092 6.071e-01
N 014 085 046 2.385e-01
N 015 062 038 6.292e-01
N 016 047 062 4.023e-01
N 017 094 072 1.538e-02
N 018 061 032 8.756e-01
N 019 003 026 3.437e-01
E 000 002 6.230e+01
E 000 005 4.937e+01
E 000 009 1.612e+01
E 000 010 6.500e+01
E 000 012 2.864e+01
E 000 014 7.159e+01
E 000 015 5.664e+01
E 000 019 5.281e+01
E 001 002 5.036e+01
E 001 006 6.426e+01
E 001 007 5.554e+01
E 001 011 4.968e+01
E 001 016 1.393e+01
E 001 017 6.021e+01
E 001 018 4.420e+01
E 002 003 5.797e+01
E 002 004 6.420e+01
E 002 017 7.708e+01
E 003 008 8.633e+01
E 003 009 7.324e+01
E 003 011 3.015e+01
E 003 012 6.122e+01
E 003 013 9.920e+01
E 003 015 3.453e+01
E 003 017 4.005e+01
E 003 018 3.500e+01
E 004 008 7.706e+01
E 004 009 5.787e+01
E 004 011 3.680e+01
E 004 010 3.688e+01
E 005 013 6.507e+01
E 006 018 5.590e+01
E 006 019 2.062e+01
E 006 013 8.521e+01
E 006 015 5.968e+01
E 007 011 4.776e+01
E 007 012 6.307e+01
E 007 013 7.910e+01
E 007 014 7.201e+01
E 007 017 9.386e+01
E 008 019 3.479e+01
E 008 010 7.649e+01
E 009 010 5.033e+01
E 009 011 5.408e+01
E 009 012 1.265e+01
E 009 013 2.617e+01
E 009 016 1.628e+01
E 011 012 4.478e+01
E 011 013 7.981e+01
E 011 014 2.550e+01
E 011 015 9.849e+00
E 011 016 3.808e+01
E 011 018 5.831e+00
E 011 019 6.307e+01
E 012 015 3.493e+01
E 012 017 4.604e+01
E 013 015 7.029e+01
E 013 016 4.243e+01
E 014 017 2.751e+01
E 015 019 6.021e+01
