N 000 008 095 1.974e-01
N 001 030 020 5.408e-01
N 002 015 051 9.909e-01
N 003 077 026 8.632e-02
N 004 026 060 9.189e-02
N 005 044 066 7.620e-01
N 006 097 007 1.674e-01
N 007 065 060 2.132e-01
N 008 031 052 2.907e-01
N 009 018 005 5.245e-01
N 010 068 050 1.842e-01
N 011 008 036 5.705e-01
N 012 034 062 7.934e-01
N 013 072 090 4.262e-01
N 014 028 075 1.329e-01
N 015 031 030 8.617e-01
N 016 079 019 2.232e-01
N 017 040 069 4.768e-01
N 018 029 064 1.812e-01
N 019 025 084 4.381e-01
E 000 016 1.040e+02
E 000 017 4.123e+01
E 000 018 3.744e+01
E 000 003 9.758e+01
E 000 012 4.201e+01
E 001 007 5.315e+01
E 001 008 3.202e+01
E 001 013 8.163e+01
E 001 014 5.504e+01
E 001 015 1.005e+01
E 001 019 6.420e+01
E 002 008 1.603e+01
E 002 010 5.301e+01
E 002 012 2.195e+01
E 002 014 2.729e+01
E 002 007 5.080e+01
E 003 009 6.263e+01
E 003 010 2.563e+01
E 003 012 5.608e+01
E 003 013 6.420e+01
E 003 019 7.790e+01
E 004 008 9.434e+00
E 004 009 5.558e+01
E 004 014 1.513e+01
E 004 015 3.041e+01
E 005 006 7.931e+01
E 005 008 1.910e+01
E 005 012 1.077e+01
E 005 015 3.828e+01
E 005 017 5.000e+00
E 005 019 2.617e+01
E 006 016 2.163e+01
E 006 010 5.187e+01
E 006 018 8.873e+01
E 006 014 9.688e+01
E 007 008 3.493e+01
E 007 009 7.235e+01
E 007 012 3.106e+01
E 007 014 3.992e+01
E 007 016 4.332e+01
E 007 017 2.657e+01
E 007 019 4.665e+01
E 008 011 2.802e+01
E 009 013 1.007e+02
E 009 014 7.071e+01
E 009 019 7.931e+01
E 010 014 4.717e+01
E 010 016 3.289e+01
E 010 017 3.384e+01
E 011 017 4.597e+01
E 011 013 8.374e+01
E 012 015 3.214e+01
E 012 017 9.220e+00
E 013 015 7.267e+01
E 013 018 5.025e+01
E 014 015 4.510e+01
E 015 016 4.924e+01
E 015 017 4.002e+01
E 016 017 6.341e+01
E 017 019 2.121e+01
