N 000 056 068 8.286e-01
N 001 077 006 3.149e-01
N 002 076 078 8.756e-01
N 003 075 085 6.040e-01
N 004 026 051 1.186e-01
N 005 032 009 9.028e-01
N 006 069 065 2.146e-01
N 007 000 081 1.639e-01
N 008 026 090 8.627e-01
N 009 012 017 3.348e-01
N 010 073 005 1.454e-01
N 011 071 010 5.676e-02
N 012 038 000 8.669e-01
N 013 058 075 7.430e-01
N 014 092 003 7.412e-01
N 015 022 000 6.612e-01
N 016 005 006 7.452e-01
N 017 052 095 7.299e-01
N 018 044 087 8.193e-01
N 019 044 014 4.667e-01
E 000 008 3.720e+01
E 000 017 2.729e+01
E 000 011 5.991e+01
E 000 005 6.369e+01
E 000 007 5.749e+01
E 001 004 6.801e+01
E 001 011 7.211e+00
E 001 013 7.157e+01
E 001 015 5.533e+01
E 001 016 7.200e+01
E 001 017 9.244e+01
E 001 018 8.746e+01
E 001 019 3.396e+01
E 002 004 5.682e+01
E 002 007 7.606e+01
E 002 010 7.306e+01
E 002 013 1.825e+01
E 002 014 7.669e+01
E 002 015 9.487e+01
E 002 019 7.155e+01
E 003 007 7.511e+01
E 003 011 7.511e+01
E 003 012 9.270e+01
E 003 015 1.002e+02
E 003 017 2.508e+01
E 003 019 7.747e+01
E 004 005 4.243e+01
E 004 007 3.970e+01
E 004 008 3.900e+01
E 004 012 5.239e+01
E 005 019 1.300e+01
E 005 014 6.030e+01
E 006 019 5.680e+01
E 006 009 7.452e+01
E 006 010 6.013e+01
E 006 011 5.504e+01
E 006 007 7.083e+01
E 007 010 1.054e+02
E 007 012 8.947e+01
E 007 013 5.831e+01
E 007 014 1.206e+02
E 007 015 8.393e+01
E 007 017 5.385e+01
E 009 017 8.766e+01
E 009 010 6.217e+01
E 009 011 5.941e+01
E 009 012 3.106e+01
E 010 016 6.801e+01
E 010 019 3.036e+01
E 011 014 2.214e+01
E 012 013 7.762e+01
E 012 014 5.408e+01
E 012 017 9.603e+01
E 012 019 1.523e+01
E 014 016 8.705e+01
E 014 017 1.003e+02
E 015 018 8.974e+01
E 016 018 8.990e+01
E 017 018 1.131e+01
E 017 019 8.139e+01
