N 000 082 060 6.953e-01
N 001 003 055 4.398e-01
N 002 061 066 7.873e-01
N 003 073 042 7.332e-01
N 004 046 084 1.677e-02
N 005 023 061 9.177e-01
N 006 043 057 1.089e-01
N 007 020 062 3.713e-01
N 008 051 080 7.893e-01
N 009 028 084 5.633e-01
N 010 063 033 4.798e-01
N 011 025 011 2.416e-01
N 012 048 011 3.651e-01
N 013 091 045 3.497e-03
N 014 034 090 1.228e-01
N 015 066 085 9.437e-01
N 016 069 047 1.243e-02
N 017 001 076 4.688e-01
N 018 095 020 5.762e-01
N 019 060 068 9.589e-01
E 000 003 2.012e+01
E 000 006 3.912e+01
E 000 008 3.689e+01
E 000 009 5.909e+01
E 000 015 2.968e+01
E 000 019 2.341e+01
E 001 008 5.412e+01
E 001 019 5.846e+01
E 001 003 7.120e+01
E 002 017 6.083e+01
E 002 010 3.306e+01
E 002 011 6.573e+01
E 002 005 3.833e+01
E 003 005 5.349e+01
E 003 013 1.825e+01
E 004 006 2.717e+01
E 004 007 3.406e+01
E 004 008 6.403e+00
E 004 009 1.800e+01
E 004 011 7.596e+01
E 004 014 1.342e+01
E 004 015 2.002e+01
E 004 017 4.571e+01
E 004 019 2.126e+01
E 005 012 5.590e+01
E 005 013 6.986e+01
E 005 006 2.040e+01
E 006 008 2.435e+01
E 006 011 4.940e+01
E 006 013 4.948e+01
E 006 014 3.421e+01
E 006 016 2.786e+01
E 007 009 2.341e+01
E 007 013 7.301e+01
E 007 014 3.130e+01
E 007 015 5.143e+01
E 007 018 8.596e+01
E 007 019 4.045e+01
E 008 009 2.335e+01
E 008 012 6.907e+01
E 008 016 3.759e+01
E 009 010 6.185e+01
E 009 011 7.306e+01
E 009 013 7.409e+01
E 009 014 8.485e+00
E 009 016 5.523e+01
E 010 011 4.391e+01
E 010 016 1.523e+01
E 010 017 7.545e+01
E 010 018 3.454e+01
E 011 012 2.300e+01
E 011 014 7.951e+01
E 011 017 6.929e+01
E 012 019 5.825e+01
E 012 015 7.616e+01
E 013 014 7.262e+01
E 013 016 2.209e+01
E 013 018 2.532e+01
E 014 018 9.285e+01
E 017 018 1.094e+02
