N 000 005 030 5.407e-01
N 001 062 014 7.795e-01
N 002 083 005 4.620e-01
N 003 094 040 4.636e-01
N 004 061 097 6.784e-01
N 005 007 042 7.477e-01
N 006 027 005 7.406e-02
N 007 069 057 1.844e-01
N 008 087 098 4.539e-01
N 009 074 011 3.137e-01
N 010 069 037 8.174e-02
N 011 019 099 2.721e-01
N 012 081 090 7.951e-01
N 013 010 032 3.163e-01
N 014 009 063 6.038e-01
N 015 097 025 9.884e-01
N 016 054 078 9.667e-01
N 017 013 053 1.647e-01
N 018 034 059 9.947e-01
N 019 068 023 6.462e-01
E 000 002 8.191e+01
E 000 003 8.956e+01
E 000 004 8.732e+01
E 000 005 1.217e+01
E 000 008 1.065e+02
E 000 013 5.385e+00
E 000 014 3.324e+01
E 000 016 6.859e+01
E 001 008 8.764e+01
E 001 010 2.404e+01
E 001 011 9.526e+01
E 001 014 7.218e+01
E 001 015 3.669e+01
E 002 017 8.488e+01
E 002 005 8.453e+01
E 002 014 9.402e+01
E 003 004 6.586e+01
E 003 008 5.842e+01
E 003 009 3.523e+01
E 003 010 2.518e+01
E 003 011 9.543e+01
E 003 018 6.294e+01
E 004 008 2.602e+01
E 004 012 2.119e+01
E 004 009 8.698e+01
E 005 007 6.379e+01
E 005 010 6.220e+01
E 005 013 1.044e+01
E 005 016 5.920e+01
E 006 008 1.107e+02
E 006 010 5.280e+01
E 006 011 9.434e+01
E 006 012 1.007e+02
E 006 013 3.191e+01
E 006 018 5.445e+01
E 007 009 4.627e+01
E 007 011 6.530e+01
E 007 012 3.511e+01
E 008 015 7.368e+01
E 009 012 7.931e+01
E 009 014 8.324e+01
E 009 018 6.248e+01
E 009 019 1.342e+01
E 010 011 7.965e+01
E 010 013 5.921e+01
E 010 016 4.366e+01
E 010 017 5.824e+01
E 010 019 1.404e+01
E 011 016 4.082e+01
E 011 017 4.639e+01
E 012 013 9.168e+01
E 012 015 6.694e+01
E 013 014 3.102e+01
E 013 017 2.121e+01
E 014 018 2.532e+01
E 014 019 7.128e+01
E 015 019 2.907e+01
E 015 016 6.825e+01
E 016 017 4.802e+01
E 018 019 4.952e+01
