N 000 090 093 8.402e-01
N 001 062 064 7.711e-01
N 002 007 054 9.812e-02
N 003 060 077 8.239e-01
N 004 045 042 9.989e-01
N 005 075 053 8.062e-02
N 006 031 035 1.671e-01
N 007 006 076 3.433e-01
N 008 076 097 9.883e-01
N 009 037 066 6.918e-01
N 010 025 037 4.921e-01
N 011 086 086 6.014e-01
N 012 059 074 5.576e-01
N 013 021 005 8.656e-01
N 014 034 060 5.766e-01
N 015 013 015 1.954e-01
N 016 033 098 2.494e-01
N 017 058 098 6.740e-01
N 018 089 099 2.580e-01
N 019 018 031 3.604e-01
E 000 002 9.171e+01
E 000 004 6.801e+01
E 000 005 4.272e+01
E 000 009 5.948e+01
E 000 012 3.636e+01
E 000 013 1.118e+02
E 001 019 5.500e+01
E 001 003 1.315e+01
E 001 012 1.044e+01
E 001 006 4.245e+01
E 001 007 5.727e+01
E 002 006 3.061e+01
E 002 008 8.130e+01
E 002 009 3.231e+01
E 002 010 2.476e+01
E 002 012 5.571e+01
E 002 016 5.111e+01
E 003 008 2.561e+01
E 003 019 6.229e+01
E 003 014 3.106e+01
E 003 017 2.110e+01
E 004 006 1.565e+01
E 004 007 5.174e+01
E 004 011 6.014e+01
E 004 012 3.493e+01
E 004 016 5.727e+01
E 005 006 4.754e+01
E 005 007 7.273e+01
E 005 010 5.250e+01
E 005 011 3.479e+01
E 005 014 4.159e+01
E 005 018 4.808e+01
E 006 007 4.802e+01
E 006 009 3.158e+01
E 006 012 4.801e+01
E 006 013 3.162e+01
E 007 008 7.308e+01
E 007 010 4.338e+01
E 007 011 8.062e+01
E 007 012 5.304e+01
E 007 013 7.257e+01
E 007 017 5.646e+01
E 008 009 4.982e+01
E 008 014 5.597e+01
E 008 018 1.315e+01
E 009 012 2.341e+01
E 010 015 2.506e+01
E 010 013 3.225e+01
E 011 012 2.955e+01
E 011 013 1.039e+02
E 011 014 5.814e+01
E 011 015 1.018e+02
E 011 016 5.434e+01
E 012 016 3.538e+01
E 012 019 5.941e+01
E 013 017 1.001e+02
E 013 018 1.160e+02
E 013 019 2.617e+01
E 015 018 1.133e+02
E 016 017 2.500e+01
