N 000 060 096 1.842e-01
N 001 052 003 2.967e-01
N 002 045 074 1.297e-01
N 003 045 025 9.173e-01
N 004 075 077 7.477e-01
N 005 076 012 7.037e-01
N 006 051 019 4.364e-02
N 007 060 091 8.066e-01
N 008 006 043 1.139e-01
N 009 033 075 9.376e-01
N 010 054 006 8.032e-01
N 011 078 072 2.982e-01
N 012 006 092 7.618e-01
N 013 041 040 7.356e-01
N 014 027 090 1.434e-01
N 015 059 088 2.613e-01
N 016 011 027 4.438e-01
N 017 001 044 8.525e-01
N 018 040 091 2.763e-01
N 019 047 072 1.833e-01
E 000 001 9.334e+01
E 000 003 7.257e+01
E 000 005 8.551e+01
E 000 011 3.000e+01
E 000 016 8.463e+01
E 000 019 2.729e+01
E 001 019 6.918e+01
E 001 010 3.606e+00
E 001 003 2.309e+01
E 001 005 2.563e+01
E 002 008 4.982e+01
E 002 009 1.204e+01
E 002 019 2.828e+00
E 002 014 2.408e+01
E 002 015 1.980e+01
E 003 010 2.102e+01
E 003 011 5.743e+01
E 003 012 7.752e+01
E 003 019 4.704e+01
E 004 007 2.052e+01
E 004 008 7.692e+01
E 004 013 5.025e+01
E 004 015 1.942e+01
E 004 017 8.102e+01
E 004 019 2.844e+01
E 005 010 2.280e+01
E 005 012 1.063e+02
E 005 009 7.628e+01
E 006 009 5.882e+01
E 006 011 5.948e+01
E 006 013 2.326e+01
E 006 007 7.256e+01
E 007 008 7.225e+01
E 007 013 5.442e+01
E 007 015 3.162e+00
E 008 013 3.513e+01
E 008 010 6.061e+01
E 009 012 3.191e+01
E 009 015 2.907e+01
E 009 018 1.746e+01
E 010 012 9.849e+01
E 010 013 3.640e+01
E 010 014 8.823e+01
E 010 016 4.785e+01
E 010 017 6.522e+01
E 010 019 6.637e+01
E 011 014 5.408e+01
E 011 015 2.484e+01
E 012 015 5.315e+01
E 013 015 5.126e+01
E 013 016 3.270e+01
E 013 017 4.020e+01
E 013 018 5.101e+01
E 014 015 3.206e+01
E 014 016 6.500e+01
E 014 019 2.691e+01
E 016 018 7.026e+01
E 017 019 5.385e+01
E 017 018 6.107e+01
E 018 019 2.025e+01
