N 000 036 020 8.465e-01
N 001 007 098 5.346e-01
N 002 005 005 3.582e-01
N 003 010 074 3.994e-01
N 004 035 095 8.378e-02
N 005 029 014 9.455e-01
N 006 019 029 7.538e-01
N 007 058 020 4.755e-01
N 008 091 085 6.956e-01
N 009 060 006 4.112e-01
N 010 013 096 5.156e-01
N 011 027 044 3.350e-01
N 012 044 047 6.841e-01
N 013 028 000 4.796e-01
N 014 067 066 8.900e-01
N 015 074 008 3.038e-01
N 016 072 082 5.122e-01
N 017 005 049 1.132e-02
N 018 083 055 4.646e-01
N 019 087 084 7.106e-01
E 000 003 5.993e+01
E 000 004 7.501e+01
E 000 008 8.515e+01
E 000 012 2.816e+01
E 000 013 2.154e+01
E 000 019 8.184e+01
E 001 005 8.683e+01
E 001 006 7.004e+01
E 001 011 5.758e+01
E 001 013 1.002e+02
E 001 014 6.800e+01
E 001 015 1.122e+02
E 001 018 8.732e+01
E 001 019 8.122e+01
E 002 008 1.175e+02
E 002 016 1.021e+02
E 003 005 6.294e+01
E 003 006 4.589e+01
E 003 010 2.220e+01
E 003 011 3.448e+01
E 003 012 4.342e+01
E 003 015 9.193e+01
E 003 016 6.251e+01
E 004 017 5.492e+01
E 004 015 9.534e+01
E 004 007 7.845e+01
E 005 011 3.007e+01
E 005 013 1.404e+01
E 005 018 6.780e+01
E 005 019 9.091e+01
E 006 018 6.908e+01
E 006 013 3.036e+01
E 006 007 4.002e+01
E 007 008 7.290e+01
E 007 014 4.687e+01
E 007 017 6.042e+01
E 007 018 4.301e+01
E 008 009 8.486e+01
E 008 010 7.877e+01
E 008 013 1.058e+02
E 008 014 3.061e+01
E 008 018 3.105e+01
E 008 019 4.123e+00
E 009 016 7.694e+01
E 009 010 1.015e+02
E 009 011 5.033e+01
E 009 017 6.981e+01
E 010 014 6.177e+01
E 010 019 7.497e+01
E 011 016 5.890e+01
E 011 018 5.707e+01
E 012 017 3.905e+01
E 012 014 2.983e+01
E 013 014 7.666e+01
E 013 015 4.669e+01
E 013 016 9.306e+01
E 013 018 7.778e+01
E 013 019 1.026e+02
E 014 016 1.676e+01
E 014 017 6.429e+01
