N 000 002 092 2.038e-01
N 001 088 059 1.540e-01
N 002 072 088 5.156e-01
N 003 022 045 6.379e-01
N 004 064 010 6.440e-01
N 005 028 000 9.505e-01
N 006 061 057 2.256e-01
N 007 067 066 3.813e-01
N 008 016 002 8.911e-01
N 009 072 062 7.980e-01
N 010 097 042 6.436e-01
N 011 041 081 7.324e-01
N 012 084 014 8.430e-01
N 013 017 009 3.666e-01
N 014 025 081 8.809e-01
N 015 097 063 1.462e-01
N 016 027 050 7.994e-01
N 017 021 089 2.607e-01
N 018 060 073 2.708e-01
N 019 097 096 2.490e-01
E 000 001 9.211e+01
E 000 012 1.132e+02
E 000 014 2.550e+01
E 000 006 6.860e+01
E 001 002 3.312e+01
E 001 007 2.214e+01
E 001 008 9.183e+01
E 001 017 7.341e+01
E 001 019 3.808e+01
E 002 010 5.235e+01
E 002 015 3.536e+01
E 002 016 5.890e+01
E 002 017 5.101e+01
E 002 019 2.625e+01
E 003 005 4.540e+01
E 003 006 4.080e+01
E 003 010 7.506e+01
E 003 014 3.612e+01
E 003 015 7.713e+01
E 003 017 4.401e+01
E 003 019 9.070e+01
E 004 006 4.710e+01
E 004 007 5.608e+01
E 004 008 4.866e+01
E 004 009 5.261e+01
E 004 011 7.463e+01
E 004 012 2.040e+01
E 004 015 6.243e+01
E 004 019 9.211e+01
E 005 008 1.217e+01
E 005 011 8.204e+01
E 005 015 9.343e+01
E 006 007 1.082e+01
E 006 011 3.124e+01
E 006 013 6.512e+01
E 006 014 4.327e+01
E 006 019 5.308e+01
E 007 010 3.842e+01
E 007 015 3.015e+01
E 007 016 4.308e+01
E 007 017 5.143e+01
E 008 009 8.207e+01
E 008 012 6.905e+01
E 008 014 7.951e+01
E 008 015 1.014e+02
E 009 010 3.202e+01
E 009 019 4.220e+01
E 009 013 7.638e+01
E 010 015 2.100e+01
E 010 016 7.046e+01
E 010 019 5.400e+01
E 012 014 8.927e+01
E 012 015 5.070e+01
E 013 016 4.220e+01
E 013 019 1.182e+02
E 014 015 7.422e+01
E 015 016 7.120e+01
E 015 018 3.833e+01
E 015 019 3.300e+01
E 017 018 4.215e+01
