N 000 089 009 1.453e-01
N 001 045 009 7.471e-01
N 002 043 016 7.322e-01
N 003 017 069 8.264e-01
N 004 081 026 5.256e-01
N 005 040 083 7.837e-02
N 006 011 095 9.216e-01
N 007 069 071 3.738e-01
N 008 076 036 8.571e-01
N 009 085 005 9.175e-01
N 010 011 098 3.477e-01
N 011 000 086 8.502e-01
N 012 008 069 6.019e-01
N 013 056 004 9.999e-01
N 014 018 073 7.208e-01
N 015 065 027 4.551e-01
N 016 047 058 3.628e-01
N 017 079 054 7.867e-01
N 018 010 091 1.393e-01
N 019 022 049 4.471e-01
E 000 008 2.997e+01
E 000 004 1.879e+01
E 000 013 3.338e+01
E 000 014 9.559e+01
E 001 002 7.280e+00
E 001 003 6.621e+01
E 001 004 3.981e+01
E 001 005 7.417e+01
E 001 007 6.648e+01
E 001 008 4.111e+01
E 001 009 4.020e+01
E 001 012 7.049e+01
E 001 013 1.208e+01
E 001 014 6.946e+01
E 001 015 2.691e+01
E 001 019 4.614e+01
E 002 005 6.707e+01
E 002 006 8.523e+01
E 002 008 3.859e+01
E 002 012 6.351e+01
E 002 016 4.219e+01
E 002 018 8.194e+01
E 003 004 7.710e+01
E 003 006 2.668e+01
E 003 008 6.760e+01
E 003 009 9.338e+01
E 003 013 7.580e+01
E 003 018 2.309e+01
E 004 011 1.008e+02
E 004 017 2.807e+01
E 004 018 9.626e+01
E 005 010 3.265e+01
E 005 011 4.011e+01
E 005 013 8.060e+01
E 005 015 6.133e+01
E 005 019 3.847e+01
E 006 012 2.617e+01
E 006 010 3.000e+00
E 006 013 1.015e+02
E 007 010 6.398e+01
E 007 012 6.103e+01
E 007 013 6.825e+01
E 007 014 5.104e+01
E 007 018 6.230e+01
E 007 019 5.189e+01
E 008 013 3.774e+01
E 008 018 8.591e+01
E 009 018 1.141e+02
E 009 012 1.001e+02
E 009 017 4.937e+01
E 010 015 8.920e+01
E 012 017 7.257e+01
E 012 019 2.441e+01
E 013 018 9.841e+01
E 013 019 5.640e+01
E 014 017 6.389e+01
E 014 018 1.970e+01
E 014 019 2.433e+01
E 016 017 3.225e+01
E 017 019 5.722e+01
