N 000 031 009 4.893e-01
N 001 056 086 3.461e-01
N 002 062 004 8.493e-01
N 003 015 053 1.390e-01
N 004 014 077 9.084e-01
N 005 065 076 5.975e-01
N 006 077 087 5.816e-01
N 007 038 048 7.768e-01
N 008 045 097 4.375e-01
N 009 022 074 7.154e-01
N 010 067 048 8.647e-01
N 011 044 061 9.118e-01
N 012 082 077 3.209e-01
N 013 044 051 9.165e-01
N 014 063 087 4.535e-01
N 015 057 076 9.727e-01
N 016 070 089 3.798e-01
N 017 061 070 9.035e-01
N 018 044 056 9.623e-01
N 019 022 030 9.863e-01
E 000 009 6.562e+01
E 000 010 5.308e+01
E 000 019 2.285e+01
E 000 013 4.397e+01
E 000 006 9.055e+01
E 001 002 8.222e+01
E 001 003 5.263e+01
E 001 004 4.295e+01
E 001 005 1.345e+01
E 001 006 2.102e+01
E 001 010 3.956e+01
E 001 016 1.432e+01
E 002 003 6.790e+01
E 002 005 7.206e+01
E 002 006 8.434e+01
E 002 007 5.012e+01
E 002 008 9.454e+01
E 002 011 5.977e+01
E 002 012 7.569e+01
E 002 014 8.301e+01
E 003 011 3.008e+01
E 003 014 5.882e+01
E 004 005 5.101e+01
E 004 007 3.764e+01
E 004 008 3.689e+01
E 004 009 8.544e+00
E 004 010 6.042e+01
E 004 015 4.301e+01
E 004 017 4.752e+01
E 004 019 4.768e+01
E 005 006 1.628e+01
E 005 009 4.305e+01
E 005 012 1.703e+01
E 005 014 1.118e+01
E 006 008 3.353e+01
E 006 009 5.652e+01
E 006 010 4.026e+01
E 006 012 1.118e+01
E 006 014 1.400e+01
E 006 016 7.280e+00
E 006 017 2.335e+01
E 006 018 4.528e+01
E 007 018 1.000e+01
E 008 012 4.206e+01
E 008 010 5.371e+01
E 009 010 5.197e+01
E 009 012 6.007e+01
E 009 019 4.400e+01
E 010 011 2.642e+01
E 010 013 2.319e+01
E 011 018 5.000e+00
E 011 017 1.924e+01
E 012 013 4.604e+01
E 012 014 2.147e+01
E 012 016 1.697e+01
E 013 014 4.071e+01
E 013 015 2.818e+01
E 013 017 2.550e+01
E 013 019 3.041e+01
E 014 017 1.712e+01
