N 000 000 099 7.553e-01
N 001 076 020 6.963e-01
N 002 060 074 9.743e-01
N 003 030 099 4.259e-01
N 004 080 014 4.007e-01
N 005 006 020 7.228e-01
N 006 022 077 9.791e-01
N 007 011 062 8.803e-01
N 008 035 059 5.299e-01
N 009 001 098 9.038e-01
N 010 047 000 1.537e-01
N 011 093 010 3.695e-02
N 012 061 084 8.434e-01
N 013 050 033 8.946e-01
N 014 000 021 9.243e-01
N 015 089 055 4.284e-01
N 016 094 067 2.689e-01
N 017 057 002 7.970e-02
N 018 034 056 1.655e-01
N 019 053 034 4.624e-01
E 000 002 6.500e+01
E 000 003 3.000e+01
E 000 005 7.923e+01
E 000 008 5.315e+01
E 000 010 1.096e+02
E 000 011 1.287e+02
E 000 012 6.282e+01
E 000 013 8.280e+01
E 000 019 8.387e+01
E 001 011 1.972e+01
E 001 009 1.082e+02
E 001 010 3.523e+01
E 001 003 9.142e+01
E 001 012 6.573e+01
E 002 003 3.905e+01
E 002 006 3.812e+01
E 002 007 5.045e+01
E 002 010 7.513e+01
E 002 013 4.220e+01
E 002 016 3.471e+01
E 002 019 4.061e+01
E 003 008 4.031e+01
E 003 009 2.902e+01
E 003 012 3.444e+01
E 003 013 6.896e+01
E 003 017 1.007e+02
E 003 018 4.319e+01
E 004 017 2.594e+01
E 004 015 4.198e+01
E 005 006 5.920e+01
E 005 009 7.816e+01
E 005 010 4.562e+01
E 005 011 8.757e+01
E 005 018 4.561e+01
E 006 013 5.215e+01
E 006 015 7.052e+01
E 006 016 7.269e+01
E 006 018 2.419e+01
E 007 008 2.419e+01
E 007 009 3.736e+01
E 007 011 9.710e+01
E 008 009 5.174e+01
E 009 011 1.273e+02
E 009 014 7.701e+01
E 009 019 8.246e+01
E 010 012 8.516e+01
E 010 013 3.314e+01
E 010 017 1.020e+01
E 010 018 5.749e+01
E 010 019 3.453e+01
E 011 016 5.701e+01
E 011 018 7.481e+01
E 011 019 4.665e+01
E 012 013 5.217e+01
E 013 014 5.142e+01
E 014 016 1.047e+02
E 015 018 5.501e+01
E 016 018 6.100e+01
E 016 019 5.263e+01
E 017 018 5.869e+01
