N 000 011 068 1.719e-01
N 001 000 055 4.833e-01
N 002 050 013 8.885e-01
N 003 041 085 3.818e-01
N 004 035 086 3.014e-01
N 005 002 012 4.709e-01
N 006 085 029 4.337e-01
N 007 056 082 6.320e-01
N 008 075 050 9.261e-01
N 009 028 089 9.091e-01
N 010 008 089 1.101e-01
N 011 058 073 8.653e-01
N 012 033 085 9.605e-01
N 013 044 022 6.608e-01
N 014 047 066 1.587e-01
N 015 037 089 9.344e-01
N 016 098 035 4.927e-02
N 017 032 024 9.151e-01
N 018 015 072 1.772e-01
N 019 096 029 2.446e-01
E 000 001 1.703e+01
E 000 008 6.648e+01
E 000 010 2.121e+01
E 000 011 4.727e+01
E 000 012 2.780e+01
E 000 015 3.342e+01
E 000 016 9.305e+01
E 000 019 9.352e+01
E 001 005 4.305e+01
E 001 006 8.889e+01
E 001 009 4.405e+01
E 001 012 4.460e+01
E 001 013 5.500e+01
E 001 014 4.827e+01
E 001 016 1.000e+02
E 001 018 2.267e+01
E 002 017 2.110e+01
E 002 010 8.683e+01
E 003 019 7.849e+01
E 003 010 3.324e+01
E 003 011 2.081e+01
E 003 015 5.657e+00
E 004 008 5.381e+01
E 004 009 7.616e+00
E 004 019 8.349e+01
E 004 012 2.236e+00
E 004 005 8.102e+01
E 005 008 8.230e+01
E 005 006 8.472e+01
E 005 009 8.127e+01
E 006 019 1.100e+01
E 006 012 7.642e+01
E 007 008 3.722e+01
E 007 017 6.277e+01
E 007 012 2.319e+01
E 007 013 6.119e+01
E 007 015 2.025e+01
E 008 009 6.107e+01
E 008 011 2.860e+01
E 008 016 2.746e+01
E 008 018 6.391e+01
E 009 012 6.403e+00
E 009 018 2.140e+01
E 009 019 9.069e+01
E 010 012 2.532e+01
E 010 013 7.606e+01
E 011 013 5.289e+01
E 011 015 2.640e+01
E 012 013 6.395e+01
E 012 016 8.201e+01
E 012 017 6.101e+01
E 012 018 2.220e+01
E 013 014 4.410e+01
E 013 016 5.554e+01
E 014 018 3.256e+01
E 014 019 6.140e+01
E 014 015 2.508e+01
E 015 018 2.780e+01
E 015 019 8.415e+01
E 017 018 5.092e+01
