N 000 087 021 3.386e-01
N 001 085 047 1.421e-01
N 002 013 061 8.000e-01
N 003 039 042 1.990e-01
N 004 082 055 1.774e-01
N 005 056 011 8.027e-01
N 006 065 098 8.591e-01
N 007 051 080 3.922e-01
N 008 035 041 4.520e-01
N 009 005 098 8.800e-01
N 010 053 038 8.038e-01
N 011 040 069 3.037e-01
N 012 009 085 2.356e-01
N 013 054 004 3.307e-01
N 014 049 007 9.737e-01
N 015 088 086 8.958e-01
N 016 092 038 6.931e-01
N 017 030 072 1.438e-01
N 018 001 011 6.752e-01
N 019 008 090 2.868e-01
E 000 001 2.608e+01
E 000 004 3.437e+01
E 000 006 8.008e+01
E 000 009 1.125e+02
E 000 012 1.009e+02
E 000 016 1.772e+01
E 000 018 8.658e+01
E 001 005 4.623e+01
E 001 006 5.478e+01
E 001 007 4.738e+01
E 001 008 5.036e+01
E 001 009 9.487e+01
E 001 011 5.009e+01
E 001 012 8.497e+01
E 001 017 6.042e+01
E 002 003 3.220e+01
E 002 004 6.926e+01
E 002 006 6.382e+01
E 002 011 2.816e+01
E 002 012 2.433e+01
E 002 015 7.906e+01
E 002 017 2.025e+01
E 003 009 6.551e+01
E 003 018 4.904e+01
E 003 010 1.456e+01
E 003 017 3.132e+01
E 004 011 4.427e+01
E 004 014 5.825e+01
E 004 015 3.158e+01
E 004 017 5.471e+01
E 005 009 1.008e+02
E 005 012 8.766e+01
E 005 007 6.918e+01
E 006 016 6.580e+01
E 006 015 2.594e+01
E 007 010 4.205e+01
E 007 012 4.230e+01
E 007 013 7.606e+01
E 007 014 7.303e+01
E 007 017 2.247e+01
E 007 018 8.521e+01
E 008 010 1.825e+01
E 008 015 6.953e+01
E 008 016 5.708e+01
E 008 017 3.140e+01
E 008 018 4.534e+01
E 009 010 7.684e+01
E 009 012 1.360e+01
E 009 017 3.607e+01
E 010 013 3.401e+01
E 011 013 6.649e+01
E 011 016 6.054e+01
E 011 017 1.044e+01
E 011 018 6.989e+01
E 012 018 7.443e+01
E 013 017 7.211e+01
E 014 017 6.772e+01
E 014 018 4.817e+01
E 015 017 5.967e+01
E 016 017 7.071e+01
