N 000 031 025 7.377e-01
N 001 027 092 9.303e-01
N 002 095 040 2.477e-01
N 003 022 067 1.831e-01
N 004 099 052 5.634e-01
N 005 034 047 6.702e-01
N 006 050 004 3.354e-01
N 007 085 019 7.111e-01
N 008 080 090 4.678e-01
N 009 027 070 4.451e-01
N 010 007 086 6.381e-02
N 011 001 076 7.080e-01
N 012 059 097 2.587e-01
N 013 076 042 9.377e-02
N 014 070 078 1.702e-01
N 015 093 088 5.819e-01
N 016 063 033 8.077e-01
N 017 061 028 9.558e-01
N 018 036 009 7.493e-01
N 019 035 095 7.588e-01
E 000 002 6.573e+01
E 000 003 4.295e+01
E 000 008 8.140e+01
E 000 009 4.518e+01
E 000 016 3.298e+01
E 000 018 1.676e+01
E 001 016 6.912e+01
E 001 019 8.544e+00
E 001 007 9.324e+01
E 002 003 7.783e+01
E 002 007 2.326e+01
E 002 011 1.007e+02
E 002 015 4.804e+01
E 002 016 3.276e+01
E 003 006 6.894e+01
E 003 008 6.239e+01
E 003 009 5.831e+00
E 003 011 2.285e+01
E 003 012 4.763e+01
E 003 013 5.951e+01
E 003 014 4.924e+01
E 003 018 5.967e+01
E 004 005 6.519e+01
E 004 008 4.249e+01
E 004 012 6.021e+01
E 004 014 3.895e+01
E 004 017 4.494e+01
E 004 019 7.710e+01
E 005 008 6.297e+01
E 005 009 2.404e+01
E 005 019 4.801e+01
E 005 006 4.588e+01
E 006 019 9.223e+01
E 006 017 2.640e+01
E 006 012 9.343e+01
E 007 013 2.470e+01
E 007 009 7.723e+01
E 008 009 5.665e+01
E 008 014 1.562e+01
E 008 017 6.485e+01
E 008 018 9.218e+01
E 008 019 4.528e+01
E 009 014 4.374e+01
E 009 015 6.841e+01
E 009 018 6.166e+01
E 010 017 7.925e+01
E 010 013 8.184e+01
E 010 015 8.602e+01
E 011 012 6.168e+01
E 011 013 8.235e+01
E 011 015 9.278e+01
E 011 017 7.684e+01
E 012 013 5.757e+01
E 013 014 3.650e+01
E 013 017 2.052e+01
E 013 018 5.186e+01
E 013 019 6.701e+01
E 014 015 2.508e+01
E 014 019 3.891e+01
E 018 019 8.601e+01
