N 000 032 033 1.255e-01
N 001 044 038 4.839e-03
N 002 077 011 7.816e-01
N 003 040 013 7.139e-01
N 004 024 054 3.446e-01
N 005 013 093 5.198e-02
N 006 010 078 1.653e-01
N 007 052 074 2.013e-01
N 008 090 077 3.930e-01
N 009 093 097 8.548e-01
N 010 082 060 5.281e-01
N 011 094 069 8.822e-01
N 012 002 069 5.985e-01
N 013 057 010 3.055e-01
N 014 033 003 5.612e-01
N 015 042 084 2.991e-01
N 016 065 090 1.008e-01
N 017 081 006 1.177e-01
N 018 046 031 5.937e-01
N 019 016 001 7.298e-01
E 000 003 2.154e+01
E 000 009 8.841e+01
E 000 010 5.682e+01
E 000 011 7.169e+01
E 000 012 4.686e+01
E 000 014 3.002e+01
E 000 015 5.197e+01
E 000 016 6.586e+01
E 000 017 5.595e+01
E 001 008 6.031e+01
E 001 009 7.669e+01
E 001 005 6.313e+01
E 002 004 6.825e+01
E 002 005 1.040e+02
E 002 006 9.475e+01
E 002 007 6.778e+01
E 002 011 6.044e+01
E 002 012 9.481e+01
E 002 014 4.472e+01
E 002 016 7.991e+01
E 003 008 8.122e+01
E 003 011 7.779e+01
E 003 005 8.443e+01
E 003 007 6.217e+01
E 004 007 3.441e+01
E 004 010 5.831e+01
E 004 011 7.159e+01
E 004 014 5.179e+01
E 004 017 7.452e+01
E 004 019 5.360e+01
E 005 006 1.530e+01
E 005 016 5.209e+01
E 005 019 9.205e+01
E 006 008 8.001e+01
E 006 009 8.515e+01
E 006 010 7.422e+01
E 006 014 7.845e+01
E 006 016 5.629e+01
E 006 017 1.011e+02
E 006 018 5.920e+01
E 007 011 4.230e+01
E 007 013 6.420e+01
E 007 019 8.139e+01
E 009 011 2.802e+01
E 009 012 9.521e+01
E 009 014 1.115e+02
E 009 017 9.179e+01
E 010 019 8.853e+01
E 010 015 4.665e+01
E 011 016 3.581e+01
E 011 017 6.433e+01
E 011 019 1.035e+02
E 012 014 7.292e+01
E 012 016 6.641e+01
E 013 019 4.198e+01
E 013 015 7.550e+01
E 015 017 8.721e+01
E 016 018 6.198e+01
E 017 019 6.519e+01
E 018 019 4.243e+01
