N 000 087 034 1.157e-01
N 001 003 061 9.427e-01
N 002 053 013 3.839e-01
N 003 026 053 2.336e-01
N 004 032 069 7.392e-01
N 005 088 096 8.681e-01
N 006 056 017 9.841e-01
N 007 075 019 9.028e-01
N 008 000 039 7.797e-01
N 009 048 028 5.695e-01
N 010 021 069 3.370e-01
N 011 095 036 3.595e-02
N 012 083 018 2.232e-01
N 013 046 086 8.127e-02
N 014 091 058 5.655e-01
N 015 065 008 2.536e-01
N 016 016 093 8.343e-01
N 017 018 081 3.535e-01
N 018 018 038 3.473e-01
N 019 070 060 7.355e-01
E 000 008 8.714e+01
E 000 009 3.946e+01
E 000 005 6.201e+01
E 000 007 1.921e+01
E 001 009 5.580e+01
E 001 018 2.746e+01
E 001 004 3.008e+01
E 001 014 8.805e+01
E 001 015 8.157e+01
E 002 004 5.981e+01
E 002 007 2.280e+01
E 002 009 1.581e+01
E 002 010 6.450e+01
E 002 011 4.789e+01
E 002 012 3.041e+01
E 002 013 7.333e+01
E 002 014 5.890e+01
E 002 016 8.814e+01
E 003 006 4.686e+01
E 003 007 5.964e+01
E 003 008 2.953e+01
E 003 010 1.676e+01
E 003 011 7.106e+01
E 003 017 2.912e+01
E 004 018 3.401e+01
E 004 012 7.212e+01
E 004 005 6.217e+01
E 005 008 1.048e+02
E 005 010 7.224e+01
E 005 019 4.025e+01
E 006 007 1.910e+01
E 006 010 6.268e+01
E 006 012 2.702e+01
E 006 015 1.273e+01
E 006 018 4.342e+01
E 006 019 4.522e+01
E 007 010 7.359e+01
E 007 012 8.062e+00
E 007 014 4.215e+01
E 007 016 9.464e+01
E 008 010 3.662e+01
E 008 015 7.201e+01
E 008 018 1.803e+01
E 009 013 5.803e+01
E 009 014 5.243e+01
E 009 016 7.245e+01
E 010 016 2.452e+01
E 011 018 7.703e+01
E 011 013 7.001e+01
E 012 016 1.006e+02
E 012 019 4.397e+01
E 013 014 5.300e+01
E 013 015 8.028e+01
E 013 018 5.557e+01
E 014 017 7.654e+01
E 014 019 2.110e+01
E 015 018 5.576e+01
E 016 017 1.217e+01
E 016 019 6.329e+01
E 017 019 5.608e+01
