N 000 024 092 3.862e-01
N 001 047 043 4.528e-01
N 002 027 081 6.803e-01
N 003 042 087 2.849e-02
N 004 005 024 6.828e-02
N 005 029 013 7.666e-01
N 006 070 019 7.854e-01
N 007 069 077 8.768e-01
N 008 046 023 1.605e-01
N 009 099 093 7.438e-01
N 010 061 078 7.916e-01
N 011 017 089 9.660e-01
N 012 076 008 9.471e-01
N 013 029 055 7.039e-01
N 014 010 086 8.665e-01
N 015 049 016 5.394e-01
N 016 058 058 8.920e-01
N 017 056 071 7.579e-01
N 018 008 012 4.580e-01
N 019 099 000 7.513e-01
E 000 001 5.413e+01
E 000 002 1.140e+01
E 000 003 1.868e+01
E 000 006 8.628e+01
E 000 013 3.734e+01
E 000 014 1.523e+01
E 001 003 4.428e+01
E 001 004 4.610e+01
E 001 005 3.499e+01
E 001 010 3.770e+01
E 001 019 6.748e+01
E 002 008 6.103e+01
E 002 010 3.413e+01
E 002 012 8.792e+01
E 002 017 3.068e+01
E 003 005 7.513e+01
E 003 008 6.412e+01
E 003 010 2.102e+01
E 003 013 3.454e+01
E 004 019 9.702e+01
E 004 015 4.472e+01
E 004 014 6.220e+01
E 004 009 1.166e+02
E 005 008 1.972e+01
E 005 014 7.543e+01
E 005 015 2.022e+01
E 006 008 2.433e+01
E 006 009 7.948e+01
E 006 010 5.968e+01
E 006 011 8.780e+01
E 006 015 2.121e+01
E 006 019 3.467e+01
E 007 019 8.264e+01
E 007 009 3.400e+01
E 007 010 8.062e+00
E 007 011 5.337e+01
E 007 018 8.914e+01
E 008 009 8.780e+01
E 008 012 3.354e+01
E 009 014 8.927e+01
E 009 015 9.181e+01
E 009 017 4.830e+01
E 010 012 7.159e+01
E 010 015 6.315e+01
E 010 018 8.465e+01
E 011 019 1.210e+02
E 011 015 7.971e+01
E 011 012 1.002e+02
E 012 013 6.647e+01
E 012 015 2.816e+01
E 012 018 6.812e+01
E 013 016 2.915e+01
E 013 019 8.902e+01
E 014 016 5.557e+01
E 014 018 7.403e+01
E 014 019 1.238e+02
E 015 017 5.544e+01
E 016 017 1.315e+01
E 016 018 6.794e+01
E 017 019 8.301e+01
