N 000 064 048 8.815e-01
N 001 077 039 4.585e-01
N 002 075 095 2.140e-01
N 003 006 049 8.407e-01
N 004 036 057 6.101e-01
N 005 035 047 4.467e-01
N 006 045 020 2.013e-01
N 007 098 001 5.418e-01
N 008 090 074 1.636e-02
N 009 017 049 7.287e-01
N 010 047 028 7.440e-01
N 011 088 019 3.811e-01
N 012 078 029 7.003e-01
N 013 058 043 6.667e-01
N 014 003 034 3.833e-01
N 015 028 088 9.257e-02
N 016 036 052 6.895e-01
N 017 034 086 7.602e-01
N 018 024 093 3.333e-01
N 019 019 007 9.415e-01
E 000 001 1.581e+01
E 000 006 3.384e+01
E 000 008 3.677e+01
E 000 012 2.360e+01
E 000 013 7.810e+00
E 000 016 2.828e+01
E 001 004 4.478e+01
E 001 009 6.083e+01
E 001 010 3.195e+01
E 001 012 1.005e+01
E 001 019 6.624e+01
E 002 011 7.710e+01
E 002 004 5.445e+01
E 002 005 6.248e+01
E 002 014 9.437e+01
E 002 007 9.677e+01
E 003 005 2.907e+01
E 003 006 4.860e+01
E 003 007 1.038e+02
E 003 009 1.100e+01
E 003 018 4.754e+01
E 003 019 4.397e+01
E 004 005 1.005e+01
E 004 007 8.355e+01
E 004 010 3.102e+01
E 004 017 2.907e+01
E 004 019 5.281e+01
E 005 007 7.801e+01
E 005 011 5.994e+01
E 005 013 2.335e+01
E 006 007 5.630e+01
E 006 010 8.246e+00
E 006 012 3.421e+01
E 006 013 2.642e+01
E 006 014 4.427e+01
E 006 016 3.324e+01
E 006 018 7.596e+01
E 007 013 5.800e+01
E 007 015 1.117e+02
E 007 017 1.064e+02
E 008 009 7.716e+01
E 008 010 6.297e+01
E 008 011 5.504e+01
E 008 016 5.831e+01
E 009 010 3.662e+01
E 009 012 6.420e+01
E 009 015 4.052e+01
E 009 018 4.455e+01
E 011 016 6.159e+01
E 012 013 2.441e+01
E 012 015 7.734e+01
E 012 016 4.789e+01
E 014 016 3.759e+01
E 014 015 5.951e+01
E 015 017 6.325e+00
E 015 019 8.150e+01
E 016 017 3.406e+01
E 016 019 4.810e+01
E 017 018 1.221e+01
E 017 019 8.041e+01
