N 000 052 047 2.850e-01
N 001 071 073 1.982e-01
N 002 058 031 3.256e-01
N 003 064 001 7.527e-01
N 004 041 016 9.291e-01
N 005 007 020 5.850e-01
N 006 014 084 3.974e-01
N 007 002 094 9.043e-01
N 008 007 042 8.851e-01
N 009 032 049 6.334e-01
N 010 089 042 5.056e-01
N 011 007 071 2.080e-01
N 012 027 054 8.220e-01
N 013 033 063 7.237e-01
N 014 050 048 5.399e-01
N 015 073 095 5.246e-01
N 016 011 009 1.386e-01
N 017 055 077 6.092e-01
N 018 094 096 8.036e-02
N 019 074 008 6.069e-01
E 000 009 2.010e+01
E 000 010 3.734e+01
E 000 003 4.754e+01
E 000 005 5.248e+01
E 000 015 5.239e+01
E 001 002 4.397e+01
E 001 006 5.805e+01
E 001 009 4.579e+01
E 001 011 6.403e+01
E 001 012 4.793e+01
E 001 017 1.649e+01
E 002 019 2.802e+01
E 002 011 6.482e+01
E 002 005 5.217e+01
E 002 009 3.162e+01
E 003 015 9.443e+01
E 003 004 2.746e+01
E 003 005 6.008e+01
E 003 007 1.118e+02
E 004 010 5.459e+01
E 004 013 4.768e+01
E 004 015 8.523e+01
E 004 016 3.081e+01
E 004 017 6.259e+01
E 005 006 6.438e+01
E 005 009 3.829e+01
E 005 011 5.100e+01
E 005 014 5.131e+01
E 005 016 1.170e+01
E 005 017 7.452e+01
E 005 018 1.155e+02
E 005 019 6.807e+01
E 006 007 1.562e+01
E 006 009 3.936e+01
E 006 012 3.270e+01
E 006 016 7.506e+01
E 006 018 8.089e+01
E 007 016 8.548e+01
E 007 019 1.122e+02
E 008 019 7.513e+01
E 008 009 2.596e+01
E 008 010 8.200e+01
E 008 011 2.900e+01
E 009 017 3.624e+01
E 010 012 6.315e+01
E 010 017 4.880e+01
E 011 013 2.720e+01
E 011 014 4.876e+01
E 011 015 7.023e+01
E 011 017 4.837e+01
E 011 019 9.197e+01
E 012 013 1.082e+01
E 012 015 6.162e+01
E 013 015 5.122e+01
E 013 016 5.831e+01
E 013 017 2.608e+01
E 014 019 4.665e+01
E 014 017 2.943e+01
E 014 018 6.512e+01
E 017 018 4.338e+01
