N 000 093 067 8.793e-02
N 001 070 062 7.919e-01
N 002 053 050 9.912e-01
N 003 068 025 5.460e-01
N 004 027 059 4.592e-01
N 005 050 068 6.817e-01
N 006 032 068 8.298e-01
N 007 004 000 2.477e-01
N 008 010 019 4.426e-01
N 009 012 045 9.971e-01
N 010 050 000 9.655e-01
N 011 057 048 5.931e-01
N 012 084 007 3.924e-01
N 013 089 001 5.954e-01
N 014 072 042 9.882e-01
N 015 050 041 4.567e-01
N 016 058 076 3.208e-01
N 017 096 080 4.688e-02
N 018 077 069 6.690e-01
N 019 037 001 5.713e-01
E 000 004 6.648e+01
E 000 006 6.101e+01
E 000 008 9.588e+01
E 000 011 4.071e+01
E 000 013 6.612e+01
E 000 017 1.334e+01
E 000 019 8.656e+01
E 001 005 2.088e+01
E 001 007 9.055e+01
E 001 010 6.515e+01
E 001 011 1.910e+01
E 001 014 2.010e+01
E 001 017 3.162e+01
E 002 008 5.301e+01
E 002 009 4.130e+01
E 002 011 4.472e+00
E 002 013 6.080e+01
E 002 015 9.487e+00
E 002 016 2.648e+01
E 003 017 6.172e+01
E 003 011 2.550e+01
E 003 013 3.189e+01
E 004 016 3.536e+01
E 004 013 8.490e+01
E 004 006 1.030e+01
E 004 015 2.921e+01
E 005 006 1.800e+01
E 005 010 6.800e+01
E 005 011 2.119e+01
E 005 012 6.984e+01
E 005 016 1.131e+01
E 005 018 2.702e+01
E 006 007 7.354e+01
E 006 009 3.048e+01
E 006 012 8.016e+01
E 006 015 3.245e+01
E 006 018 4.501e+01
E 006 019 6.719e+01
E 007 008 1.992e+01
E 007 014 7.992e+01
E 007 015 6.162e+01
E 007 017 1.219e+02
E 007 018 1.004e+02
E 008 009 2.608e+01
E 008 012 7.497e+01
E 008 017 1.054e+02
E 009 010 5.890e+01
E 010 011 4.851e+01
E 010 012 3.471e+01
E 011 014 1.616e+01
E 013 017 7.931e+01
E 013 019 5.200e+01
E 014 015 2.202e+01
E 014 016 3.677e+01
E 014 017 4.494e+01
E 014 018 2.746e+01
E 015 016 3.590e+01
E 015 018 3.890e+01
E 017 018 2.195e+01
E 017 019 9.860e+01
