N 000 055 011 1.711e-01
N 001 066 099 9.567e-01
N 002 021 068 8.451e-01
N 003 058 062 2.656e-01
N 004 030 011 7.811e-01
N 005 028 008 6.453e-02
N 006 061 023 5.911e-01
N 007 098 095 5.133e-01
N 008 040 002 6.574e-01
N 009 078 018 8.914e-02
N 010 070 055 2.673e-01
N 011 002 072 9.884e-01
N 012 056 018 6.343e-01
N 013 080 059 2.347e-02
N 014 044 094 5.822e-01
N 015 029 028 5.155e-01
N 016 074 081 5.244e-01
N 017 025 035 6.933e-01
N 018 080 053 8.940e-01
N 019 052 064 7.133e-01
E 000 009 2.404e+01
E 000 003 5.109e+01
E 000 004 2.500e+01
E 000 014 8.373e+01
E 000 006 1.342e+01
E 001 019 3.770e+01
E 001 011 6.946e+01
E 001 012 8.161e+01
E 001 013 4.238e+01
E 001 015 8.006e+01
E 002 003 3.748e+01
E 002 004 5.771e+01
E 002 009 7.582e+01
E 002 010 5.070e+01
E 002 011 1.942e+01
E 002 012 6.103e+01
E 002 013 5.968e+01
E 002 019 3.126e+01
E 003 004 5.818e+01
E 003 007 5.186e+01
E 003 012 4.405e+01
E 003 017 4.264e+01
E 003 018 2.377e+01
E 004 009 4.851e+01
E 004 012 2.693e+01
E 004 014 8.417e+01
E 004 018 6.530e+01
E 004 019 5.738e+01
E 005 016 8.628e+01
E 005 017 2.717e+01
E 005 018 6.877e+01
E 005 011 6.908e+01
E 005 006 3.625e+01
E 006 010 3.324e+01
E 006 013 4.071e+01
E 006 015 3.239e+01
E 006 016 5.944e+01
E 006 018 3.551e+01
E 006 019 4.198e+01
E 007 011 9.872e+01
E 007 013 4.025e+01
E 008 016 8.601e+01
E 008 018 6.482e+01
E 008 014 9.209e+01
E 009 017 5.566e+01
E 009 015 5.001e+01
E 010 017 4.924e+01
E 010 011 7.009e+01
E 011 012 7.637e+01
E 011 013 7.908e+01
E 011 016 7.256e+01
E 011 019 5.064e+01
E 012 013 4.751e+01
E 012 015 2.879e+01
E 012 017 3.536e+01
E 012 019 4.617e+01
E 013 016 2.280e+01
E 013 017 6.001e+01
E 014 016 3.270e+01
E 017 018 5.787e+01
