N 000 069 060 9.482e-02
N 001 075 049 2.667e-01
N 002 082 068 7.037e-01
N 003 048 029 4.482e-01
N 004 015 025 7.985e-01
N 005 065 020 2.575e-01
N 006 015 005 1.434e-01
N 007 070 007 5.799e-01
N 008 008 017 3.752e-01
N 009 086 006 5.898e-01
N 010 099 029 1.588e-01
N 011 085 066 6.254e-01
N 012 017 003 1.504e-01
N 013 060 087 3.672e-01
N 014 093 088 9.856e-01
N 015 075 092 4.705e-02
N 016 081 076 2.493e-01
N 017 043 025 1.963e-01
N 018 040 011 2.103e-01
N 019 006 004 8.312e-02
E 000 004 6.435e+01
E 000 008 7.463e+01
E 000 011 1.709e+01
E 000 012 7.716e+01
E 000 014 3.688e+01
E 000 015 3.256e+01
E 001 002 2.025e+01
E 001 003 3.360e+01
E 001 004 6.462e+01
E 001 005 3.068e+01
E 001 012 7.403e+01
E 001 014 4.295e+01
E 002 005 5.092e+01
E 002 006 9.197e+01
E 002 007 6.217e+01
E 002 008 8.987e+01
E 002 009 6.213e+01
E 002 018 7.080e+01
E 003 004 3.324e+01
E 003 006 4.080e+01
E 003 011 5.233e+01
E 003 015 6.854e+01
E 003 019 4.888e+01
E 004 005 5.025e+01
E 004 011 8.112e+01
E 004 013 7.661e+01
E 004 018 2.865e+01
E 005 007 1.393e+01
E 005 009 2.524e+01
E 005 014 7.354e+01
E 005 016 5.824e+01
E 005 017 2.256e+01
E 005 018 2.657e+01
E 005 019 6.113e+01
E 006 007 5.504e+01
E 006 009 7.101e+01
E 006 010 8.736e+01
E 006 011 9.285e+01
E 006 012 2.828e+00
E 006 014 1.139e+02
E 006 015 1.057e+02
E 007 012 5.315e+01
E 007 013 8.062e+01
E 008 009 7.877e+01
E 009 010 2.642e+01
E 009 016 7.018e+01
E 010 017 5.614e+01
E 011 012 9.270e+01
E 011 019 1.004e+02
E 012 015 1.062e+02
E 012 019 1.105e+01
E 013 017 6.429e+01
E 013 018 7.859e+01
E 013 019 9.902e+01
E 014 016 1.697e+01
E 015 016 1.709e+01
E 015 019 1.118e+02
E 016 018 7.685e+01
E 016 019 1.040e+02
E 018 019 3.471e+01
