N 000 072 089 8.392e-01
N 001 039 033 2.831e-01
N 002 001 026 4.872e-01
N 003 085 035 5.346e-01
N 004 049 001 4.609e-01
N 005 034 073 3.690e-02
N 006 032 028 3.530e-01
N 007 073 063 3.628e-01
N 008 008 084 3.632e-01
N 009 022 025 4.033e-01
N 010 047 035 2.500e-01
N 011 022 072 5.687e-01
N 012 092 052 2.733e-01
N 013 059 024 8.084e-01
N 014 048 079 4.396e-02
N 015 052 040 1.745e-01
N 016 050 054 2.949e-01
N 017 024 094 3.616e-01
N 018 060 096 5.647e-01
N 019 039 059 1.750e-01
E 000 001 6.500e+01
E 000 003 5.554e+01
E 000 005 4.123e+01
E 000 006 7.295e+01
E 000 013 6.629e+01
E 001 002 3.864e+01
E 001 011 4.254e+01
E 001 012 5.630e+01
E 001 013 2.193e+01
E 001 014 4.687e+01
E 001 015 1.476e+01
E 001 016 2.371e+01
E 001 018 6.641e+01
E 002 005 5.743e+01
E 002 008 5.842e+01
E 002 011 5.057e+01
E 002 013 5.803e+01
E 002 015 5.289e+01
E 002 018 9.155e+01
E 002 019 5.033e+01
E 003 006 5.346e+01
E 003 009 6.379e+01
E 003 016 3.982e+01
E 003 017 8.486e+01
E 003 018 6.592e+01
E 004 007 6.648e+01
E 004 009 3.612e+01
E 004 010 3.406e+01
E 004 013 2.508e+01
E 004 017 9.630e+01
E 004 019 5.886e+01
E 005 008 2.823e+01
E 005 015 3.759e+01
E 006 007 5.391e+01
E 006 008 6.093e+01
E 006 009 1.044e+01
E 006 014 5.345e+01
E 007 008 6.831e+01
E 008 011 1.844e+01
E 008 012 8.989e+01
E 008 014 4.031e+01
E 008 015 6.223e+01
E 008 016 5.161e+01
E 008 018 5.337e+01
E 008 019 3.982e+01
E 009 010 2.693e+01
E 009 014 5.993e+01
E 009 015 3.354e+01
E 009 016 4.031e+01
E 009 019 3.801e+01
E 010 019 2.530e+01
E 010 014 4.401e+01
E 011 013 6.061e+01
E 011 017 2.209e+01
E 011 019 2.140e+01
E 012 013 4.328e+01
E 012 016 4.205e+01
E 012 017 7.992e+01
E 013 014 5.609e+01
E 016 018 4.317e+01
