N 000 092 021 2.541e-01
N 001 024 099 5.361e-01
N 002 011 019 1.383e-01
N 003 014 023 8.153e-01
N 004 005 047 5.106e-01
N 005 070 039 5.271e-01
N 006 082 033 3.403e-01
N 007 086 028 4.344e-01
N 008 053 057 6.379e-01
N 009 015 002 1.799e-02
N 010 061 072 6.291e-02
N 011 079 079 9.095e-01
N 012 080 094 9.467e-01
N 013 047 081 8.823e-01
N 014 004 062 9.929e-01
N 015 057 073 2.581e-01
N 016 053 013 8.734e-01
N 017 084 003 2.297e-01
N 018 010 074 7.543e-02
N 019 077 048 3.144e-01
E 000 001 1.035e+02
E 000 002 8.102e+01
E 000 004 9.080e+01
E 000 012 7.398e+01
E 000 007 9.220e+00
E 001 009 9.742e+01
E 001 013 2.921e+01
E 001 014 4.206e+01
E 001 015 4.201e+01
E 001 017 1.132e+02
E 002 008 5.664e+01
E 002 019 7.209e+01
E 002 012 1.019e+02
E 002 009 1.746e+01
E 003 007 7.217e+01
E 003 011 8.580e+01
E 003 013 6.673e+01
E 003 015 6.595e+01
E 003 016 4.026e+01
E 003 017 7.280e+01
E 003 018 5.116e+01
E 003 019 6.778e+01
E 004 017 9.043e+01
E 004 010 6.133e+01
E 004 019 7.201e+01
E 005 008 2.476e+01
E 005 015 3.640e+01
E 005 011 4.100e+01
E 005 012 5.590e+01
E 005 007 1.942e+01
E 006 016 3.523e+01
E 006 009 7.382e+01
E 007 009 7.561e+01
E 007 010 5.061e+01
E 007 011 5.148e+01
E 007 012 6.627e+01
E 007 014 8.877e+01
E 007 015 5.354e+01
E 007 017 2.508e+01
E 007 018 8.884e+01
E 008 011 3.406e+01
E 008 013 2.474e+01
E 008 016 4.400e+01
E 008 018 4.624e+01
E 009 013 8.523e+01
E 009 014 6.100e+01
E 009 015 8.249e+01
E 009 018 7.217e+01
E 009 019 7.720e+01
E 010 012 2.907e+01
E 010 015 4.123e+00
E 010 013 1.664e+01
E 011 013 3.206e+01
E 011 015 2.280e+01
E 012 014 8.246e+01
E 012 015 3.114e+01
E 013 014 4.701e+01
E 013 016 6.826e+01
E 014 015 5.413e+01
E 017 019 4.554e+01
