N 000 077 066 8.822e-01
N 001 012 093 8.980e-01
N 002 016 063 6.734e-01
N 003 080 079 3.394e-01
N 004 046 022 8.214e-01
N 005 040 053 2.763e-01
N 006 092 024 2.318e-01
N 007 048 093 2.261e-02
N 008 058 079 3.594e-01
N 009 070 062 9.323e-01
N 010 099 082 7.833e-01
N 011 032 070 9.955e-01
N 012 078 025 2.209e-01
N 013 057 076 1.240e-01
N 014 057 028 2.794e-01
N 015 092 053 5.742e-01
N 016 070 037 1.999e-01
N 017 044 020 9.794e-01
N 018 029 066 4.806e-01
N 019 092 077 9.623e-02
E 000 002 6.107e+01
E 000 008 2.302e+01
E 000 014 4.294e+01
E 000 016 2.983e+01
E 000 018 4.800e+01
E 000 019 1.860e+01
E 001 009 6.576e+01
E 001 010 8.769e+01
E 001 004 7.872e+01
E 001 013 4.810e+01
E 001 007 3.600e+01
E 002 005 2.600e+01
E 002 006 8.542e+01
E 002 008 4.494e+01
E 002 010 8.515e+01
E 002 014 5.391e+01
E 002 018 1.334e+01
E 002 019 7.728e+01
E 003 004 6.637e+01
E 003 007 3.493e+01
E 003 009 1.972e+01
E 003 013 2.319e+01
E 003 016 4.317e+01
E 003 017 6.912e+01
E 004 006 4.604e+01
E 004 011 5.000e+01
E 004 012 3.214e+01
E 004 018 4.717e+01
E 004 019 7.170e+01
E 005 007 4.079e+01
E 005 012 4.720e+01
E 005 014 3.023e+01
E 005 015 5.200e+01
E 005 016 3.400e+01
E 005 017 3.324e+01
E 005 018 1.703e+01
E 006 007 8.184e+01
E 006 012 1.404e+01
E 006 017 4.817e+01
E 006 018 7.572e+01
E 007 008 1.720e+01
E 007 015 5.946e+01
E 007 017 7.311e+01
E 007 019 4.682e+01
E 008 009 2.081e+01
E 008 011 2.751e+01
E 008 017 6.064e+01
E 008 018 3.178e+01
E 009 011 3.883e+01
E 009 014 3.640e+01
E 009 016 2.500e+01
E 011 016 5.033e+01
E 011 017 5.142e+01
E 012 016 1.442e+01
E 013 017 5.749e+01
E 013 015 4.188e+01
E 014 015 4.301e+01
E 015 019 2.400e+01
E 016 017 3.106e+01
E 018 019 6.395e+01
