N 000 099 050 4.426e-02
N 001 002 014 8.522e-01
N 002 002 019 9.605e-01
N 003 098 006 9.255e-01
N 004 006 042 8.345e-02
N 005 098 006 1.028e-01
N 006 077 086 9.337e-02
N 007 009 074 9.072e-01
N 008 011 028 7.354e-01
N 009 081 088 3.618e-01
N 010 060 057 6.725e-01
N 011 073 014 9.097e-02
N 012 097 024 8.318e-01
N 013 044 036 2.778e-01
N 014 061 056 3.795e-02
N 015 000 086 5.803e-01
N 016 033 065 1.408e-01
N 017 081 041 8.622e-01
N 018 079 051 2.037e-01
N 019 060 071 9.569e-01
E 000 001 1.035e+02
E 000 002 1.018e+02
E 000 003 4.401e+01
E 000 004 9.334e+01
E 000 005 4.401e+01
E 000 012 2.608e+01
E 000 013 5.675e+01
E 000 014 3.847e+01
E 000 017 2.012e+01
E 001 003 9.633e+01
E 001 007 6.041e+01
E 001 011 7.100e+01
E 001 012 9.552e+01
E 001 013 4.741e+01
E 002 011 7.118e+01
E 002 010 6.934e+01
E 002 003 9.688e+01
E 002 012 9.513e+01
E 003 004 9.879e+01
E 003 007 1.120e+02
E 003 009 8.374e+01
E 003 011 2.625e+01
E 003 013 6.177e+01
E 003 016 8.778e+01
E 003 017 3.891e+01
E 003 019 7.529e+01
E 004 008 1.487e+01
E 004 012 9.276e+01
E 004 014 5.675e+01
E 004 015 4.441e+01
E 004 016 3.547e+01
E 005 008 8.974e+01
E 005 011 2.625e+01
E 005 012 1.803e+01
E 005 013 6.177e+01
E 005 017 3.891e+01
E 005 018 4.885e+01
E 005 019 7.529e+01
E 006 009 4.472e+00
E 006 010 3.362e+01
E 006 014 3.400e+01
E 006 007 6.905e+01
E 007 013 5.166e+01
E 007 017 7.920e+01
E 008 011 6.356e+01
E 008 015 5.903e+01
E 009 011 7.443e+01
E 009 010 3.744e+01
E 010 011 4.492e+01
E 010 015 6.664e+01
E 011 015 1.025e+02
E 011 016 6.482e+01
E 011 018 3.748e+01
E 012 013 5.434e+01
E 012 015 1.151e+02
E 012 016 7.601e+01
E 013 014 2.625e+01
E 013 017 3.734e+01
E 016 019 2.766e+01
E 017 019 3.662e+01
