N 000 096 034 2.983e-01
N 001 012 004 3.955e-01
N 002 039 000 5.595e-01
N 003 099 006 2.898e-01
N 004 042 067 7.234e-01
N 005 025 048 3.085e-01
N 006 053 054 5.295e-01
N 007 051 025 4.990e-01
N 008 005 030 4.050e-01
N 009 019 085 8.081e-01
N 010 046 039 5.711e-01
N 011 023 031 2.246e-02
N 012 024 020 6.116e-01
N 013 006 068 3.140e-01
N 014 006 011 4.652e-01
N 015 013 050 5.886e-01
N 016 088 043 9.168e-01
N 017 088 097 7.285e-02
N 018 044 066 4.876e-01
N 019 019 097 6.670e-01
E 000 001 8.920e+01
E 000 002 6.637e+01
E 000 007 4.589e+01
E 000 010 5.025e+01
E 000 011 7.306e+01
E 000 013 9.621e+01
E 000 015 8.453e+01
E 001 004 6.978e+01
E 001 006 6.466e+01
E 001 008 2.693e+01
E 001 014 9.220e+00
E 001 015 4.601e+01
E 001 017 1.201e+02
E 001 018 6.977e+01
E 002 006 5.579e+01
E 002 010 3.962e+01
E 002 011 3.489e+01
E 002 013 7.558e+01
E 002 015 5.636e+01
E 002 017 1.087e+02
E 003 016 3.860e+01
E 003 017 9.166e+01
E 003 015 9.660e+01
E 003 019 1.212e+02
E 003 007 5.162e+01
E 004 016 5.188e+01
E 004 018 2.236e+00
E 004 005 2.550e+01
E 004 017 5.492e+01
E 005 016 6.320e+01
E 005 018 2.617e+01
E 005 013 2.759e+01
E 006 011 3.780e+01
E 006 014 6.370e+01
E 006 016 3.669e+01
E 006 018 1.500e+01
E 007 008 4.627e+01
E 007 009 6.800e+01
E 007 014 4.713e+01
E 007 016 4.115e+01
E 008 009 5.675e+01
E 008 014 1.903e+01
E 009 010 5.334e+01
E 009 012 6.519e+01
E 009 014 7.513e+01
E 009 019 1.200e+01
E 010 013 4.941e+01
E 010 015 3.479e+01
E 010 018 2.707e+01
E 011 012 1.105e+01
E 011 013 4.072e+01
E 011 015 2.147e+01
E 011 018 4.082e+01
E 012 017 1.001e+02
E 013 016 8.573e+01
E 014 016 8.802e+01
E 015 016 7.533e+01
E 015 018 3.489e+01
E 015 019 4.738e+01
E 017 018 5.382e+01
