N 000 079 093 1.933e-01
N 001 050 017 2.052e-01
N 002 099 052 9.960e-01
N 003 033 050 9.276e-01
N 004 010 029 1.700e-01
N 005 093 065 1.541e-01
N 006 075 082 1.285e-01
N 007 073 044 8.608e-01
N 008 057 059 2.772e-01
N 009 072 039 5.360e-02
N 010 034 068 8.250e-01
N 011 072 006 2.362e-01
N 012 003 070 9.862e-01
N 013 047 076 2.244e-01
N 014 067 004 7.342e-01
N 015 009 075 4.160e-01
N 016 040 057 6.711e-02
N 017 097 052 6.708e-01
N 018 019 028 3.155e-01
N 019 014 037 5.393e-01
E 000 016 5.308e+01
E 000 017 4.478e+01
E 000 019 8.580e+01
E 000 013 3.624e+01
E 000 015 7.228e+01
E 001 019 4.118e+01
E 001 010 5.345e+01
E 001 011 2.460e+01
E 001 006 6.964e+01
E 001 007 3.547e+01
E 002 010 6.694e+01
E 002 013 5.727e+01
E 002 014 5.769e+01
E 002 015 9.289e+01
E 002 017 2.000e+00
E 002 018 8.352e+01
E 003 004 3.114e+01
E 003 006 5.280e+01
E 003 007 4.045e+01
E 003 008 2.563e+01
E 003 009 4.052e+01
E 003 010 1.803e+01
E 003 012 3.606e+01
E 004 006 8.387e+01
E 004 008 5.576e+01
E 004 010 4.579e+01
E 004 012 4.159e+01
E 004 014 6.224e+01
E 005 017 1.360e+01
E 005 018 8.273e+01
E 005 019 8.382e+01
E 005 014 6.631e+01
E 005 015 8.459e+01
E 006 009 4.310e+01
E 006 010 4.332e+01
E 006 012 7.299e+01
E 006 013 2.864e+01
E 006 015 6.637e+01
E 006 019 7.580e+01
E 007 008 2.193e+01
E 007 010 4.579e+01
E 007 013 4.123e+01
E 008 013 1.972e+01
E 008 017 4.061e+01
E 008 019 4.830e+01
E 009 012 7.564e+01
E 009 013 4.465e+01
E 009 015 7.256e+01
E 009 018 5.413e+01
E 009 019 5.803e+01
E 010 018 4.272e+01
E 011 016 6.021e+01
E 011 019 6.576e+01
E 011 014 5.385e+00
E 012 014 9.193e+01
E 013 014 7.473e+01
E 014 019 6.243e+01
E 015 016 3.585e+01
E 015 018 4.805e+01
E 016 018 3.581e+01
