N 000 080 012 1.951e-01
N 001 048 030 1.012e-01
N 002 033 060 9.134e-01
N 003 040 017 4.828e-02
N 004 095 019 4.982e-02
N 005 097 058 3.623e-01
N 006 022 037 9.634e-01
N 007 025 025 8.065e-01
N 008 012 056 4.992e-01
N 009 075 081 2.837e-01
N 010 017 064 4.347e-01
N 011 094 039 2.885e-01
N 012 041 017 4.911e-01
N 013 007 075 1.821e-01
N 014 011 095 1.451e-01
N 015 009 036 6.770e-01
N 016 013 091 8.278e-01
N 017 020 037 2.033e-01
N 018 029 006 6.982e-01
N 019 019 076 4.342e-01
E 000 001 3.672e+01
E 000 003 4.031e+01
E 000 010 8.169e+01
E 000 011 3.041e+01
E 000 013 9.643e+01
E 000 016 1.036e+02
E 000 019 8.841e+01
E 001 002 3.354e+01
E 001 003 1.526e+01
E 001 004 4.827e+01
E 001 005 5.644e+01
E 001 008 4.441e+01
E 001 011 4.687e+01
E 001 014 7.479e+01
E 001 016 7.033e+01
E 001 017 2.886e+01
E 001 019 5.438e+01
E 002 003 4.357e+01
E 002 007 3.590e+01
E 002 009 4.696e+01
E 002 012 4.374e+01
E 002 013 3.002e+01
E 003 016 7.877e+01
E 003 015 3.636e+01
E 004 018 6.727e+01
E 004 019 9.500e+01
E 004 009 6.515e+01
E 005 007 7.920e+01
E 005 009 3.183e+01
E 005 011 1.924e+01
E 005 012 6.940e+01
E 005 017 7.981e+01
E 005 019 8.005e+01
E 006 017 2.000e+00
E 006 018 3.178e+01
E 006 015 1.304e+01
E 007 009 7.507e+01
E 007 014 7.139e+01
E 007 017 1.300e+01
E 008 019 2.119e+01
E 008 011 8.374e+01
E 008 013 1.965e+01
E 009 014 6.551e+01
E 009 016 6.280e+01
E 010 018 5.923e+01
E 010 013 1.487e+01
E 010 015 2.912e+01
E 011 018 7.290e+01
E 012 017 2.900e+01
E 012 018 1.628e+01
E 012 013 6.723e+01
E 013 015 3.905e+01
E 013 017 4.016e+01
E 013 018 7.242e+01
E 014 016 4.472e+00
E 015 016 5.515e+01
E 015 019 4.123e+01
E 016 017 5.445e+01
E 016 018 8.649e+01
E 018 019 7.071e+01
