N 000 095 022 6.414e-01
N 001 069 088 6.835e-01
N 002 045 067 2.975e-01
N 003 004 069 7.474e-01
N 004 067 011 7.257e-01
N 005 065 004 9.910e-01
N 006 022 098 7.584e-02
N 007 001 035 9.869e-01
N 008 042 012 6.009e-01
N 009 016 028 6.766e-01
N 010 027 059 8.351e-01
N 011 004 072 2.368e-01
N 012 078 027 8.817e-02
N 013 052 075 5.353e-02
N 014 011 035 3.873e-01
N 015 031 002 3.071e-01
N 016 086 067 8.263e-01
N 017 089 054 8.270e-01
N 018 021 024 5.579e-01
N 019 032 030 8.983e-02
E 000 001 7.094e+01
E 000 007 9.489e+01
E 000 008 5.394e+01
E 000 010 7.741e+01
E 000 011 1.038e+02
E 000 012 1.772e+01
E 000 015 6.705e+01
E 000 016 4.589e+01
E 001 009 8.006e+01
E 001 003 6.772e+01
E 001 012 6.166e+01
E 001 015 9.402e+01
E 002 003 4.105e+01
E 002 005 6.610e+01
E 002 006 3.860e+01
E 002 014 4.669e+01
E 002 015 6.649e+01
E 002 018 4.924e+01
E 003 018 4.810e+01
E 003 004 8.563e+01
E 003 005 8.914e+01
E 004 007 7.023e+01
E 004 008 2.502e+01
E 004 009 5.376e+01
E 004 010 6.248e+01
E 004 018 4.780e+01
E 005 006 1.034e+02
E 005 009 5.456e+01
E 005 015 3.406e+01
E 005 016 6.641e+01
E 006 016 7.111e+01
E 006 012 9.043e+01
E 006 013 3.780e+01
E 007 016 9.082e+01
E 007 018 2.283e+01
E 008 009 3.053e+01
E 008 010 4.934e+01
E 008 015 1.487e+01
E 008 016 7.043e+01
E 008 019 2.059e+01
E 009 010 3.289e+01
E 009 012 6.201e+01
E 009 015 3.002e+01
E 009 017 7.749e+01
E 009 018 6.403e+00
E 010 011 2.642e+01
E 010 016 5.954e+01
E 010 017 6.220e+01
E 010 018 3.551e+01
E 011 014 3.766e+01
E 011 017 8.688e+01
E 011 018 5.092e+01
E 011 019 5.048e+01
E 013 015 7.596e+01
E 014 016 8.154e+01
E 014 017 8.028e+01
E 014 019 2.159e+01
E 015 018 2.417e+01
E 017 018 7.432e+01
E 018 019 1.253e+01
