N 000 048 083 7.402e-01
N 001 070 066 7.617e-02
N 002 060 041 6.875e-01
N 003 002 050 4.682e-03
N 004 083 084 5.149e-01
N 005 029 035 4.623e-01
N 006 096 000 1.274e-01
N 007 078 091 1.091e-01
N 008 050 015 9.469e-01
N 009 042 077 5.443e-01
N 010 061 078 1.766e-01
N 011 063 093 3.099e-01
N 012 051 070 4.518e-01
N 013 031 091 3.252e-01
N 014 055 004 3.830e-01
N 015 083 091 8.671e-01
N 016 075 043 3.649e-01
N 017 036 026 9.423e-01
N 018 055 054 8.747e-01
N 019 097 046 2.000e-01
E 000 002 4.368e+01
E 000 006 9.588e+01
E 000 007 3.105e+01
E 000 008 6.803e+01
E 000 014 7.931e+01
E 000 017 5.825e+01
E 000 018 2.983e+01
E 000 019 6.140e+01
E 001 003 6.986e+01
E 001 004 2.220e+01
E 001 009 3.008e+01
E 001 010 1.500e+01
E 001 014 6.379e+01
E 001 015 2.818e+01
E 001 018 1.921e+01
E 002 003 5.869e+01
E 002 008 2.786e+01
E 002 013 5.780e+01
E 002 014 3.734e+01
E 002 019 3.734e+01
E 003 008 5.941e+01
E 003 009 4.826e+01
E 003 011 7.463e+01
E 003 014 7.018e+01
E 003 015 9.079e+01
E 003 016 7.333e+01
E 003 017 4.162e+01
E 004 016 4.177e+01
E 004 012 3.493e+01
E 004 017 7.465e+01
E 005 007 7.441e+01
E 005 009 4.397e+01
E 005 011 6.723e+01
E 005 012 4.134e+01
E 005 016 4.669e+01
E 005 019 6.888e+01
E 006 017 6.539e+01
E 006 019 4.601e+01
E 006 015 9.192e+01
E 007 011 1.513e+01
E 007 015 5.000e+00
E 008 012 5.501e+01
E 008 014 1.208e+01
E 008 016 3.754e+01
E 008 019 5.630e+01
E 009 011 2.640e+01
E 010 019 4.817e+01
E 010 012 1.281e+01
E 010 017 5.770e+01
E 011 012 2.594e+01
E 011 013 3.206e+01
E 012 013 2.900e+01
E 012 014 6.612e+01
E 013 016 6.512e+01
E 013 019 7.988e+01
E 015 016 4.866e+01
E 015 018 4.640e+01
E 016 017 4.254e+01
E 017 018 3.384e+01
E 017 019 6.420e+01
