N 000 048 096 2.201e-01
N 001 056 008 5.057e-01
N 002 088 099 5.205e-01
N 003 082 025 2.903e-01
N 004 096 059 7.962e-01
N 005 070 068 5.487e-01
N 006 047 085 8.528e-01
N 007 073 075 9.127e-01
N 008 019 065 6.885e-01
N 009 079 040 8.073e-01
N 010 068 032 1.764e-01
N 011 045 088 2.809e-01
N 012 082 002 9.012e-01
N 013 057 094 4.766e-01
N 014 084 073 3.455e-01
N 015 052 091 1.134e-01
N 016 027 052 8.507e-03
N 017 041 049 6.947e-01
N 018 038 050 4.975e-02
N 019 048 086 7.816e-01
E 000 002 4.011e+01
E 000 003 7.872e+01
E 000 012 9.996e+01
E 000 015 6.403e+00
E 000 017 4.752e+01
E 000 019 1.000e+01
E 001 003 3.106e+01
E 001 004 6.482e+01
E 001 006 7.752e+01
E 001 008 6.796e+01
E 001 016 5.270e+01
E 001 019 7.841e+01
E 002 013 3.140e+01
E 002 006 4.332e+01
E 002 015 3.688e+01
E 003 004 3.677e+01
E 003 009 1.530e+01
E 003 012 2.300e+01
E 003 015 7.250e+01
E 004 005 2.751e+01
E 004 006 5.547e+01
E 004 010 3.890e+01
E 004 011 5.867e+01
E 004 019 5.507e+01
E 005 009 2.941e+01
E 005 017 3.467e+01
E 005 014 1.487e+01
E 005 015 2.921e+01
E 006 008 3.441e+01
E 006 012 9.008e+01
E 006 017 3.650e+01
E 006 018 3.614e+01
E 006 019 1.414e+00
E 007 009 3.551e+01
E 007 010 4.329e+01
E 007 014 1.118e+01
E 007 015 2.640e+01
E 007 016 5.143e+01
E 007 017 4.123e+01
E 008 018 2.421e+01
E 008 012 8.910e+01
E 008 009 6.500e+01
E 009 011 5.882e+01
E 009 013 5.831e+01
E 009 017 3.905e+01
E 009 019 5.547e+01
E 010 016 4.562e+01
E 010 018 3.499e+01
E 010 013 6.297e+01
E 011 018 3.864e+01
E 011 013 1.342e+01
E 012 014 7.103e+01
E 012 016 7.433e+01
E 012 019 9.062e+01
E 013 014 3.421e+01
E 013 018 4.793e+01
E 014 015 3.672e+01
E 014 016 6.075e+01
E 015 018 4.332e+01
E 016 018 1.118e+01
