N 000 081 083 7.660e-01
N 001 083 087 6.578e-01
N 002 007 061 3.306e-01
N 003 012 063 1.230e-01
N 004 025 076 6.798e-01
N 005 041 044 5.381e-01
N 006 078 092 4.706e-01
N 007 041 066 9.239e-02
N 008 076 025 6.233e-01
N 009 061 044 7.273e-01
N 010 037 053 7.791e-01
N 011 065 096 1.966e-02
N 012 063 074 1.859e-01
N 013 017 085 8.763e-01
N 014 045 000 8.732e-01
N 015 008 043 3.386e-01
N 016 019 088 6.481e-01
N 017 017 042 2.930e-01
N 018 052 041 1.670e-02
N 019 077 065 6.051e-01
E 000 001 4.472e+00
E 000 003 7.184e+01
E 000 007 4.346e+01
E 000 010 5.325e+01
E 000 013 6.403e+01
E 000 014 9.047e+01
E 001 011 2.012e+01
E 001 013 6.603e+01
E 001 014 9.494e+01
E 001 015 8.695e+01
E 001 018 5.547e+01
E 001 019 2.280e+01
E 002 009 5.661e+01
E 002 011 6.774e+01
E 002 017 2.147e+01
E 002 013 2.600e+01
E 002 007 3.437e+01
E 003 005 3.467e+01
E 003 006 7.209e+01
E 003 007 2.915e+01
E 003 011 6.243e+01
E 003 012 5.217e+01
E 003 013 2.256e+01
E 003 016 2.596e+01
E 003 018 4.565e+01
E 004 019 5.315e+01
E 004 013 1.204e+01
E 005 010 9.849e+00
E 005 012 3.720e+01
E 006 008 6.703e+01
E 006 009 5.092e+01
E 006 011 1.360e+01
E 006 012 2.343e+01
E 006 013 6.140e+01
E 006 017 7.887e+01
E 007 010 1.360e+01
E 007 012 2.341e+01
E 007 013 3.061e+01
E 008 010 4.801e+01
E 008 019 4.001e+01
E 008 012 5.070e+01
E 008 014 3.982e+01
E 009 010 2.563e+01
E 009 011 5.215e+01
E 009 012 3.007e+01
E 009 013 6.014e+01
E 010 013 3.774e+01
E 010 015 3.068e+01
E 010 019 4.176e+01
E 011 014 9.806e+01
E 011 018 5.652e+01
E 011 019 3.324e+01
E 013 015 4.295e+01
E 013 018 5.622e+01
E 013 019 6.325e+01
E 014 017 5.048e+01
E 014 019 7.245e+01
E 015 019 7.242e+01
E 015 017 9.055e+00
E 017 019 6.426e+01
