N 000 066 049 3.459e-01
N 001 078 071 3.505e-01
N 002 069 086 5.499e-01
N 003 082 099 3.331e-01
N 004 064 051 3.670e-01
N 005 063 026 4.772e-01
N 006 012 036 7.898e-01
N 007 031 052 9.165e-01
N 008 068 066 3.698e-01
N 009 010 069 1.711e-01
N 010 037 027 4.185e-01
N 011 001 041 1.829e-01
N 012 034 094 6.794e-01
N 013 049 075 5.593e-01
N 014 081 004 8.093e-02
N 015 024 025 6.558e-01
N 016 043 006 5.235e-01
N 017 067 039 3.810e-01
N 018 002 094 6.248e-01
N 019 018 025 8.568e-01
E 000 003 5.250e+01
E 000 005 2.319e+01
E 000 007 3.513e+01
E 000 008 1.712e+01
E 000 009 5.946e+01
E 000 010 3.640e+01
E 000 013 3.106e+01
E 000 015 4.837e+01
E 000 017 1.005e+01
E 000 018 7.824e+01
E 000 019 5.367e+01
E 001 016 7.382e+01
E 001 012 4.965e+01
E 001 002 1.749e+01
E 001 004 2.441e+01
E 001 014 6.707e+01
E 002 003 1.838e+01
E 002 005 6.030e+01
E 002 007 5.099e+01
E 002 008 2.002e+01
E 002 010 6.712e+01
E 002 012 3.590e+01
E 002 016 8.412e+01
E 003 005 7.543e+01
E 003 006 9.418e+01
E 003 007 6.935e+01
E 003 014 9.501e+01
E 003 018 8.016e+01
E 004 005 2.502e+01
E 004 013 2.830e+01
E 005 008 4.031e+01
E 005 009 6.825e+01
E 005 016 2.828e+01
E 005 019 4.501e+01
E 006 012 6.203e+01
E 006 015 1.628e+01
E 007 008 3.956e+01
E 007 009 2.702e+01
E 007 012 4.211e+01
E 007 013 2.921e+01
E 007 014 6.931e+01
E 007 015 2.789e+01
E 008 015 6.014e+01
E 008 019 6.466e+01
E 009 013 3.946e+01
E 009 014 9.626e+01
E 010 019 1.910e+01
E 010 013 4.948e+01
E 011 017 6.603e+01
E 011 018 5.301e+01
E 011 013 5.882e+01
E 011 014 8.814e+01
E 012 014 1.015e+02
E 013 015 5.590e+01
E 013 018 5.070e+01
E 014 017 3.770e+01
E 014 018 1.198e+02
E 014 019 6.641e+01
E 016 019 3.140e+01
E 016 018 9.708e+01
