N 000 045 001 9.419e-02
N 001 062 002 6.428e-01
N 002 072 092 7.411e-01
N 003 090 068 9.333e-01
N 004 064 073 7.996e-01
N 005 031 011 9.898e-01
N 006 027 029 3.795e-01
N 007 098 034 9.881e-01
N 008 037 001 6.886e-01
N 009 035 049 9.019e-01
N 010 009 077 1.442e-01
N 011 072 079 2.758e-01
N 012 074 016 9.708e-01
N 013 044 093 6.718e-02
N 014 044 091 6.197e-01
N 015 006 025 9.920e-01
N 016 047 064 8.252e-01
N 017 036 015 4.105e-02
N 018 098 051 4.127e-01
N 019 071 053 6.984e-01
E 000 001 1.703e+01
E 000 002 9.492e+01
E 000 003 8.071e+01
E 000 006 3.329e+01
E 000 007 6.243e+01
E 000 011 8.254e+01
E 000 016 6.303e+01
E 000 019 5.814e+01
E 001 016 6.379e+01
E 001 019 5.179e+01
E 001 006 4.420e+01
E 001 017 2.907e+01
E 002 003 3.000e+01
E 002 013 2.802e+01
E 002 014 2.802e+01
E 002 015 9.405e+01
E 002 016 3.754e+01
E 003 006 7.409e+01
E 003 010 8.150e+01
E 003 013 5.235e+01
E 003 014 5.143e+01
E 003 018 1.879e+01
E 003 019 2.421e+01
E 004 018 4.050e+01
E 004 006 5.749e+01
E 005 006 1.844e+01
E 005 008 1.166e+01
E 005 009 3.821e+01
E 005 011 7.940e+01
E 005 016 5.536e+01
E 005 017 6.403e+00
E 005 018 7.803e+01
E 006 007 7.118e+01
E 006 012 4.876e+01
E 006 013 6.622e+01
E 006 014 6.429e+01
E 006 016 4.031e+01
E 006 017 1.664e+01
E 006 018 7.433e+01
E 007 009 6.476e+01
E 007 011 5.197e+01
E 007 014 7.852e+01
E 007 017 6.485e+01
E 007 019 3.302e+01
E 008 018 7.887e+01
E 008 011 8.549e+01
E 008 013 9.227e+01
E 009 016 1.921e+01
E 009 018 6.303e+01
E 010 016 4.016e+01
E 010 012 8.914e+01
E 010 014 3.770e+01
E 010 015 5.209e+01
E 011 012 6.303e+01
E 011 014 3.046e+01
E 011 019 2.602e+01
E 012 019 3.712e+01
E 012 018 4.244e+01
E 014 015 7.616e+01
E 015 016 5.659e+01
