N 000 072 098 3.628e-01
N 001 006 055 4.231e-01
N 002 079 054 2.859e-01
N 003 081 081 9.744e-01
N 004 095 066 4.731e-02
N 005 027 009 6.053e-01
N 006 004 021 4.471e-02
N 007 058 048 3.154e-01
N 008 054 065 5.587e-01
N 009 017 035 6.921e-01
N 010 077 028 3.381e-01
N 011 005 041 4.317e-01
N 012 004 068 6.554e-01
N 013 007 071 5.755e-01
N 014 072 037 6.055e-02
N 015 005 006 4.337e-01
N 016 030 097 6.130e-01
N 017 055 081 2.487e-01
N 018 049 065 7.322e-01
N 019 046 090 5.918e-01
E 000 008 3.759e+01
E 000 017 2.404e+01
E 000 005 9.973e+01
E 001 007 5.247e+01
E 001 009 2.283e+01
E 001 010 7.596e+01
E 001 012 1.315e+01
E 001 014 6.841e+01
E 001 018 4.415e+01
E 001 019 5.315e+01
E 002 003 2.707e+01
E 002 007 2.184e+01
E 002 010 2.608e+01
E 002 011 7.513e+01
E 002 015 8.820e+01
E 002 017 3.612e+01
E 002 018 3.195e+01
E 003 008 3.138e+01
E 003 016 5.345e+01
E 003 019 3.614e+01
E 003 017 2.600e+01
E 004 010 4.205e+01
E 004 007 4.115e+01
E 005 006 2.594e+01
E 005 007 4.982e+01
E 005 008 6.217e+01
E 005 009 2.786e+01
E 005 011 3.883e+01
E 005 012 6.332e+01
E 005 015 2.220e+01
E 005 019 8.320e+01
E 006 007 6.037e+01
E 006 010 7.333e+01
E 006 011 2.002e+01
E 006 013 5.009e+01
E 006 018 6.294e+01
E 007 008 1.746e+01
E 007 009 4.301e+01
E 007 015 6.762e+01
E 007 016 5.644e+01
E 007 019 4.368e+01
E 008 010 4.357e+01
E 008 011 5.456e+01
E 008 014 3.329e+01
E 008 015 7.669e+01
E 008 017 1.603e+01
E 009 011 1.342e+01
E 009 016 6.335e+01
E 009 018 4.386e+01
E 010 011 7.316e+01
E 010 014 1.030e+01
E 010 016 8.349e+01
E 010 019 6.932e+01
E 011 017 6.403e+01
E 012 018 4.510e+01
E 012 019 4.741e+01
E 013 016 3.471e+01
E 013 017 4.903e+01
E 015 016 9.437e+01
E 016 017 2.968e+01
