N 000 020 096 4.687e-01
N 001 056 048 8.761e-01
N 002 070 041 4.919e-01
N 003 081 077 3.233e-01
N 004 005 073 5.685e-01
N 005 002 094 4.759e-01
N 006 030 071 4.996e-01
N 007 059 016 9.031e-01
N 008 084 052 9.345e-01
N 009 091 098 7.020e-01
N 010 021 056 2.455e-01
N 011 094 045 7.973e-01
N 012 072 089 8.202e-01
N 013 092 054 7.400e-01
N 014 071 037 3.542e-02
N 015 069 028 3.935e-01
N 016 035 009 4.328e-01
N 017 007 012 6.929e-01
N 018 004 000 4.932e-01
N 019 012 022 1.458e-01
E 000 003 6.389e+01
E 000 006 2.693e+01
E 000 007 8.900e+01
E 000 008 7.767e+01
E 000 017 8.500e+01
E 000 018 9.732e+01
E 001 017 6.080e+01
E 001 004 5.680e+01
E 001 013 3.650e+01
E 002 009 6.075e+01
E 002 010 5.124e+01
E 002 003 3.764e+01
E 002 013 2.555e+01
E 002 014 4.123e+00
E 003 004 7.611e+01
E 003 005 8.081e+01
E 003 007 6.485e+01
E 004 005 2.121e+01
E 004 006 2.508e+01
E 004 009 8.956e+01
E 004 011 9.330e+01
E 004 018 7.301e+01
E 005 009 8.909e+01
E 005 012 7.018e+01
E 005 017 8.215e+01
E 005 018 9.402e+01
E 005 019 7.269e+01
E 006 008 5.725e+01
E 006 009 6.671e+01
E 006 011 6.908e+01
E 006 013 6.429e+01
E 006 016 6.220e+01
E 006 017 6.332e+01
E 007 008 4.383e+01
E 007 009 8.802e+01
E 007 011 4.545e+01
E 007 014 2.419e+01
E 007 018 5.728e+01
E 008 012 3.890e+01
E 008 014 1.985e+01
E 009 011 5.308e+01
E 009 014 6.420e+01
E 009 017 1.202e+02
E 009 018 1.310e+02
E 009 019 1.096e+02
E 010 012 6.075e+01
E 010 015 5.557e+01
E 011 015 3.023e+01
E 011 016 6.912e+01
E 011 019 8.516e+01
E 012 017 1.008e+02
E 012 019 8.994e+01
E 013 015 3.471e+01
E 013 016 7.262e+01
E 013 017 9.481e+01
E 014 016 4.561e+01
E 014 018 7.654e+01
E 016 017 2.816e+01
E 017 018 1.237e+01
E 018 019 2.341e+01
