N 000 059 016 4.437e-01
N 001 080 046 5.341e-01
N 002 098 003 9.355e-01
N 003 035 041 8.193e-01
N 004 027 002 8.380e-03
N 005 028 067 5.740e-01
N 006 061 088 3.996e-01
N 007 018 016 4.979e-01
N 008 013 080 1.199e-01
N 009 013 058 5.063e-01
N 010 022 085 7.507e-01
N 011 078 004 2.147e-01
N 012 052 073 3.761e-01
N 013 052 099 1.385e-01
N 014 005 012 2.059e-01
N 015 016 067 8.673e-01
N 016 044 077 8.643e-01
N 017 010 085 3.115e-01
N 018 008 021 7.728e-01
N 019 085 013 2.533e-01
E 000 005 5.968e+01
E 000 006 7.203e+01
E 000 008 7.882e+01
E 000 011 2.247e+01
E 000 012 5.743e+01
E 000 013 8.329e+01
E 000 015 6.671e+01
E 000 016 6.282e+01
E 000 019 2.617e+01
E 001 017 8.013e+01
E 001 002 4.662e+01
E 001 011 4.205e+01
E 001 006 4.610e+01
E 002 004 7.101e+01
E 002 009 1.012e+02
E 002 012 8.376e+01
E 002 015 1.040e+02
E 002 016 9.161e+01
E 002 017 1.203e+02
E 003 009 2.780e+01
E 003 005 2.693e+01
E 003 006 5.371e+01
E 003 013 6.044e+01
E 004 006 9.248e+01
E 004 010 8.315e+01
E 004 012 7.527e+01
E 004 015 6.592e+01
E 004 018 2.687e+01
E 005 006 3.912e+01
E 005 007 5.197e+01
E 005 008 1.985e+01
E 005 011 8.043e+01
E 005 012 2.474e+01
E 005 013 4.000e+01
E 005 019 7.852e+01
E 006 008 4.866e+01
E 006 009 5.660e+01
E 006 010 3.912e+01
E 006 014 9.440e+01
E 006 018 8.543e+01
E 007 010 6.912e+01
E 007 013 8.969e+01
E 007 014 1.360e+01
E 007 017 6.946e+01
E 007 018 1.118e+01
E 007 019 6.707e+01
E 008 010 1.030e+01
E 008 013 4.338e+01
E 008 018 5.921e+01
E 009 011 8.450e+01
E 009 015 9.487e+00
E 009 016 3.636e+01
E 009 019 8.491e+01
E 012 018 6.812e+01
E 015 016 2.973e+01
E 015 017 1.897e+01
E 015 019 8.762e+01
E 016 018 6.657e+01
E 016 019 7.601e+01
E 017 018 6.403e+01
