N 000 066 076 4.971e-01
N 001 042 034 7.902e-01
N 002 021 079 2.466e-01
N 003 016 029 2.051e-01
N 004 035 014 9.583e-02
N 005 025 018 6.094e-01
N 006 054 080 7.260e-01
N 007 020 006 9.469e-01
N 008 018 036 9.544e-01
N 009 081 067 4.178e-01
N 010 017 068 5.880e-01
N 011 048 063 6.291e-01
N 012 036 086 5.065e-01
N 013 085 056 4.457e-01
N 014 041 008 3.779e-01
N 015 031 072 5.640e-01
N 016 067 097 7.362e-01
N 017 032 063 8.621e-01
N 018 076 025 5.364e-01
N 019 095 087 5.052e-01
E 000 004 6.932e+01
E 000 005 7.103e+01
E 000 007 8.376e+01
E 000 011 2.220e+01
E 000 016 2.102e+01
E 000 017 3.640e+01
E 001 003 2.648e+01
E 001 004 2.119e+01
E 001 005 2.335e+01
E 001 006 4.754e+01
E 001 009 5.109e+01
E 001 011 2.961e+01
E 001 013 4.830e+01
E 001 018 3.517e+01
E 002 004 6.649e+01
E 002 006 3.302e+01
E 002 007 7.301e+01
E 002 009 6.119e+01
E 002 015 1.221e+01
E 002 018 7.708e+01
E 003 005 1.421e+01
E 003 008 7.280e+00
E 003 010 3.901e+01
E 003 013 7.409e+01
E 003 016 8.500e+01
E 004 006 6.868e+01
E 004 010 5.692e+01
E 004 012 7.201e+01
E 004 015 5.814e+01
E 004 017 4.909e+01
E 004 019 9.449e+01
E 005 014 1.887e+01
E 005 015 5.433e+01
E 005 019 9.829e+01
E 006 008 5.685e+01
E 007 011 6.351e+01
E 007 012 8.158e+01
E 008 009 7.021e+01
E 008 010 3.202e+01
E 008 014 3.624e+01
E 008 015 3.828e+01
E 009 010 6.401e+01
E 009 014 7.128e+01
E 009 019 2.441e+01
E 010 011 3.140e+01
E 010 014 6.462e+01
E 010 015 1.456e+01
E 011 012 2.594e+01
E 012 013 5.745e+01
E 013 015 5.632e+01
E 013 016 4.478e+01
E 013 018 3.228e+01
E 014 019 9.569e+01
E 015 017 9.055e+00
E 015 018 6.507e+01
E 015 019 6.573e+01
E 016 017 4.880e+01
E 016 018 7.256e+01
E 016 019 2.973e+01
E 017 019 6.742e+01
