N 000 029 045 2.430e-01
N 001 044 044 6.072e-01
N 002 066 080 2.368e-02
N 003 002 035 6.976e-01
N 004 087 048 2.176e-01
N 005 080 045 3.206e-02
N 006 040 016 4.380e-01
N 007 089 085 9.541e-01
N 008 010 061 6.315e-01
N 009 093 031 5.862e-01
N 010 039 090 3.940e-01
N 011 039 028 3.980e-01
N 012 007 018 2.929e-01
N 013 040 044 1.292e-02
N 014 009 019 7.579e-01
N 015 055 005 9.859e-01
N 016 085 019 8.413e-01
N 017 081 080 8.941e-01
N 018 035 002 2.624e-01
N 019 042 016 1.443e-01
E 000 002 5.093e+01
E 000 003 2.879e+01
E 000 005 5.100e+01
E 000 006 3.102e+01
E 000 007 7.211e+01
E 000 013 1.105e+01
E 000 015 4.771e+01
E 000 017 6.268e+01
E 001 009 5.070e+01
E 001 010 4.627e+01
E 001 013 4.000e+00
E 001 006 2.828e+01
E 001 007 6.088e+01
E 002 008 5.914e+01
E 002 009 5.595e+01
E 002 012 8.559e+01
E 002 015 7.580e+01
E 002 016 6.389e+01
E 002 019 6.835e+01
E 003 006 4.249e+01
E 003 007 1.003e+02
E 003 011 3.766e+01
E 003 012 1.772e+01
E 003 017 9.092e+01
E 003 018 4.667e+01
E 004 008 7.809e+01
E 004 017 3.256e+01
E 004 011 5.200e+01
E 004 012 8.544e+01
E 004 005 7.616e+00
E 005 006 4.941e+01
E 005 007 4.100e+01
E 005 011 4.438e+01
E 005 015 4.717e+01
E 005 016 2.648e+01
E 005 018 6.224e+01
E 006 008 5.408e+01
E 006 013 2.800e+01
E 007 010 5.025e+01
E 007 012 1.059e+02
E 007 013 6.389e+01
E 007 014 1.037e+02
E 007 016 6.612e+01
E 008 009 8.826e+01
E 008 010 4.101e+01
E 008 012 4.310e+01
E 009 019 5.316e+01
E 010 011 6.200e+01
E 010 014 7.708e+01
E 011 014 3.132e+01
E 011 015 2.802e+01
E 011 016 4.687e+01
E 011 017 6.684e+01
E 012 016 7.801e+01
E 012 019 3.506e+01
E 013 014 3.982e+01
E 013 017 5.456e+01
E 014 019 3.314e+01
E 015 018 2.022e+01
E 015 019 1.703e+01
