N 000 062 075 5.626e-01
N 001 000 057 4.280e-01
N 002 041 065 8.581e-01
N 003 030 048 9.280e-01
N 004 035 030 3.949e-01
N 005 075 027 5.535e-01
N 006 094 059 3.237e-01
N 007 003 092 9.667e-02
N 008 051 084 7.853e-01
N 009 038 050 8.035e-01
N 010 089 090 2.153e-01
N 011 095 028 4.094e-01
N 012 091 074 7.532e-02
N 013 037 031 5.895e-01
N 014 025 008 6.527e-01
N 015 056 025 1.567e-01
N 016 024 095 5.895e-01
N 017 060 000 1.569e-01
N 018 017 097 4.577e-01
N 019 013 046 3.129e-01
E 000 001 6.456e+01
E 000 007 6.140e+01
E 000 008 1.421e+01
E 000 010 3.089e+01
E 000 018 5.009e+01
E 000 019 5.694e+01
E 001 002 4.177e+01
E 001 006 9.402e+01
E 001 007 3.513e+01
E 001 008 5.771e+01
E 001 011 9.933e+01
E 001 014 5.501e+01
E 001 016 4.494e+01
E 001 017 8.276e+01
E 002 004 3.551e+01
E 002 009 1.530e+01
E 002 010 5.412e+01
E 002 014 5.920e+01
E 002 016 3.448e+01
E 003 007 5.162e+01
E 003 008 4.168e+01
E 003 009 8.246e+00
E 003 012 6.631e+01
E 003 013 1.838e+01
E 003 019 1.712e+01
E 004 007 6.977e+01
E 004 011 6.003e+01
E 004 013 2.236e+00
E 004 017 3.905e+01
E 004 019 2.720e+01
E 005 017 3.089e+01
E 005 006 3.722e+01
E 006 007 9.680e+01
E 006 008 4.974e+01
E 006 009 5.672e+01
E 006 014 8.580e+01
E 006 019 8.204e+01
E 007 010 8.602e+01
E 007 013 6.984e+01
E 007 015 8.543e+01
E 007 018 1.487e+01
E 008 011 7.122e+01
E 008 012 4.123e+01
E 008 013 5.482e+01
E 008 017 8.448e+01
E 009 010 6.482e+01
E 009 013 1.903e+01
E 009 014 4.397e+01
E 009 016 4.713e+01
E 010 015 7.290e+01
E 010 018 7.234e+01
E 010 019 8.782e+01
E 011 013 5.808e+01
E 011 012 4.617e+01
E 012 013 6.903e+01
E 012 015 6.022e+01
E 012 017 8.023e+01
E 013 015 1.992e+01
E 015 018 8.188e+01
E 015 019 4.785e+01
