N 000 001 078 2.057e-01
N 001 061 041 4.792e-01
N 002 059 062 9.221e-01
N 003 033 084 7.419e-01
N 004 058 098 8.195e-01
N 005 068 064 8.179e-01
N 006 003 066 4.683e-01
N 007 021 083 5.577e-02
N 008 098 074 6.770e-01
N 009 013 047 9.442e-01
N 010 068 069 3.835e-01
N 011 007 014 1.797e-01
N 012 037 064 5.783e-01
N 013 021 069 4.398e-01
N 014 022 013 3.229e-01
N 015 002 009 6.080e-01
N 016 047 016 6.433e-01
N 017 089 040 7.261e-01
N 018 028 093 7.206e-01
N 019 014 093 4.184e-01
E 000 002 6.017e+01
E 000 005 6.845e+01
E 000 006 1.217e+01
E 000 008 9.708e+01
E 000 009 3.324e+01
E 000 010 6.760e+01
E 000 015 6.901e+01
E 000 018 3.089e+01
E 000 019 1.985e+01
E 001 003 5.131e+01
E 001 005 2.404e+01
E 001 006 6.316e+01
E 001 013 4.883e+01
E 001 014 4.801e+01
E 001 016 2.865e+01
E 001 018 6.159e+01
E 001 019 7.009e+01
E 002 003 3.406e+01
E 002 005 9.220e+00
E 002 007 4.342e+01
E 002 010 1.140e+01
E 002 018 4.384e+01
E 003 004 2.865e+01
E 003 007 1.204e+01
E 003 009 4.206e+01
E 003 013 1.921e+01
E 003 014 7.185e+01
E 004 011 9.827e+01
E 004 006 6.363e+01
E 005 017 3.189e+01
E 005 007 5.070e+01
E 006 018 3.680e+01
E 006 016 6.660e+01
E 007 013 1.400e+01
E 007 016 7.187e+01
E 007 018 1.221e+01
E 007 019 1.221e+01
E 008 010 3.041e+01
E 008 013 7.716e+01
E 008 014 9.745e+01
E 008 016 7.723e+01
E 008 019 8.612e+01
E 009 011 3.354e+01
E 010 011 8.213e+01
E 010 016 5.701e+01
E 011 018 8.174e+01
E 011 015 7.071e+00
E 012 017 5.727e+01
E 012 019 3.701e+01
E 012 013 1.676e+01
E 012 014 5.316e+01
E 012 015 6.519e+01
E 013 015 6.294e+01
E 013 018 2.500e+01
E 014 015 2.040e+01
E 015 017 9.236e+01
E 015 018 8.793e+01
E 016 017 4.837e+01
E 017 019 9.184e+01
E 018 019 1.400e+01
