N 000 003 003 5.656e-01
N 001 058 027 6.082e-01
N 002 032 064 4.232e-01
N 003 082 047 9.069e-01
N 004 003 058 8.636e-01
N 005 020 049 7.962e-01
N 006 058 052 8.281e-02
N 007 039 083 6.557e-01
N 008 077 030 7.225e-01
N 009 094 016 7.758e-01
N 010 026 017 3.330e-01
N 011 020 092 8.737e-03
N 012 031 043 1.626e-01
N 013 040 044 3.024e-01
N 014 099 092 1.137e-02
N 015 023 021 1.794e-01
N 016 017 017 3.072e-01
N 017 096 040 1.853e-01
N 018 064 096 6.451e-01
N 019 052 059 5.580e-01
E 000 002 6.754e+01
E 000 003 9.043e+01
E 000 004 5.500e+01
E 000 007 8.773e+01
E 000 011 9.061e+01
E 000 015 2.691e+01
E 001 002 4.522e+01
E 001 004 6.313e+01
E 001 013 2.476e+01
E 001 006 2.500e+01
E 002 011 3.046e+01
E 002 016 4.934e+01
E 003 017 1.565e+01
E 003 018 5.220e+01
E 003 019 3.231e+01
E 003 007 5.608e+01
E 004 007 4.383e+01
E 004 012 3.176e+01
E 004 016 4.332e+01
E 004 018 7.187e+01
E 005 019 3.353e+01
E 005 009 8.102e+01
E 005 011 4.300e+01
E 005 017 7.653e+01
E 005 007 3.895e+01
E 006 018 4.441e+01
E 006 012 2.846e+01
E 006 013 1.970e+01
E 007 008 6.522e+01
E 007 010 6.727e+01
E 007 011 2.102e+01
E 007 012 4.079e+01
E 007 014 6.067e+01
E 007 015 6.403e+01
E 007 016 6.957e+01
E 008 011 8.422e+01
E 008 012 4.780e+01
E 008 013 3.956e+01
E 008 014 6.579e+01
E 008 016 6.139e+01
E 008 017 2.147e+01
E 008 019 3.829e+01
E 009 016 7.701e+01
E 009 011 1.061e+02
E 009 013 6.083e+01
E 010 012 2.648e+01
E 010 015 5.000e+00
E 010 016 9.000e+00
E 010 017 7.368e+01
E 010 019 4.940e+01
E 011 013 5.200e+01
E 012 015 2.341e+01
E 012 016 2.953e+01
E 012 018 6.243e+01
E 013 014 7.606e+01
E 013 017 5.614e+01
E 013 018 5.727e+01
E 013 019 1.921e+01
E 014 015 1.040e+02
E 018 019 3.890e+01
