N 000 001 020 3.913e-01
N 001 024 004 2.664e-01
N 002 004 016 1.148e-01
N 003 055 053 1.956e-01
N 004 088 009 4.922e-01
N 005 071 027 5.187e-01
N 006 018 071 7.528e-01
N 007 082 006 5.650e-01
N 008 070 032 7.410e-01
N 009 046 012 8.645e-01
N 010 062 066 3.269e-02
N 011 033 081 4.046e-01
N 012 085 029 1.722e-01
N 013 012 040 2.192e-01
N 014 096 041 9.512e-01
N 015 083 089 6.436e-01
N 016 091 076 4.720e-02
N 017 071 003 2.504e-01
N 018 024 058 3.298e-01
N 019 081 021 5.641e-01
E 000 009 4.571e+01
E 000 015 1.072e+02
E 000 005 7.035e+01
E 000 014 9.729e+01
E 000 007 8.220e+01
E 001 017 4.701e+01
E 001 004 6.420e+01
E 001 013 3.795e+01
E 001 007 5.803e+01
E 002 009 4.219e+01
E 002 010 7.658e+01
E 002 011 7.118e+01
E 002 014 9.534e+01
E 002 017 6.825e+01
E 002 019 7.716e+01
E 003 016 4.272e+01
E 003 019 4.123e+01
E 003 011 3.561e+01
E 004 007 6.708e+00
E 004 010 6.265e+01
E 004 013 8.208e+01
E 004 014 3.298e+01
E 004 016 6.707e+01
E 005 009 2.915e+01
E 005 010 4.002e+01
E 005 014 2.865e+01
E 005 015 6.315e+01
E 005 018 5.630e+01
E 006 008 6.500e+01
E 006 009 6.531e+01
E 006 016 7.317e+01
E 006 014 8.357e+01
E 006 007 9.122e+01
E 007 010 6.325e+01
E 007 011 8.959e+01
E 007 014 3.770e+01
E 007 018 7.790e+01
E 008 009 3.124e+01
E 008 012 1.530e+01
E 008 017 2.902e+01
E 008 015 5.846e+01
E 009 011 7.021e+01
E 009 015 8.543e+01
E 009 016 7.824e+01
E 009 018 5.099e+01
E 010 013 5.636e+01
E 010 015 3.114e+01
E 011 015 5.064e+01
E 012 017 2.953e+01
E 012 019 8.944e+00
E 013 016 8.682e+01
E 013 014 8.401e+01
E 014 015 4.973e+01
E 014 017 4.549e+01
E 015 016 1.526e+01
E 015 017 8.683e+01
E 015 018 6.665e+01
E 016 019 5.590e+01
E 017 018 7.235e+01
E 018 019 6.796e+01
