N 000 084 039 4.182e-02
N 001 036 057 3.712e-01
N 002 042 051 2.109e-01
N 003 044 047 6.679e-01
N 004 041 095 4.317e-01
N 005 056 077 7.109e-01
N 006 085 065 5.805e-01
N 007 029 099 9.290e-01
N 008 087 041 7.633e-02
N 009 099 054 8.781e-01
N 010 010 084 6.234e-01
N 011 072 036 8.962e-01
N 012 071 006 1.719e-01
N 013 013 069 2.498e-01
N 014 063 089 3.246e-01
N 015 021 086 1.374e-01
N 016 054 027 2.724e-01
N 017 038 033 3.096e-01
N 018 031 036 1.898e-01
N 019 022 059 7.789e-01
E 000 019 6.515e+01
E 000 012 3.547e+01
E 000 010 8.661e+01
E 000 003 4.079e+01
E 000 004 7.060e+01
E 001 003 1.281e+01
E 001 004 3.833e+01
E 001 005 2.828e+01
E 001 009 6.307e+01
E 001 011 4.168e+01
E 001 013 2.594e+01
E 001 015 3.265e+01
E 002 005 2.953e+01
E 002 007 4.973e+01
E 002 008 4.610e+01
E 002 010 4.597e+01
E 002 011 3.354e+01
E 002 012 5.354e+01
E 002 013 3.413e+01
E 003 012 4.909e+01
E 003 006 4.478e+01
E 003 017 1.523e+01
E 004 009 7.103e+01
E 004 012 9.392e+01
E 004 013 3.821e+01
E 004 017 6.207e+01
E 004 018 5.984e+01
E 004 019 4.071e+01
E 005 007 3.483e+01
E 005 008 4.751e+01
E 005 011 4.401e+01
E 005 012 7.257e+01
E 005 018 4.802e+01
E 006 008 2.408e+01
E 006 017 5.686e+01
E 006 010 7.737e+01
E 007 012 1.020e+02
E 007 014 3.544e+01
E 007 015 1.526e+01
E 008 011 1.581e+01
E 008 018 5.622e+01
E 008 019 6.745e+01
E 009 010 9.392e+01
E 009 011 3.245e+01
E 009 013 8.730e+01
E 009 015 8.431e+01
E 009 017 6.451e+01
E 009 018 7.034e+01
E 009 019 7.716e+01
E 010 015 1.118e+01
E 010 016 7.201e+01
E 011 012 3.002e+01
E 012 014 8.338e+01
E 012 015 9.434e+01
E 013 019 1.345e+01
E 014 016 6.265e+01
E 014 015 4.211e+01
E 015 018 5.099e+01
E 017 018 7.616e+00
E 017 019 3.053e+01
