N 000 038 028 3.567e-01
N 001 098 094 3.063e-01
N 002 044 011 9.039e-01
N 003 050 050 1.716e-01
N 004 039 085 7.272e-01
N 005 083 094 1.830e-01
N 006 036 061 9.236e-01
N 007 076 077 6.212e-01
N 008 009 055 6.894e-01
N 009 020 095 4.462e-01
N 010 082 037 5.435e-01
N 011 020 029 1.034e-01
N 012 000 031 1.691e-01
N 013 003 082 7.389e-01
N 014 058 052 3.496e-01
N 015 025 028 4.873e-01
N 016 071 037 4.444e-01
N 017 066 090 2.855e-01
N 018 018 008 9.162e-02
N 019 030 064 4.140e-01
E 000 001 8.920e+01
E 000 002 1.803e+01
E 000 004 5.701e+01
E 000 007 6.201e+01
E 000 008 3.962e+01
E 000 011 1.803e+01
E 000 014 3.124e+01
E 000 018 2.828e+01
E 001 008 9.717e+01
E 001 010 5.920e+01
E 001 012 1.165e+02
E 001 014 5.800e+01
E 001 015 9.841e+01
E 001 017 3.225e+01
E 001 018 1.175e+02
E 002 007 7.335e+01
E 002 008 5.622e+01
E 002 009 8.736e+01
E 002 016 3.748e+01
E 002 018 2.617e+01
E 003 009 5.408e+01
E 003 006 1.780e+01
E 003 015 3.330e+01
E 004 006 2.419e+01
E 004 011 5.914e+01
E 004 017 2.746e+01
E 004 018 7.981e+01
E 004 019 2.285e+01
E 005 019 6.090e+01
E 005 013 8.089e+01
E 005 006 5.743e+01
E 005 015 8.786e+01
E 006 014 2.377e+01
E 006 013 3.912e+01
E 007 017 1.640e+01
E 007 018 9.014e+01
E 007 010 4.045e+01
E 008 010 7.519e+01
E 008 014 4.909e+01
E 008 019 2.285e+01
E 009 016 7.723e+01
E 009 018 8.702e+01
E 009 014 5.738e+01
E 010 014 2.830e+01
E 011 017 7.640e+01
E 011 013 5.566e+01
E 012 016 7.125e+01
E 012 018 2.921e+01
E 012 014 6.168e+01
E 012 017 8.853e+01
E 013 014 6.265e+01
E 014 016 1.985e+01
E 014 017 3.883e+01
E 014 019 3.046e+01
E 015 016 4.687e+01
E 015 017 7.433e+01
E 015 018 2.119e+01
E 016 019 4.909e+01
E 017 018 9.502e+01
E 017 019 4.441e+01
