N 000 068 070 8.539e-01
N 001 076 038 4.865e-01
N 002 087 068 5.594e-02
N 003 023 056 7.249e-01
N 004 015 092 4.968e-01
N 005 077 047 8.077e-01
N 006 038 013 4.153e-01
N 007 034 027 5.227e-02
N 008 002 094 6.299e-01
N 009 069 019 1.670e-01
N 010 006 037 9.030e-01
N 011 064 026 5.610e-01
N 012 080 061 3.474e-01
N 013 035 095 4.881e-01
N 014 038 062 5.198e-01
N 015 012 002 1.617e-01
N 016 065 034 4.911e-01
N 017 065 081 6.607e-01
N 018 010 058 2.555e-01
N 019 032 078 2.267e-01
E 000 002 1.910e+01
E 000 005 2.470e+01
E 000 007 5.482e+01
E 000 008 7.023e+01
E 000 013 4.140e+01
E 000 014 3.105e+01
E 000 016 3.612e+01
E 000 019 3.688e+01
E 001 019 5.946e+01
E 001 009 2.025e+01
E 001 003 5.597e+01
E 002 003 6.512e+01
E 002 004 7.589e+01
E 002 005 2.326e+01
E 002 008 8.889e+01
E 002 009 5.220e+01
E 002 012 9.899e+00
E 002 016 4.050e+01
E 002 019 5.590e+01
E 003 009 5.903e+01
E 003 012 5.722e+01
E 003 017 4.888e+01
E 003 019 2.377e+01
E 004 006 8.228e+01
E 004 008 1.315e+01
E 004 009 9.080e+01
E 004 010 5.573e+01
E 004 013 2.022e+01
E 004 015 9.005e+01
E 004 016 7.658e+01
E 004 017 5.120e+01
E 004 019 2.202e+01
E 005 006 5.174e+01
E 005 009 2.912e+01
E 005 016 1.769e+01
E 005 017 3.606e+01
E 006 009 3.158e+01
E 006 014 4.900e+01
E 006 015 2.823e+01
E 007 008 7.425e+01
E 007 009 3.590e+01
E 007 012 5.720e+01
E 007 016 3.178e+01
E 007 017 6.227e+01
E 008 019 3.400e+01
E 009 015 5.948e+01
E 009 016 1.552e+01
E 009 017 6.213e+01
E 009 019 6.964e+01
E 010 016 5.908e+01
E 010 019 4.855e+01
E 011 016 8.062e+00
E 012 017 2.500e+01
E 013 019 1.726e+01
E 014 016 3.890e+01
E 014 018 2.828e+01
E 014 019 1.709e+01
E 016 017 4.700e+01
E 016 018 6.001e+01
E 018 019 2.973e+01
