N 000 071 005 9.010e-01
N 001 039 011 9.055e-01
N 002 064 020 7.814e-02
N 003 043 087 4.915e-01
N 004 085 028 9.917e-02
N 005 049 081 3.803e-01
N 006 092 095 2.940e-01
N 007 070 035 2.371e-01
N 008 051 046 2.265e-01
N 009 014 049 3.213e-01
N 010 084 010 3.387e-01
N 011 065 007 5.881e-02
N 012 085 039 1.781e-01
N 013 013 060 6.782e-01
N 014 002 042 1.668e-01
N 015 007 078 5.045e-01
N 016 056 054 5.475e-01
N 017 081 024 2.282e-01
N 018 072 019 5.024e-02
N 019 039 059 6.630e-01
E 000 017 2.147e+01
E 000 019 6.277e+01
E 000 004 2.693e+01
E 000 013 7.993e+01
E 000 015 9.708e+01
E 001 008 3.700e+01
E 001 011 2.631e+01
E 001 003 7.611e+01
E 001 016 4.624e+01
E 001 019 4.800e+01
E 002 016 3.493e+01
E 002 003 7.021e+01
E 003 004 7.242e+01
E 003 005 8.485e+00
E 003 009 4.780e+01
E 003 012 6.378e+01
E 003 016 3.547e+01
E 003 017 7.357e+01
E 004 010 1.803e+01
E 004 012 1.100e+01
E 004 016 3.895e+01
E 004 017 5.657e+00
E 005 007 5.057e+01
E 005 009 4.742e+01
E 005 010 7.916e+01
E 005 015 4.211e+01
E 005 017 6.537e+01
E 006 008 6.389e+01
E 006 011 9.205e+01
E 006 012 5.644e+01
E 006 013 8.641e+01
E 006 014 1.044e+02
E 006 015 8.668e+01
E 006 016 5.456e+01
E 006 017 7.185e+01
E 006 018 7.859e+01
E 007 008 2.195e+01
E 007 010 2.865e+01
E 007 015 7.628e+01
E 007 013 6.224e+01
E 008 018 3.421e+01
E 009 010 8.013e+01
E 009 012 7.170e+01
E 009 014 1.389e+01
E 009 016 4.230e+01
E 009 018 6.530e+01
E 010 015 1.027e+02
E 011 018 1.389e+01
E 011 012 3.774e+01
E 011 014 7.207e+01
E 012 013 7.500e+01
E 012 015 8.721e+01
E 012 019 5.016e+01
E 013 014 2.110e+01
E 013 016 4.342e+01
E 014 019 4.072e+01
E 015 018 8.778e+01
E 015 019 3.722e+01
E 016 017 3.905e+01
E 017 019 5.467e+01
