N 000 095 005 6.879e-01
N 001 088 012 2.078e-01
N 002 088 090 2.224e-01
N 003 044 042 1.813e-01
N 004 020 003 3.336e-01
N 005 096 021 6.047e-01
N 006 033 055 7.987e-01
N 007 051 083 2.853e-01
N 008 071 014 4.354e-01
N 009 059 031 7.136e-01
N 010 006 053 5.070e-01
N 011 092 000 3.275e-02
N 012 025 006 8.821e-01
N 013 073 081 4.546e-01
N 014 069 064 8.074e-01
N 015 099 014 8.035e-01
N 016 047 000 7.646e-01
N 017 008 004 3.695e-01
N 018 073 010 9.341e-01
N 019 036 055 9.704e-01
E 000 004 7.503e+01
E 000 007 8.955e+01
E 000 010 1.011e+02
E 000 012 7.001e+01
E 000 013 7.912e+01
E 000 015 9.849e+00
E 001 008 1.712e+01
E 001 009 3.467e+01
E 001 003 5.325e+01
E 001 012 6.329e+01
E 002 015 7.679e+01
E 002 011 9.009e+01
E 002 005 6.946e+01
E 002 014 3.220e+01
E 002 007 3.766e+01
E 003 008 3.890e+01
E 003 018 4.319e+01
E 003 011 6.378e+01
E 004 005 7.810e+01
E 004 008 5.217e+01
E 004 012 5.831e+00
E 004 013 9.430e+01
E 004 017 1.204e+01
E 005 007 7.661e+01
E 005 009 3.833e+01
E 005 011 2.138e+01
E 005 014 5.077e+01
E 005 017 8.963e+01
E 006 008 5.590e+01
E 006 007 3.329e+01
E 007 010 5.408e+01
E 007 012 8.127e+01
E 007 015 8.405e+01
E 007 016 8.310e+01
E 007 017 8.994e+01
E 008 009 2.081e+01
E 008 013 6.703e+01
E 008 014 5.004e+01
E 009 010 5.738e+01
E 009 012 4.220e+01
E 009 015 4.346e+01
E 009 017 5.771e+01
E 009 019 3.324e+01
E 010 012 5.070e+01
E 010 016 6.701e+01
E 010 018 7.961e+01
E 010 019 3.007e+01
E 011 013 8.320e+01
E 011 016 4.500e+01
E 011 017 8.410e+01
E 011 018 2.147e+01
E 011 019 7.849e+01
E 012 018 4.817e+01
E 013 019 4.522e+01
E 015 016 5.385e+01
E 015 017 9.155e+01
E 015 018 2.631e+01
E 015 019 7.517e+01
E 016 019 5.609e+01
E 017 019 5.818e+01
