N 000 013 038 4.505e-01
N 001 053 006 7.553e-01
N 002 007 028 2.104e-01
N 003 018 096 7.394e-01
N 004 035 048 4.097e-01
N 005 011 048 3.405e-01
N 006 070 018 5.318e-01
N 007 089 082 5.557e-01
N 008 089 086 2.157e-01
N 009 090 034 3.253e-02
N 010 030 033 2.986e-01
N 011 034 024 8.888e-01
N 012 026 099 6.042e-01
N 013 078 065 6.633e-01
N 014 047 048 7.237e-01
N 015 034 082 2.803e-01
N 016 018 040 6.299e-01
N 017 081 057 7.753e-01
N 018 067 097 7.491e-01
N 019 073 050 7.508e-01
E 000 008 8.989e+01
E 000 001 5.122e+01
E 000 010 1.772e+01
E 000 018 7.998e+01
E 000 015 4.875e+01
E 001 006 2.081e+01
E 001 010 3.547e+01
E 001 011 2.617e+01
E 001 013 6.408e+01
E 001 019 4.833e+01
E 002 006 6.379e+01
E 002 009 8.322e+01
E 002 010 2.354e+01
E 002 011 2.729e+01
E 002 016 1.628e+01
E 002 018 9.144e+01
E 003 006 9.374e+01
E 003 009 9.502e+01
E 003 011 7.376e+01
E 003 012 8.544e+00
E 003 013 6.754e+01
E 003 018 4.901e+01
E 003 019 7.170e+01
E 004 008 6.603e+01
E 004 019 3.805e+01
E 004 013 4.624e+01
E 005 008 8.676e+01
E 005 016 1.063e+01
E 005 013 6.912e+01
E 005 014 3.600e+01
E 006 009 2.561e+01
E 006 011 3.650e+01
E 006 012 9.218e+01
E 006 015 7.343e+01
E 007 008 4.000e+00
E 007 011 7.993e+01
E 007 012 6.525e+01
E 007 013 2.025e+01
E 007 014 5.404e+01
E 007 019 3.578e+01
E 008 010 7.931e+01
E 008 011 8.288e+01
E 008 012 6.433e+01
E 008 014 5.664e+01
E 009 016 7.225e+01
E 009 015 7.376e+01
E 010 011 9.849e+00
E 010 013 5.769e+01
E 010 015 4.916e+01
E 011 013 6.014e+01
E 011 016 2.263e+01
E 012 013 6.213e+01
E 012 014 5.515e+01
E 012 019 6.790e+01
E 013 017 8.544e+00
E 014 018 5.292e+01
E 015 017 5.324e+01
E 015 019 5.045e+01
E 016 019 5.590e+01
E 018 019 4.738e+01
