N 000 033 000 7.801e-01
N 001 056 064 7.125e-01
N 002 026 032 9.266e-01
N 003 076 036 9.678e-01
N 004 079 037 7.167e-01
N 005 034 061 7.206e-01
N 006 051 076 6.309e-01
N 007 010 003 1.628e-01
N 008 074 049 5.352e-01
N 009 092 082 5.810e-01
N 010 098 080 5.356e-01
N 011 023 083 3.638e-01
N 012 096 092 9.095e-01
N 013 019 051 7.397e-01
N 014 017 088 1.979e-01
N 015 024 046 8.491e-03
N 016 077 047 7.773e-01
N 017 073 079 4.944e-01
N 018 055 073 2.116e-01
N 019 048 051 1.098e-01
E 000 009 1.010e+02
E 000 003 5.608e+01
E 000 004 5.903e+01
E 000 006 7.810e+01
E 000 007 2.319e+01
E 001 002 4.386e+01
E 001 004 3.547e+01
E 001 005 2.220e+01
E 001 007 7.640e+01
E 001 008 2.343e+01
E 001 011 3.808e+01
E 001 016 2.702e+01
E 001 019 1.526e+01
E 002 003 5.016e+01
E 002 004 5.324e+01
E 002 006 5.061e+01
E 002 008 5.092e+01
E 002 009 8.280e+01
E 002 015 1.414e+01
E 002 016 5.316e+01
E 003 004 3.162e+00
E 003 009 4.870e+01
E 003 016 1.105e+01
E 003 018 4.254e+01
E 004 007 7.692e+01
E 004 008 1.300e+01
E 004 016 1.020e+01
E 004 017 4.243e+01
E 004 018 4.327e+01
E 006 009 4.144e+01
E 006 010 4.717e+01
E 006 012 4.776e+01
E 006 018 5.000e+00
E 007 008 7.882e+01
E 007 009 1.139e+02
E 007 014 8.529e+01
E 007 015 4.522e+01
E 007 018 8.322e+01
E 008 012 4.830e+01
E 008 013 5.504e+01
E 008 016 3.606e+00
E 009 010 6.325e+00
E 009 018 3.808e+01
E 010 013 8.415e+01
E 010 014 8.139e+01
E 010 016 3.912e+01
E 010 017 2.502e+01
E 010 018 4.357e+01
E 011 012 7.355e+01
E 011 013 3.225e+01
E 011 014 7.810e+00
E 011 018 3.353e+01
E 011 019 4.061e+01
E 012 013 8.724e+01
E 012 017 2.642e+01
E 012 019 6.313e+01
E 013 018 4.219e+01
E 014 019 4.827e+01
E 014 018 4.085e+01
E 015 018 4.111e+01
