N 000 045 065 5.853e-01
N 001 026 082 9.372e-01
N 002 038 078 5.219e-01
N 003 010 048 5.579e-01
N 004 043 054 8.866e-01
N 005 012 055 3.015e-01
N 006 093 026 1.401e-01
N 007 027 077 1.005e-01
N 008 060 067 5.473e-01
N 009 091 059 9.261e-01
N 010 085 005 8.840e-01
N 011 001 076 3.915e-01
N 012 049 011 2.236e-01
N 013 042 028 2.768e-01
N 014 084 027 5.101e-01
N 015 018 074 2.943e-01
N 016 083 010 6.755e-01
N 017 034 053 1.138e-01
N 018 017 066 2.624e-01
N 019 015 012 1.451e-01
E 000 001 2.550e+01
E 000 002 1.476e+01
E 000 003 3.891e+01
E 000 009 4.639e+01
E 000 013 3.712e+01
E 000 018 2.802e+01
E 001 002 1.265e+01
E 001 006 8.732e+01
E 001 009 6.895e+01
E 001 011 2.571e+01
E 001 012 7.463e+01
E 001 013 5.632e+01
E 001 014 7.993e+01
E 001 017 3.008e+01
E 001 019 7.086e+01
E 002 005 3.471e+01
E 002 007 1.105e+01
E 002 008 2.460e+01
E 002 011 3.705e+01
E 003 010 8.645e+01
E 003 018 1.931e+01
E 003 014 7.692e+01
E 004 014 4.909e+01
E 004 018 2.864e+01
E 004 013 2.602e+01
E 004 006 5.731e+01
E 004 007 2.802e+01
E 005 017 2.209e+01
E 005 012 5.749e+01
E 006 008 5.263e+01
E 006 012 4.649e+01
E 006 013 5.104e+01
E 006 014 9.055e+00
E 006 015 8.904e+01
E 007 008 3.448e+01
E 008 011 5.968e+01
E 008 012 5.707e+01
E 008 014 4.665e+01
E 008 015 4.258e+01
E 008 016 6.147e+01
E 008 018 4.301e+01
E 008 019 7.106e+01
E 009 010 5.433e+01
E 009 011 9.159e+01
E 009 016 4.965e+01
E 009 018 7.433e+01
E 010 017 7.004e+01
E 010 013 4.876e+01
E 010 015 9.618e+01
E 011 013 6.313e+01
E 011 014 9.638e+01
E 011 015 1.712e+01
E 011 016 1.053e+02
E 011 017 4.022e+01
E 013 017 2.625e+01
E 013 018 4.549e+01
E 013 019 3.138e+01
E 014 018 7.752e+01
E 016 018 8.656e+01
E 016 017 6.519e+01
