N 000 073 056 2.976e-02
N 001 009 061 4.460e-01
N 002 079 087 5.838e-01
N 003 060 097 6.829e-01
N 004 090 012 3.994e-01
N 005 057 019 9.026e-01
N 006 080 023 4.769e-01
N 007 069 028 5.410e-01
N 008 030 001 2.277e-01
N 009 095 094 7.758e-01
N 010 010 042 3.049e-01
N 011 009 051 7.846e-01
N 012 018 075 5.349e-01
N 013 039 014 1.267e-01
N 014 055 037 9.388e-01
N 015 063 037 6.183e-01
N 016 021 089 9.395e-01
N 017 044 056 6.827e-01
N 018 090 030 2.257e-01
N 019 049 080 1.061e-01
E 000 008 6.981e+01
E 000 011 6.420e+01
E 000 003 4.301e+01
E 001 003 6.243e+01
E 001 004 9.467e+01
E 001 005 6.378e+01
E 001 006 8.053e+01
E 001 009 9.211e+01
E 001 012 1.664e+01
E 001 014 5.188e+01
E 001 017 3.536e+01
E 001 018 8.673e+01
E 002 016 5.803e+01
E 002 009 1.746e+01
E 002 011 7.871e+01
E 002 015 5.250e+01
E 003 004 9.014e+01
E 003 012 4.741e+01
E 003 014 6.021e+01
E 003 015 6.007e+01
E 004 005 3.373e+01
E 004 008 6.100e+01
E 004 009 8.215e+01
E 004 011 8.990e+01
E 004 015 3.680e+01
E 004 016 1.034e+02
E 005 006 2.335e+01
E 005 007 1.500e+01
E 005 010 5.233e+01
E 005 015 1.897e+01
E 006 008 5.463e+01
E 006 010 7.253e+01
E 006 011 7.632e+01
E 006 012 8.092e+01
E 006 018 1.221e+01
E 006 019 6.488e+01
E 008 014 4.383e+01
E 008 016 8.846e+01
E 008 019 8.125e+01
E 009 017 6.360e+01
E 010 018 8.089e+01
E 010 019 5.445e+01
E 011 013 4.763e+01
E 011 014 4.808e+01
E 011 015 5.579e+01
E 011 017 3.536e+01
E 011 018 8.368e+01
E 012 014 5.304e+01
E 012 015 5.890e+01
E 012 017 3.220e+01
E 012 018 8.491e+01
E 012 019 3.140e+01
E 013 017 4.230e+01
E 013 015 3.324e+01
E 014 018 3.569e+01
E 014 019 4.342e+01
E 015 017 2.687e+01
E 015 018 2.789e+01
E 016 019 2.941e+01
E 018 019 6.466e+01
