N 000 050 072 7.083e-01
N 001 097 073 4.923e-01
N 002 041 055 5.860e-01
N 003 075 015 9.527e-01
N 004 031 074 1.656e-01
N 005 084 010 9.305e-01
N 006 017 082 6.863e-01
N 007 019 020 2.770e-02
N 008 045 078 1.343e-01
N 009 015 008 3.786e-02
N 010 050 071 7.904e-01
N 011 015 055 7.078e-01
N 012 001 074 6.893e-01
N 013 003 058 3.201e-01
N 014 059 077 4.607e-01
N 015 099 032 4.648e-01
N 016 004 037 1.140e-01
N 017 001 006 4.099e-02
N 018 075 040 1.090e-01
N 019 039 079 1.795e-01
E 000 002 1.924e+01
E 000 019 1.304e+01
E 000 013 4.904e+01
E 000 014 1.030e+01
E 000 015 6.325e+01
E 001 017 1.171e+02
E 001 002 5.882e+01
E 001 014 3.821e+01
E 001 015 4.105e+01
E 002 003 5.250e+01
E 002 006 3.612e+01
E 002 007 4.134e+01
E 002 011 2.600e+01
E 002 012 4.428e+01
E 002 013 3.812e+01
E 002 017 6.325e+01
E 003 004 7.360e+01
E 003 009 6.041e+01
E 003 010 6.133e+01
E 003 012 9.464e+01
E 003 017 7.455e+01
E 004 011 2.484e+01
E 004 012 3.000e+01
E 004 014 2.816e+01
E 005 016 8.443e+01
E 005 017 8.310e+01
E 005 010 6.984e+01
E 005 019 8.238e+01
E 005 015 2.663e+01
E 006 009 7.403e+01
E 006 019 2.220e+01
E 006 017 7.767e+01
E 007 008 6.356e+01
E 007 009 1.265e+01
E 007 011 3.523e+01
E 007 013 4.123e+01
E 007 017 2.280e+01
E 007 018 5.946e+01
E 008 010 8.602e+00
E 008 019 6.083e+00
E 008 018 4.841e+01
E 009 015 8.736e+01
E 009 010 7.207e+01
E 010 011 3.848e+01
E 010 014 1.082e+01
E 010 017 8.140e+01
E 011 012 2.360e+01
E 011 013 1.237e+01
E 011 016 2.110e+01
E 011 017 5.096e+01
E 011 018 6.185e+01
E 012 013 1.612e+01
E 012 017 6.800e+01
E 013 014 5.914e+01
E 013 015 9.946e+01
E 013 019 4.168e+01
E 014 016 6.801e+01
E 014 017 9.168e+01
E 016 019 5.467e+01
E 018 019 5.308e+01
