N 000 066 029 6.906e-01
N 001 045 012 6.462e-01
N 002 068 078 1.276e-01
N 003 004 003 9.898e-01
N 004 094 082 6.087e-01
N 005 014 040 5.989e-01
N 006 049 074 4.571e-01
N 007 070 008 9.055e-01
N 008 065 045 8.173e-01
N 009 022 062 1.492e-04
N 010 026 037 5.006e-01
N 011 066 047 1.418e-01
N 012 050 094 2.375e-01
N 013 082 073 7.288e-01
N 014 075 047 6.311e-01
N 015 066 028 8.662e-02
N 016 065 077 5.183e-01
N 017 094 098 2.517e-01
N 018 089 030 3.030e-01
N 019 054 095 1.737e-01
E 000 011 1.800e+01
E 000 003 6.723e+01
E 000 014 2.012e+01
E 000 015 1.000e+00
E 001 002 6.989e+01
E 001 003 4.198e+01
E 001 006 6.213e+01
E 001 014 4.610e+01
E 001 015 2.640e+01
E 001 017 9.898e+01
E 001 019 8.349e+01
E 002 004 2.631e+01
E 002 012 2.408e+01
E 002 013 1.487e+01
E 002 014 3.178e+01
E 002 018 5.239e+01
E 002 019 2.202e+01
E 003 005 3.833e+01
E 003 009 6.168e+01
E 003 014 8.353e+01
E 003 016 9.590e+01
E 003 018 8.919e+01
E 004 008 4.701e+01
E 004 010 8.154e+01
E 004 013 1.500e+01
E 004 015 6.083e+01
E 004 019 4.206e+01
E 005 006 4.880e+01
E 005 009 2.341e+01
E 005 011 5.247e+01
E 005 013 7.558e+01
E 005 018 7.566e+01
E 005 019 6.801e+01
E 006 007 6.926e+01
E 006 008 3.312e+01
E 006 012 2.002e+01
E 006 017 5.100e+01
E 007 008 3.734e+01
E 007 009 7.225e+01
E 007 013 6.610e+01
E 008 010 3.981e+01
E 008 011 2.236e+00
E 008 014 1.020e+01
E 008 017 6.042e+01
E 008 019 5.120e+01
E 009 011 4.649e+01
E 009 012 4.252e+01
E 009 015 5.561e+01
E 010 016 5.587e+01
E 010 013 6.657e+01
E 010 017 9.135e+01
E 011 015 1.900e+01
E 012 015 6.791e+01
E 013 015 4.776e+01
E 014 015 2.102e+01
E 014 017 5.442e+01
E 015 016 4.901e+01
E 017 018 6.818e+01
E 017 019 4.011e+01
E 018 019 7.382e+01
