N 000 018 082 8.315e-01
N 001 093 023 9.457e-01
N 002 099 013 3.120e-01
N 003 061 000 5.484e-01
N 004 076 048 5.888e-01
N 005 092 012 3.754e-01
N 006 067 061 2.039e-01
N 007 021 058 3.118e-01
N 008 016 032 5.917e-02
N 009 036 030 4.537e-01
N 010 039 002 3.187e-01
N 011 001 051 1.942e-01
N 012 000 009 8.735e-01
N 013 049 016 1.909e-01
N 014 080 073 9.987e-01
N 015 026 046 1.619e-01
N 016 073 010 2.859e-01
N 017 065 024 2.717e-01
N 018 014 033 4.527e-01
N 019 024 067 9.360e-01
E 000 016 9.060e+01
E 000 001 9.543e+01
E 000 019 1.616e+01
E 000 012 7.519e+01
E 001 007 8.006e+01
E 001 008 7.752e+01
E 001 012 9.405e+01
E 001 013 4.455e+01
E 001 015 7.084e+01
E 002 003 4.016e+01
E 002 005 7.071e+00
E 002 007 9.005e+01
E 002 011 1.051e+02
E 002 015 8.011e+01
E 002 016 2.617e+01
E 003 004 5.029e+01
E 003 005 3.324e+01
E 003 009 3.905e+01
E 003 015 5.780e+01
E 003 017 2.433e+01
E 004 006 1.581e+01
E 004 008 6.210e+01
E 004 010 5.903e+01
E 004 011 7.506e+01
E 004 013 4.187e+01
E 004 016 3.812e+01
E 005 006 5.501e+01
E 005 010 5.394e+01
E 005 012 9.205e+01
E 005 013 4.319e+01
E 005 016 1.910e+01
E 006 007 4.610e+01
E 006 008 5.867e+01
E 006 009 4.384e+01
E 006 011 6.675e+01
E 007 009 3.176e+01
E 007 010 5.882e+01
E 007 013 5.048e+01
E 007 017 5.561e+01
E 008 011 2.421e+01
E 008 013 3.667e+01
E 008 014 7.601e+01
E 008 019 3.590e+01
E 009 010 2.816e+01
E 009 012 4.168e+01
E 009 013 1.910e+01
E 009 019 3.890e+01
E 010 017 3.406e+01
E 010 019 6.671e+01
E 011 019 2.802e+01
E 012 013 4.950e+01
E 012 016 7.301e+01
E 012 017 6.671e+01
E 012 018 2.778e+01
E 013 014 6.488e+01
E 013 016 2.474e+01
E 014 018 7.718e+01
E 016 018 6.332e+01
E 016 019 7.517e+01
E 017 019 5.941e+01
