N 000 014 013 6.712e-01
N 001 073 089 4.197e-01
N 002 099 011 6.700e-01
N 003 091 097 2.794e-01
N 004 098 020 2.536e-02
N 005 090 050 9.760e-01
N 006 000 008 5.634e-01
N 007 046 038 5.543e-01
N 008 031 030 2.044e-01
N 009 044 006 7.654e-01
N 010 075 038 2.639e-01
N 011 008 069 6.077e-01
N 012 051 074 1.321e-01
N 013 088 073 6.114e-01
N 014 049 045 1.619e-02
N 015 077 016 4.124e-01
N 016 014 007 5.296e-01
N 017 099 044 5.634e-01
N 018 057 012 6.373e-01
N 019 033 006 5.229e-01
E 000 001 9.621e+01
E 000 014 4.742e+01
E 000 009 3.081e+01
E 001 002 8.222e+01
E 001 006 1.090e+02
E 001 007 5.771e+01
E 001 012 2.663e+01
E 001 016 1.010e+02
E 001 018 7.864e+01
E 001 019 9.214e+01
E 002 005 4.002e+01
E 002 008 7.060e+01
E 002 012 7.920e+01
E 002 015 2.256e+01
E 002 019 6.619e+01
E 003 019 1.079e+02
E 003 015 8.220e+01
E 003 012 4.614e+01
E 003 014 6.684e+01
E 003 007 7.420e+01
E 004 016 8.500e+01
E 004 019 6.649e+01
E 004 011 1.025e+02
E 005 019 7.201e+01
E 005 012 4.579e+01
E 005 013 2.309e+01
E 005 006 9.932e+01
E 006 008 3.801e+01
E 006 010 8.078e+01
E 006 007 5.492e+01
E 007 011 4.904e+01
E 007 013 5.467e+01
E 007 015 3.801e+01
E 007 017 5.334e+01
E 007 018 2.823e+01
E 008 019 2.408e+01
E 009 011 7.256e+01
E 009 012 6.836e+01
E 009 013 8.016e+01
E 009 015 3.448e+01
E 009 019 1.100e+01
E 010 017 2.474e+01
E 010 018 3.162e+01
E 010 012 4.327e+01
E 010 015 2.209e+01
E 011 012 4.329e+01
E 011 014 4.751e+01
E 011 015 8.701e+01
E 012 013 3.701e+01
E 012 019 7.034e+01
E 013 015 5.805e+01
E 013 017 3.102e+01
E 013 018 6.843e+01
E 013 019 8.668e+01
E 014 015 4.031e+01
E 014 016 5.166e+01
E 014 017 5.001e+01
E 016 019 1.903e+01
E 016 017 9.270e+01
E 017 018 5.280e+01
