N 000 015 066 8.985e-01
N 001 005 051 8.796e-01
N 002 023 095 3.144e-01
N 003 001 082 9.432e-01
N 004 084 036 1.108e-03
N 005 009 063 2.189e-01
N 006 091 035 4.246e-01
N 007 058 011 2.913e-01
N 008 033 090 7.467e-01
N 009 029 075 9.407e-02
N 010 008 053 7.985e-01
N 011 011 017 3.931e-01
N 012 097 079 1.497e-01
N 013 079 099 1.340e-01
N 014 094 058 7.165e-01
N 015 074 083 7.158e-01
N 016 040 013 7.585e-01
N 017 037 082 4.582e-01
N 018 072 036 5.851e-01
N 019 031 081 4.086e-01
E 000 001 1.803e+01
E 000 004 7.524e+01
E 000 010 1.476e+01
E 000 012 8.302e+01
E 000 014 7.940e+01
E 000 019 2.193e+01
E 001 004 8.041e+01
E 001 005 1.265e+01
E 001 013 8.820e+01
E 001 015 7.606e+01
E 001 018 6.866e+01
E 001 019 3.970e+01
E 002 009 2.088e+01
E 002 013 5.614e+01
E 003 006 1.015e+02
E 003 008 3.298e+01
E 003 009 2.886e+01
E 003 010 2.983e+01
E 003 011 6.576e+01
E 003 012 9.605e+01
E 003 016 7.926e+01
E 004 005 7.971e+01
E 004 006 7.071e+00
E 004 008 7.428e+01
E 004 012 4.492e+01
E 004 015 4.805e+01
E 005 008 3.612e+01
E 005 010 1.005e+01
E 005 015 6.801e+01
E 005 017 3.384e+01
E 005 019 2.843e+01
E 006 007 4.080e+01
E 006 008 7.993e+01
E 006 012 4.441e+01
E 006 014 2.319e+01
E 007 010 6.530e+01
E 007 011 4.738e+01
E 007 015 7.376e+01
E 007 016 1.811e+01
E 007 018 2.865e+01
E 007 019 7.503e+01
E 008 015 4.159e+01
E 008 016 7.732e+01
E 009 013 5.546e+01
E 010 012 9.272e+01
E 010 013 8.460e+01
E 010 015 7.250e+01
E 010 017 4.101e+01
E 010 018 6.622e+01
E 011 016 2.927e+01
E 011 019 6.705e+01
E 011 012 1.060e+02
E 012 016 8.721e+01
E 013 015 1.676e+01
E 013 018 6.339e+01
E 013 019 5.126e+01
E 015 017 3.701e+01
E 016 017 6.907e+01
E 016 018 3.941e+01
E 017 018 5.780e+01
