N 000 018 008 9.078e-01
N 001 034 070 1.457e-01
N 002 079 041 2.670e-02
N 003 059 053 7.026e-01
N 004 068 076 3.340e-01
N 005 021 080 9.576e-01
N 006 029 057 3.669e-01
N 007 094 005 4.196e-03
N 008 043 087 3.233e-03
N 009 073 081 6.087e-02
N 010 023 037 5.571e-01
N 011 086 095 2.237e-01
N 012 075 024 4.234e-02
N 013 014 057 3.309e-01
N 014 055 002 8.333e-01
N 015 060 020 2.021e-01
N 016 035 007 9.538e-01
N 017 002 048 9.468e-01
N 018 035 039 9.866e-01
N 019 087 075 1.600e-01
E 000 009 9.140e+01
E 000 003 6.088e+01
E 000 005 7.206e+01
E 000 006 5.022e+01
E 001 003 3.023e+01
E 001 006 1.393e+01
E 001 011 5.770e+01
E 001 014 7.117e+01
E 001 015 5.636e+01
E 001 018 3.102e+01
E 001 019 5.324e+01
E 002 008 5.841e+01
E 002 010 5.614e+01
E 002 003 2.332e+01
E 002 012 1.746e+01
E 002 006 5.250e+01
E 003 006 3.027e+01
E 003 009 3.130e+01
E 003 011 4.993e+01
E 003 016 5.188e+01
E 004 006 4.338e+01
E 004 009 7.071e+00
E 004 011 2.617e+01
E 004 017 7.169e+01
E 004 018 4.958e+01
E 004 019 1.903e+01
E 005 013 2.404e+01
E 005 015 7.156e+01
E 006 007 8.324e+01
E 006 015 4.827e+01
E 006 017 2.846e+01
E 006 019 6.073e+01
E 007 013 9.541e+01
E 007 015 3.716e+01
E 007 016 5.903e+01
E 007 017 1.016e+02
E 007 019 7.035e+01
E 008 014 8.584e+01
E 008 015 6.912e+01
E 008 016 8.040e+01
E 008 017 5.659e+01
E 008 018 4.866e+01
E 008 019 4.561e+01
E 009 011 1.910e+01
E 009 012 5.704e+01
E 009 014 8.102e+01
E 009 015 6.237e+01
E 010 016 3.231e+01
E 010 019 7.443e+01
E 010 012 5.360e+01
E 010 013 2.193e+01
E 011 012 7.185e+01
E 011 017 9.625e+01
E 012 013 6.935e+01
E 013 015 5.903e+01
E 014 019 7.971e+01
E 014 016 2.062e+01
E 015 019 6.127e+01
E 016 017 5.263e+01
E 016 019 8.560e+01
