N 000 059 020 4.028e-01
N 001 085 058 1.810e-01
N 002 044 049 5.652e-01
N 003 095 021 9.467e-01
N 004 002 029 5.672e-01
N 005 075 088 8.311e-01
N 006 061 007 7.396e-01
N 007 049 078 9.671e-01
N 008 010 025 2.631e-01
N 009 061 095 1.216e-01
N 010 066 044 3.031e-02
N 011 097 056 3.405e-01
N 012 098 048 1.539e-01
N 013 058 069 9.897e-01
N 014 019 049 2.851e-01
N 015 084 078 5.699e-01
N 016 064 011 6.516e-01
N 017 056 089 2.571e-01
N 018 050 019 1.724e-01
N 019 024 048 8.965e-01
E 000 001 4.604e+01
E 000 003 3.601e+01
E 000 004 5.771e+01
E 000 005 6.986e+01
E 000 007 5.886e+01
E 000 012 4.801e+01
E 000 013 4.901e+01
E 000 018 9.055e+00
E 001 005 3.162e+01
E 001 006 5.636e+01
E 001 010 2.360e+01
E 001 011 1.217e+01
E 001 012 1.640e+01
E 001 014 6.661e+01
E 002 003 5.818e+01
E 002 009 4.904e+01
E 002 012 5.401e+01
E 002 014 2.500e+01
E 002 016 4.294e+01
E 002 019 2.002e+01
E 003 005 6.992e+01
E 003 006 3.677e+01
E 003 010 3.701e+01
E 003 015 5.805e+01
E 003 017 7.839e+01
E 003 018 4.504e+01
E 004 015 9.552e+01
E 004 005 9.386e+01
E 004 006 6.297e+01
E 004 013 6.882e+01
E 005 011 3.883e+01
E 005 013 2.550e+01
E 005 014 6.824e+01
E 005 015 1.345e+01
E 005 018 7.339e+01
E 005 019 6.482e+01
E 006 012 5.523e+01
E 007 010 3.801e+01
E 007 014 4.173e+01
E 007 016 6.866e+01
E 007 017 1.304e+01
E 007 018 5.901e+01
E 008 009 8.661e+01
E 008 019 2.693e+01
E 008 012 9.096e+01
E 008 015 9.102e+01
E 009 010 5.124e+01
E 010 014 4.727e+01
E 010 017 4.610e+01
E 011 012 8.062e+00
E 011 015 2.555e+01
E 011 017 5.263e+01
E 011 018 5.982e+01
E 011 019 7.344e+01
E 012 015 3.311e+01
E 013 018 5.064e+01
E 013 015 2.751e+01
E 014 015 7.118e+01
E 014 018 4.314e+01
E 014 019 5.099e+00
