N 000 054 024 8.006e-01
N 001 036 039 1.252e-02
N 002 073 035 9.341e-01
N 003 062 032 8.644e-01
N 004 088 080 4.986e-01
N 005 021 071 8.189e-01
N 006 038 010 7.268e-01
N 007 019 091 4.377e-01
N 008 077 077 8.722e-01
N 009 014 099 4.387e-01
N 010 012 022 4.833e-01
N 011 064 000 1.191e-01
N 012 038 065 2.126e-01
N 013 006 011 8.933e-01
N 014 089 078 4.827e-02
N 015 014 018 7.786e-01
N 016 095 091 4.409e-01
N 017 040 085 2.838e-01
N 018 009 028 1.450e-01
N 019 017 045 8.765e-01
E 000 005 5.743e+01
E 000 006 2.126e+01
E 000 011 2.600e+01
E 000 013 4.973e+01
E 000 016 7.855e+01
E 000 017 6.259e+01
E 000 019 4.254e+01
E 001 002 3.722e+01
E 001 004 6.622e+01
E 001 005 3.534e+01
E 001 006 2.907e+01
E 001 008 5.590e+01
E 001 010 2.941e+01
E 001 011 4.801e+01
E 001 014 6.580e+01
E 001 015 3.041e+01
E 001 017 4.617e+01
E 002 008 4.219e+01
E 002 018 6.438e+01
E 002 019 5.689e+01
E 002 012 4.610e+01
E 003 017 5.738e+01
E 003 005 5.659e+01
E 004 011 8.352e+01
E 004 013 1.072e+02
E 004 014 2.236e+00
E 004 017 4.826e+01
E 005 011 8.301e+01
E 005 017 2.360e+01
E 006 016 9.905e+01
E 006 017 7.503e+01
E 007 008 5.967e+01
E 007 009 9.434e+00
E 007 010 6.935e+01
E 007 016 7.600e+01
E 008 010 8.515e+01
E 008 015 8.631e+01
E 008 016 2.280e+01
E 008 017 3.785e+01
E 009 018 7.118e+01
E 009 019 5.408e+01
E 009 014 7.788e+01
E 010 012 5.025e+01
E 010 013 1.253e+01
E 010 014 9.521e+01
E 010 015 4.472e+00
E 010 017 6.894e+01
E 010 019 2.354e+01
E 011 015 5.314e+01
E 011 018 6.172e+01
E 012 014 5.263e+01
E 012 015 5.277e+01
E 012 017 2.010e+01
E 012 018 4.701e+01
E 014 017 4.950e+01
E 014 019 7.920e+01
E 015 016 1.090e+02
E 015 019 2.717e+01
E 016 018 1.066e+02
E 016 019 9.055e+01
