N 000 027 063 3.725e-01
N 001 054 010 9.471e-01
N 002 004 065 3.081e-01
N 003 062 047 3.951e-01
N 004 072 071 5.653e-01
N 005 095 035 4.805e-01
N 006 062 068 6.874e-02
N 007 016 005 8.617e-01
N 008 063 070 2.156e-01
N 009 085 095 7.812e-01
N 010 055 036 7.074e-01
N 011 008 095 9.415e-02
N 012 052 059 5.909e-03
N 013 066 013 7.655e-01
N 014 048 021 5.193e-01
N 015 038 056 4.987e-01
N 016 079 029 9.287e-01
N 017 095 061 2.478e-01
N 018 059 052 2.874e-01
N 019 035 096 4.773e-01
E 000 017 6.803e+01
E 000 010 3.890e+01
E 000 005 7.354e+01
E 000 014 4.696e+01
E 000 013 6.341e+01
E 001 005 4.802e+01
E 002 003 6.073e+01
E 002 006 5.808e+01
E 002 009 8.638e+01
E 002 013 8.092e+01
E 002 014 6.223e+01
E 002 015 3.517e+01
E 002 017 9.109e+01
E 002 019 4.384e+01
E 003 008 2.302e+01
E 003 009 5.323e+01
E 003 019 5.595e+01
E 003 006 2.100e+01
E 004 005 4.272e+01
E 004 006 1.044e+01
E 004 011 6.835e+01
E 004 012 2.332e+01
E 004 015 3.716e+01
E 004 017 2.508e+01
E 004 019 4.465e+01
E 005 006 4.667e+01
E 005 007 8.450e+01
E 005 016 1.709e+01
E 006 007 7.801e+01
E 006 009 3.547e+01
E 006 011 6.037e+01
E 006 012 1.345e+01
E 006 015 2.683e+01
E 006 017 3.373e+01
E 007 009 1.134e+02
E 007 012 6.490e+01
E 007 016 6.742e+01
E 007 017 9.683e+01
E 008 019 3.821e+01
E 008 017 3.324e+01
E 008 013 5.708e+01
E 008 014 5.124e+01
E 009 011 7.700e+01
E 009 012 4.884e+01
E 009 013 8.417e+01
E 009 018 5.025e+01
E 010 018 1.649e+01
E 010 019 6.325e+01
E 011 013 1.004e+02
E 011 015 4.920e+01
E 011 016 9.694e+01
E 012 014 3.821e+01
E 012 016 4.036e+01
E 012 019 4.072e+01
E 013 016 2.062e+01
E 013 018 3.962e+01
E 014 015 3.640e+01
E 014 019 7.612e+01
E 015 016 4.909e+01
E 016 019 8.016e+01
