N 000 030 005 6.177e-01
N 001 066 084 3.780e-01
N 002 085 027 2.945e-01
N 003 020 031 4.323e-01
N 004 076 046 3.478e-02
N 005 050 077 7.078e-01
N 006 082 040 2.647e-01
N 007 070 072 7.054e-01
N 008 088 025 4.917e-01
N 009 070 009 5.260e-01
N 010 052 080 9.325e-01
N 011 027 003 6.720e-02
N 012 054 003 2.693e-01
N 013 001 061 8.973e-01
N 014 063 092 4.936e-01
N 015 028 042 4.514e-01
N 016 090 019 6.681e-01
N 017 094 066 5.889e-02
N 018 035 006 5.313e-01
N 019 073 053 8.007e-01
E 000 008 6.135e+01
E 000 018 5.099e+00
E 000 012 2.408e+01
E 000 007 7.803e+01
E 001 002 6.008e+01
E 001 003 7.018e+01
E 001 005 1.746e+01
E 001 006 4.682e+01
E 001 011 8.990e+01
E 001 014 8.544e+00
E 001 015 5.664e+01
E 001 018 8.393e+01
E 001 019 3.178e+01
E 002 006 1.334e+01
E 002 008 3.606e+00
E 002 010 6.243e+01
E 002 013 9.062e+01
E 002 017 4.002e+01
E 002 018 5.423e+01
E 002 019 2.864e+01
E 003 010 5.852e+01
E 003 014 7.463e+01
E 003 009 5.463e+01
E 004 016 3.041e+01
E 004 017 2.691e+01
E 004 014 4.780e+01
E 004 006 8.485e+00
E 005 006 4.892e+01
E 005 010 3.606e+00
E 005 011 7.749e+01
E 005 013 5.155e+01
E 005 014 1.985e+01
E 005 018 7.257e+01
E 005 019 3.324e+01
E 006 014 5.536e+01
E 006 015 5.404e+01
E 006 017 2.864e+01
E 007 009 6.300e+01
E 008 009 2.408e+01
E 008 011 6.485e+01
E 008 012 4.050e+01
E 008 019 3.176e+01
E 009 010 7.325e+01
E 009 015 5.341e+01
E 009 016 2.236e+01
E 009 017 6.185e+01
E 010 011 8.096e+01
E 010 013 5.442e+01
E 010 014 1.628e+01
E 010 015 4.494e+01
E 010 017 4.427e+01
E 011 012 2.700e+01
E 011 015 3.901e+01
E 012 015 4.687e+01
E 013 016 9.841e+01
E 013 019 7.244e+01
E 015 016 6.613e+01
E 015 019 4.632e+01
E 016 017 4.717e+01
E 016 018 5.652e+01
