N 000 037 047 4.947e-01
N 001 066 029 6.312e-01
N 002 093 089 7.149e-01
N 003 021 046 8.174e-02
N 004 049 031 9.216e-01
N 005 085 023 8.178e-01
N 006 018 079 7.660e-02
N 007 076 006 2.786e-01
N 008 097 035 2.605e-01
N 009 079 026 9.650e-01
N 010 015 056 8.666e-01
N 011 009 057 9.991e-01
N 012 021 097 4.715e-01
N 013 096 047 6.658e-01
N 014 036 086 1.077e-01
N 015 067 095 5.055e-01
N 016 005 008 4.033e-01
N 017 084 021 8.144e-02
N 018 025 076 1.710e-01
N 019 078 052 5.130e-01
E 000 004 2.000e+01
E 000 005 5.367e+01
E 000 010 2.377e+01
E 000 011 2.973e+01
E 000 014 3.901e+01
E 000 019 4.130e+01
E 001 002 6.580e+01
E 001 003 4.810e+01
E 001 004 1.712e+01
E 001 009 1.334e+01
E 001 011 6.351e+01
E 001 012 8.154e+01
E 001 016 6.451e+01
E 001 017 1.970e+01
E 002 003 8.386e+01
E 002 004 7.280e+01
E 002 005 6.648e+01
E 002 010 8.469e+01
E 002 012 7.244e+01
E 002 014 5.708e+01
E 003 005 6.801e+01
E 003 008 7.679e+01
E 003 015 6.721e+01
E 003 016 4.123e+01
E 003 017 6.778e+01
E 003 019 5.731e+01
E 004 011 4.771e+01
E 004 012 7.169e+01
E 004 013 4.965e+01
E 004 016 4.965e+01
E 004 017 3.640e+01
E 004 019 3.581e+01
E 005 009 6.708e+00
E 005 014 7.981e+01
E 006 018 7.616e+00
E 006 013 8.431e+01
E 006 007 9.324e+01
E 007 010 7.887e+01
E 007 013 4.562e+01
E 008 009 2.012e+01
E 008 012 9.808e+01
E 008 013 1.204e+01
E 008 014 7.951e+01
E 009 012 9.168e+01
E 010 012 4.144e+01
E 010 015 6.500e+01
E 010 017 7.737e+01
E 011 018 2.484e+01
E 011 012 4.176e+01
E 012 017 9.872e+01
E 012 018 2.138e+01
E 013 015 5.608e+01
E 013 018 7.669e+01
E 014 018 1.487e+01
E 014 019 5.404e+01
E 015 016 1.068e+02
E 016 017 8.006e+01
E 016 018 7.088e+01
E 016 019 8.523e+01
E 017 018 8.066e+01
