N 000 013 004 1.982e-01
N 001 076 076 1.278e-01
N 002 094 071 7.265e-01
N 003 093 018 3.707e-01
N 004 002 010 1.547e-01
N 005 040 097 4.088e-01
N 006 075 086 7.912e-01
N 007 035 009 7.795e-01
N 008 033 037 1.207e-01
N 009 010 026 4.813e-02
N 010 074 060 5.567e-01
N 011 093 011 2.844e-01
N 012 054 060 4.904e-01
N 013 020 032 3.744e-01
N 014 088 061 6.176e-01
N 015 070 018 4.321e-01
N 016 060 072 5.376e-02
N 017 071 033 2.084e-01
N 018 039 081 7.919e-01
N 019 006 068 3.996e-01
E 000 012 6.940e+01
E 000 006 1.028e+02
E 001 011 6.719e+01
E 001 019 7.046e+01
E 001 002 1.868e+01
E 001 003 6.044e+01
E 001 018 3.734e+01
E 002 003 5.301e+01
E 002 010 2.283e+01
E 002 011 6.001e+01
E 002 013 8.365e+01
E 002 018 5.590e+01
E 003 011 7.000e+00
E 003 014 4.329e+01
E 003 007 5.869e+01
E 004 016 8.490e+01
E 004 013 2.843e+01
E 004 007 3.302e+01
E 005 019 4.469e+01
E 005 017 7.111e+01
E 005 018 1.603e+01
E 005 011 1.010e+02
E 005 013 6.801e+01
E 006 016 2.052e+01
E 006 019 7.131e+01
E 006 014 2.818e+01
E 006 017 5.315e+01
E 007 008 2.807e+01
E 007 010 6.420e+01
E 007 012 5.442e+01
E 007 014 7.425e+01
E 007 015 3.614e+01
E 007 016 6.778e+01
E 008 011 6.539e+01
E 008 012 3.114e+01
E 008 013 1.393e+01
E 008 017 3.821e+01
E 008 018 4.441e+01
E 009 010 7.247e+01
E 009 011 8.434e+01
E 009 013 1.166e+01
E 009 014 8.549e+01
E 009 015 6.053e+01
E 009 019 4.219e+01
E 010 015 4.219e+01
E 011 012 6.263e+01
E 011 014 5.025e+01
E 011 015 2.404e+01
E 011 017 3.111e+01
E 011 019 1.040e+02
E 012 014 3.401e+01
E 012 018 2.581e+01
E 012 019 4.866e+01
E 013 016 5.657e+01
E 014 018 5.292e+01
E 015 016 5.492e+01
E 015 018 7.021e+01
E 015 019 8.122e+01
E 016 017 4.052e+01
E 016 018 2.285e+01
