N 000 023 094 5.529e-01
N 001 094 058 3.782e-01
N 002 076 053 6.321e-01
N 003 052 007 2.060e-01
N 004 041 025 6.311e-01
N 005 059 029 7.586e-01
N 006 020 057 1.544e-01
N 007 024 037 4.840e-01
N 008 013 084 7.887e-01
N 009 079 051 4.534e-01
N 010 093 004 2.137e-01
N 011 070 003 3.089e-01
N 012 044 072 4.574e-01
N 013 010 036 1.763e-01
N 014 084 012 2.774e-01
N 015 015 075 2.142e-01
N 016 083 016 2.832e-01
N 017 098 074 6.049e-01
N 018 017 085 7.354e-01
N 019 096 060 6.169e-02
E 000 001 7.961e+01
E 000 003 9.171e+01
E 000 006 3.712e+01
E 000 007 5.701e+01
E 000 010 1.140e+02
E 000 011 1.024e+02
E 000 013 5.944e+01
E 001 003 6.607e+01
E 001 007 7.308e+01
E 001 010 5.401e+01
E 001 017 1.649e+01
E 001 018 8.160e+01
E 002 009 3.606e+00
E 002 011 5.036e+01
E 002 006 5.614e+01
E 002 015 6.485e+01
E 003 004 2.110e+01
E 003 006 5.936e+01
E 003 007 4.104e+01
E 003 008 8.631e+01
E 003 009 5.162e+01
E 004 011 3.640e+01
E 004 012 4.710e+01
E 004 014 4.492e+01
E 005 006 4.801e+01
E 005 007 3.590e+01
E 005 009 2.973e+01
E 005 011 2.823e+01
E 005 016 2.729e+01
E 005 017 5.955e+01
E 006 007 2.040e+01
E 006 010 9.021e+01
E 006 011 7.359e+01
E 006 012 2.830e+01
E 006 013 2.326e+01
E 006 014 7.824e+01
E 006 017 7.983e+01
E 007 008 4.827e+01
E 007 013 1.404e+01
E 007 015 3.905e+01
E 007 019 7.558e+01
E 008 016 9.759e+01
E 008 013 4.809e+01
E 009 012 4.082e+01
E 009 014 3.932e+01
E 010 011 2.302e+01
E 010 013 8.896e+01
E 010 018 1.111e+02
E 011 017 7.632e+01
E 011 019 6.265e+01
E 012 019 5.337e+01
E 012 014 7.211e+01
E 013 019 8.929e+01
E 014 015 9.343e+01
E 014 016 4.123e+00
E 015 017 8.301e+01
E 015 018 1.020e+01
E 015 019 8.238e+01
E 016 017 5.991e+01
E 017 019 1.414e+01
