N 000 050 084 3.049e-01
N 001 023 036 4.866e-01
N 002 022 000 1.584e-01
N 003 080 040 6.983e-01
N 004 060 072 9.390e-01
N 005 046 054 7.311e-01
N 006 005 002 3.120e-01
N 007 006 056 4.731e-01
N 008 089 006 8.343e-01
N 009 004 088 7.641e-01
N 010 068 081 8.321e-01
N 011 071 043 6.658e-01
N 012 035 001 7.820e-01
N 013 032 032 1.577e-01
N 014 053 026 5.653e-01
N 015 009 065 5.035e-02
N 016 051 068 2.868e-01
N 017 056 037 2.892e-01
N 018 077 097 2.195e-01
N 019 048 068 1.581e-01
E 000 019 1.612e+01
E 000 009 4.617e+01
E 000 011 4.607e+01
E 000 004 1.562e+01
E 000 017 4.738e+01
E 001 003 5.714e+01
E 001 005 2.921e+01
E 001 008 7.250e+01
E 001 009 5.536e+01
E 001 013 9.849e+00
E 001 014 3.162e+01
E 001 019 4.061e+01
E 002 009 8.982e+01
E 002 011 6.519e+01
E 002 015 6.629e+01
E 002 016 7.393e+01
E 002 017 5.025e+01
E 002 018 1.115e+02
E 003 018 5.708e+01
E 003 009 8.989e+01
E 003 007 7.571e+01
E 004 008 7.209e+01
E 004 012 7.527e+01
E 004 007 5.632e+01
E 005 008 6.444e+01
E 005 006 6.622e+01
E 006 008 8.410e+01
E 006 016 8.045e+01
E 006 012 3.002e+01
E 006 007 5.401e+01
E 007 009 3.206e+01
E 007 010 6.685e+01
E 007 013 3.538e+01
E 007 014 5.576e+01
E 007 019 4.368e+01
E 008 012 5.423e+01
E 008 013 6.265e+01
E 008 016 7.272e+01
E 008 018 9.179e+01
E 009 011 8.071e+01
E 009 012 9.236e+01
E 009 015 2.354e+01
E 009 016 5.108e+01
E 009 017 7.284e+01
E 009 018 7.355e+01
E 010 017 4.561e+01
E 010 015 6.113e+01
E 011 013 4.052e+01
E 011 015 6.579e+01
E 011 017 1.616e+01
E 011 018 5.433e+01
E 012 014 3.081e+01
E 012 018 1.048e+02
E 013 016 4.071e+01
E 013 019 3.940e+01
E 015 016 4.211e+01
E 015 017 5.471e+01
E 016 019 3.000e+00
E 017 018 6.357e+01
E 018 019 4.101e+01
