N 000 019 050 4.680e-02
N 001 069 096 9.871e-02
N 002 051 076 7.670e-01
N 003 059 033 8.768e-02
N 004 095 068 8.893e-01
N 005 023 095 4.774e-01
N 006 075 032 3.424e-01
N 007 015 032 9.631e-01
N 008 032 063 6.589e-01
N 009 015 062 9.458e-01
N 010 070 075 6.261e-01
N 011 090 053 5.319e-01
N 012 043 026 1.319e-01
N 013 060 033 8.517e-03
N 014 052 091 2.247e-01
N 015 080 056 7.271e-01
N 016 000 078 5.427e-01
N 017 064 098 6.494e-01
N 018 063 014 8.462e-01
N 019 026 053 5.539e-01
E 000 009 1.265e+01
E 000 002 4.123e+01
E 000 003 4.346e+01
E 000 004 7.810e+01
E 000 017 6.580e+01
E 001 004 3.821e+01
E 001 005 4.601e+01
E 001 008 4.958e+01
E 001 011 4.785e+01
E 001 013 6.364e+01
E 001 019 6.081e+01
E 002 003 4.374e+01
E 002 009 3.863e+01
E 002 010 1.903e+01
E 002 012 5.064e+01
E 002 015 3.523e+01
E 002 016 5.104e+01
E 002 019 3.397e+01
E 003 006 1.603e+01
E 003 007 4.401e+01
E 003 008 4.036e+01
E 003 012 1.746e+01
E 003 016 7.420e+01
E 003 018 1.942e+01
E 004 011 1.581e+01
E 004 014 4.876e+01
E 004 018 6.277e+01
E 004 019 7.061e+01
E 005 008 3.324e+01
E 005 012 7.184e+01
E 005 013 7.220e+01
E 005 014 2.927e+01
E 006 008 5.301e+01
E 006 011 2.581e+01
E 006 012 3.256e+01
E 006 014 6.332e+01
E 006 015 2.452e+01
E 006 017 6.691e+01
E 006 019 5.331e+01
E 007 008 3.536e+01
E 007 011 7.788e+01
E 007 019 2.371e+01
E 007 015 6.929e+01
E 008 012 3.860e+01
E 009 016 2.193e+01
E 009 019 1.421e+01
E 009 012 4.561e+01
E 010 012 5.595e+01
E 011 015 1.044e+01
E 011 016 9.341e+01
E 011 017 5.197e+01
E 011 018 4.743e+01
E 012 016 6.748e+01
E 014 015 4.482e+01
E 014 016 5.360e+01
E 014 018 7.778e+01
E 015 016 8.297e+01
E 015 018 4.531e+01
E 016 019 3.607e+01
E 017 018 8.401e+01
