N 000 013 033 8.435e-01
N 001 092 069 6.369e-01
N 002 032 072 4.572e-01
N 003 000 057 7.624e-01
N 004 086 059 8.541e-01
N 005 028 029 5.344e-01
N 006 002 080 9.062e-01
N 007 033 067 8.058e-01
N 008 046 052 8.371e-01
N 009 072 074 5.205e-01
N 010 000 077 2.157e-01
N 011 089 007 6.590e-01
N 012 095 017 3.021e-02
N 013 095 016 5.506e-01
N 014 035 076 3.980e-01
N 015 057 047 6.238e-01
N 016 095 044 7.180e-01
N 017 032 057 1.963e-01
N 018 020 081 5.301e-01
N 019 067 031 5.654e-02
E 000 001 8.682e+01
E 000 002 4.338e+01
E 000 003 2.729e+01
E 000 008 3.808e+01
E 000 010 4.588e+01
E 000 011 8.032e+01
E 000 013 8.374e+01
E 000 015 4.617e+01
E 000 019 5.404e+01
E 001 005 7.547e+01
E 001 007 5.903e+01
E 001 008 4.904e+01
E 001 010 9.235e+01
E 001 014 5.743e+01
E 001 018 7.299e+01
E 001 019 4.549e+01
E 002 016 6.894e+01
E 002 011 8.645e+01
E 002 004 5.554e+01
E 003 007 3.448e+01
E 003 008 4.627e+01
E 003 011 1.021e+02
E 003 013 1.035e+02
E 003 018 3.124e+01
E 003 019 7.187e+01
E 004 005 6.530e+01
E 004 006 8.659e+01
E 004 007 5.360e+01
E 004 010 8.786e+01
E 004 012 4.295e+01
E 004 015 3.138e+01
E 004 017 5.404e+01
E 004 018 6.957e+01
E 005 012 6.807e+01
E 005 006 5.725e+01
E 005 007 3.833e+01
E 006 012 1.123e+02
E 006 019 8.140e+01
E 006 017 3.780e+01
E 007 010 3.448e+01
E 007 016 6.613e+01
E 007 017 1.005e+01
E 007 018 1.910e+01
E 008 013 6.080e+01
E 008 014 2.640e+01
E 009 016 3.780e+01
E 009 017 4.346e+01
E 009 019 4.329e+01
E 010 011 1.132e+02
E 010 012 1.124e+02
E 010 014 3.501e+01
E 010 016 1.006e+02
E 010 018 2.040e+01
E 011 012 1.166e+01
E 011 013 1.082e+01
E 012 013 1.000e+00
E 012 016 2.700e+01
E 014 019 5.522e+01
E 014 018 1.581e+01
E 015 019 1.887e+01
