N 000 033 081 3.457e-01
N 001 049 029 3.261e-01
N 002 044 087 6.266e-01
N 003 011 001 5.680e-01
N 004 039 057 8.681e-01
N 005 097 074 2.445e-01
N 006 059 008 4.800e-01
N 007 010 000 2.977e-01
N 008 094 044 5.091e-01
N 009 078 029 2.225e-01
N 010 061 092 7.876e-01
N 011 028 088 4.456e-01
N 012 067 019 7.395e-03
N 013 003 069 3.913e-01
N 014 084 019 5.486e-01
N 015 080 079 5.678e-01
N 016 071 072 1.501e-01
N 017 082 081 4.407e-01
N 018 092 047 1.814e-01
N 019 045 028 2.555e-01
E 000 016 3.905e+01
E 000 001 5.441e+01
E 000 004 2.474e+01
E 000 014 8.028e+01
E 001 016 4.830e+01
E 001 011 6.263e+01
E 001 005 6.580e+01
E 001 017 6.159e+01
E 002 008 6.595e+01
E 002 011 1.603e+01
E 002 003 9.211e+01
E 002 004 3.041e+01
E 003 004 6.261e+01
E 003 006 4.851e+01
E 003 009 7.262e+01
E 003 010 1.038e+02
E 003 011 8.865e+01
E 003 014 7.519e+01
E 003 019 4.342e+01
E 004 006 5.292e+01
E 004 008 5.652e+01
E 004 011 3.289e+01
E 004 013 3.795e+01
E 004 015 4.653e+01
E 004 016 3.534e+01
E 005 019 6.943e+01
E 005 012 6.265e+01
E 005 014 5.652e+01
E 005 015 1.772e+01
E 006 008 5.021e+01
E 006 009 2.832e+01
E 006 012 1.360e+01
E 006 018 5.109e+01
E 006 019 2.441e+01
E 007 009 7.393e+01
E 007 018 9.451e+01
E 007 019 4.482e+01
E 008 009 2.193e+01
E 008 010 5.825e+01
E 008 011 7.932e+01
E 008 013 9.437e+01
E 008 019 5.155e+01
E 009 012 1.487e+01
E 009 014 1.166e+01
E 009 017 5.215e+01
E 009 019 3.302e+01
E 010 016 2.236e+01
E 010 012 7.325e+01
E 010 014 7.654e+01
E 011 012 7.926e+01
E 011 014 8.887e+01
E 011 017 5.445e+01
E 012 015 6.139e+01
E 013 016 6.807e+01
E 013 014 9.519e+01
E 013 015 7.765e+01
E 015 018 3.418e+01
E 015 019 6.185e+01
E 016 018 3.265e+01
E 017 018 3.544e+01
