N 000 040 032 7.941e-01
N 001 082 080 9.056e-01
N 002 083 010 5.448e-01
N 003 025 077 8.183e-01
N 004 065 082 1.364e-02
N 005 033 012 9.584e-02
N 006 002 066 7.376e-01
N 007 041 099 9.318e-01
N 008 000 066 9.970e-01
N 009 090 070 6.689e-01
N 010 047 024 7.235e-02
N 011 041 022 4.706e-01
N 012 053 024 6.878e-01
N 013 030 046 6.266e-01
N 014 049 011 6.736e-01
N 015 029 024 1.245e-01
N 016 048 046 5.905e-01
N 017 065 000 9.602e-01
N 018 003 020 9.752e-01
N 019 045 025 4.728e-03
E 000 001 6.378e+01
E 000 004 5.590e+01
E 000 006 5.099e+01
E 000 008 5.250e+01
E 000 010 1.063e+01
E 000 011 1.005e+01
E 001 002 7.001e+01
E 001 005 8.382e+01
E 001 008 8.319e+01
E 001 016 4.808e+01
E 001 018 9.920e+01
E 001 019 6.629e+01
E 002 003 8.862e+01
E 002 006 9.847e+01
E 002 009 6.041e+01
E 002 012 3.311e+01
E 002 017 2.059e+01
E 003 011 5.728e+01
E 003 014 7.023e+01
E 004 006 6.500e+01
E 004 008 6.694e+01
E 004 012 5.923e+01
E 004 015 6.826e+01
E 004 017 8.200e+01
E 004 019 6.041e+01
E 005 008 6.329e+01
E 005 009 8.132e+01
E 005 013 3.413e+01
E 005 015 1.265e+01
E 005 016 3.716e+01
E 005 019 1.769e+01
E 006 011 5.880e+01
E 006 014 7.235e+01
E 006 016 5.016e+01
E 006 017 9.124e+01
E 006 018 4.601e+01
E 006 019 5.941e+01
E 007 008 5.263e+01
E 007 009 5.694e+01
E 007 011 7.700e+01
E 007 012 7.595e+01
E 007 013 5.413e+01
E 007 016 5.346e+01
E 008 013 3.606e+01
E 008 015 5.104e+01
E 008 019 6.088e+01
E 009 011 6.859e+01
E 009 012 5.903e+01
E 010 016 2.202e+01
E 010 018 4.418e+01
E 012 017 2.683e+01
E 012 018 5.016e+01
E 013 014 3.982e+01
E 013 015 2.202e+01
E 013 016 1.800e+01
E 013 017 5.780e+01
E 013 018 3.748e+01
E 014 019 1.456e+01
E 014 015 2.385e+01
E 016 018 5.197e+01
