N 000 088 008 5.837e-01
N 001 016 085 4.816e-01
N 002 022 008 7.313e-01
N 003 067 031 9.957e-01
N 004 011 023 4.234e-01
N 005 002 091 2.306e-01
N 006 065 009 6.206e-01
N 007 049 048 9.748e-01
N 008 039 024 4.158e-01
N 009 034 014 7.782e-01
N 010 068 000 7.452e-01
N 011 084 056 8.722e-01
N 012 006 062 5.097e-02
N 013 008 078 6.828e-01
N 014 049 097 9.518e-01
N 015 011 069 3.698e-01
N 016 020 060 7.005e-01
N 017 014 073 2.960e-01
N 018 052 034 8.650e-01
N 019 056 049 9.671e-01
E 000 001 1.054e+02
E 000 004 7.845e+01
E 000 005 1.195e+02
E 000 007 5.587e+01
E 000 012 9.818e+01
E 000 013 1.063e+02
E 001 003 7.428e+01
E 001 004 6.220e+01
E 001 007 4.958e+01
E 001 008 6.519e+01
E 001 010 9.964e+01
E 001 011 7.393e+01
E 001 013 1.063e+01
E 001 014 3.511e+01
E 001 019 5.381e+01
E 002 011 7.841e+01
E 002 007 4.826e+01
E 003 018 1.530e+01
E 003 009 3.712e+01
E 003 006 2.209e+01
E 003 007 2.476e+01
E 004 006 5.579e+01
E 004 013 5.508e+01
E 004 014 8.319e+01
E 004 015 4.600e+01
E 005 010 1.124e+02
E 005 012 2.927e+01
E 005 013 1.432e+01
E 005 016 3.585e+01
E 005 017 2.163e+01
E 006 008 3.002e+01
E 006 009 3.140e+01
E 006 010 9.487e+00
E 006 012 7.931e+01
E 006 013 8.950e+01
E 006 017 8.184e+01
E 006 019 4.100e+01
E 007 008 2.600e+01
E 007 010 5.162e+01
E 007 011 3.590e+01
E 008 010 3.764e+01
E 009 019 4.134e+01
E 009 017 6.230e+01
E 009 010 3.677e+01
E 010 012 8.768e+01
E 011 012 7.823e+01
E 011 015 7.415e+01
E 011 018 3.883e+01
E 011 019 2.886e+01
E 012 015 8.602e+00
E 012 018 5.385e+01
E 013 014 4.519e+01
E 013 016 2.163e+01
E 013 018 6.223e+01
E 014 019 4.851e+01
E 014 015 4.720e+01
E 015 016 1.273e+01
E 016 019 3.764e+01
E 016 018 4.123e+01
E 017 018 5.445e+01
