N 000 017 022 5.010e-01
N 001 098 077 1.526e-01
N 002 060 036 2.803e-01
N 003 004 073 9.724e-01
N 004 083 029 2.503e-01
N 005 056 033 3.750e-01
N 006 005 056 3.773e-01
N 007 011 003 2.886e-01
N 008 019 042 4.829e-01
N 009 011 027 4.438e-01
N 010 064 015 6.443e-01
N 011 001 020 3.948e-01
N 012 082 029 7.826e-01
N 013 079 022 9.742e-01
N 014 052 020 3.260e-01
N 015 043 084 3.577e-02
N 016 015 084 3.074e-01
N 017 067 034 2.304e-01
N 018 020 052 3.035e-01
N 019 060 069 4.345e-01
E 000 009 7.810e+00
E 000 010 4.752e+01
E 000 016 6.203e+01
E 000 017 5.142e+01
E 000 018 3.015e+01
E 000 019 6.370e+01
E 001 004 5.029e+01
E 001 009 1.003e+02
E 001 010 7.071e+01
E 001 012 5.060e+01
E 001 016 8.329e+01
E 001 018 8.191e+01
E 002 003 6.712e+01
E 002 004 2.404e+01
E 002 008 4.144e+01
E 002 016 6.580e+01
E 002 017 7.280e+00
E 002 019 3.300e+01
E 003 006 1.703e+01
E 003 008 3.444e+01
E 003 012 8.955e+01
E 003 013 9.070e+01
E 003 015 4.052e+01
E 003 017 7.409e+01
E 003 019 5.614e+01
E 004 005 2.729e+01
E 004 006 8.254e+01
E 004 009 7.203e+01
E 004 017 1.676e+01
E 005 017 1.105e+01
E 006 007 5.334e+01
E 006 009 2.961e+01
E 006 010 7.185e+01
E 006 012 8.160e+01
E 006 019 5.652e+01
E 007 016 8.110e+01
E 007 017 6.401e+01
E 007 018 4.982e+01
E 007 019 8.220e+01
E 008 019 4.909e+01
E 008 009 1.700e+01
E 009 011 1.221e+01
E 009 012 7.103e+01
E 009 018 2.657e+01
E 010 012 2.280e+01
E 010 013 1.655e+01
E 010 019 5.415e+01
E 011 016 6.551e+01
E 011 012 8.150e+01
E 011 013 7.803e+01
E 011 014 5.100e+01
E 012 016 8.668e+01
E 012 017 1.581e+01
E 013 014 2.707e+01
E 013 015 7.169e+01
E 014 016 7.393e+01
E 014 019 4.965e+01
E 015 016 2.800e+01
E 015 019 2.267e+01
E 016 018 3.239e+01
