N 000 009 071 1.963e-03
N 001 026 010 8.653e-01
N 002 089 036 5.447e-01
N 003 028 070 2.138e-01
N 004 037 050 4.588e-01
N 005 068 094 4.087e-01
N 006 091 060 5.499e-02
N 007 017 024 3.895e-01
N 008 003 086 9.408e-01
N 009 054 035 8.049e-01
N 010 051 034 4.908e-01
N 011 056 049 5.473e-01
N 012 018 021 9.218e-01
N 013 034 058 2.337e-01
N 014 054 069 6.178e-01
N 015 050 093 2.142e-01
N 016 079 094 7.554e-01
N 017 022 018 6.619e-01
N 018 065 014 2.488e-01
N 019 094 042 7.581e-01
E 000 002 8.732e+01
E 000 003 1.903e+01
E 000 009 5.763e+01
E 000 014 4.504e+01
E 000 016 7.368e+01
E 000 017 5.457e+01
E 000 019 8.981e+01
E 001 017 8.944e+00
E 001 011 4.920e+01
E 001 014 6.531e+01
E 001 007 1.664e+01
E 002 009 3.501e+01
E 002 018 3.256e+01
E 002 011 3.547e+01
E 003 007 4.730e+01
E 003 009 4.360e+01
E 003 014 2.602e+01
E 003 015 3.183e+01
E 003 017 5.235e+01
E 003 018 6.712e+01
E 004 006 5.492e+01
E 004 009 2.267e+01
E 004 010 2.126e+01
E 004 011 1.903e+01
E 004 013 8.544e+00
E 004 015 4.492e+01
E 004 016 6.083e+01
E 004 018 4.561e+01
E 004 019 5.756e+01
E 005 019 5.814e+01
E 005 014 2.865e+01
E 005 015 1.803e+01
E 006 011 3.669e+01
E 006 013 5.704e+01
E 006 014 3.808e+01
E 006 015 5.263e+01
E 006 016 3.606e+01
E 007 008 6.356e+01
E 007 010 3.544e+01
E 007 013 3.801e+01
E 008 019 1.011e+02
E 008 014 5.376e+01
E 009 011 1.414e+01
E 009 015 5.814e+01
E 009 019 4.061e+01
E 010 011 1.581e+01
E 010 012 3.547e+01
E 010 013 2.941e+01
E 010 019 4.374e+01
E 011 013 2.377e+01
E 011 015 4.441e+01
E 011 019 3.864e+01
E 012 018 4.752e+01
E 012 013 4.031e+01
E 013 015 3.848e+01
E 013 018 5.382e+01
E 014 018 5.609e+01
E 014 019 4.826e+01
E 015 018 8.041e+01
E 018 019 4.031e+01
