N 000 064 086 8.876e-01
N 001 030 056 8.674e-01
N 002 042 084 9.233e-02
N 003 033 055 5.964e-01
N 004 022 014 8.026e-01
N 005 053 094 3.210e-01
N 006 018 055 2.299e-01
N 007 062 020 5.079e-01
N 008 012 028 5.907e-01
N 009 015 074 8.701e-01
N 010 010 040 1.802e-01
N 011 008 009 2.846e-01
N 012 083 071 7.345e-01
N 013 007 072 7.246e-01
N 014 086 096 3.521e-01
N 015 048 091 5.945e-01
N 016 006 068 6.510e-01
N 017 098 040 5.205e-01
N 018 066 030 7.559e-01
N 019 050 046 6.729e-01
E 000 019 4.238e+01
E 000 001 4.534e+01
E 000 011 9.521e+01
E 000 004 8.335e+01
E 000 007 6.603e+01
E 001 006 1.204e+01
E 001 011 5.189e+01
E 001 012 5.508e+01
E 001 014 6.882e+01
E 001 017 6.986e+01
E 001 018 4.441e+01
E 001 019 2.236e+01
E 002 018 5.909e+01
E 002 013 3.700e+01
E 002 007 6.705e+01
E 003 016 2.997e+01
E 003 018 4.140e+01
E 003 019 1.924e+01
E 003 012 5.250e+01
E 004 005 8.580e+01
E 004 007 4.045e+01
E 004 009 6.041e+01
E 004 013 5.991e+01
E 004 016 5.632e+01
E 004 018 4.682e+01
E 005 007 7.455e+01
E 005 008 7.770e+01
E 005 009 4.294e+01
E 005 012 3.780e+01
E 005 014 3.306e+01
E 005 017 7.029e+01
E 005 018 6.531e+01
E 006 008 2.766e+01
E 006 010 1.700e+01
E 006 012 6.694e+01
E 006 013 2.025e+01
E 006 014 7.940e+01
E 006 016 1.769e+01
E 007 008 5.064e+01
E 007 010 5.571e+01
E 007 016 7.376e+01
E 007 019 2.864e+01
E 008 012 8.301e+01
E 008 014 1.005e+02
E 008 019 4.205e+01
E 009 010 3.437e+01
E 009 013 8.246e+00
E 010 016 2.828e+01
E 010 011 3.106e+01
E 011 012 9.731e+01
E 011 014 1.168e+02
E 012 013 7.601e+01
E 012 017 3.444e+01
E 013 014 8.257e+01
E 013 017 9.646e+01
E 014 015 3.833e+01
E 014 018 6.896e+01
E 015 016 4.789e+01
E 016 017 9.617e+01
E 018 019 2.263e+01
