N 000 020 075 3.123e-01
N 001 080 037 4.845e-01
N 002 014 006 8.080e-01
N 003 056 034 6.848e-02
N 004 079 034 6.218e-03
N 005 092 028 3.339e-01
N 006 041 079 3.068e-02
N 007 010 073 1.984e-01
N 008 040 021 7.669e-01
N 009 054 078 4.439e-01
N 010 047 054 4.478e-01
N 011 012 068 7.600e-01
N 012 002 086 8.798e-01
N 013 040 043 6.710e-01
N 014 092 091 3.376e-01
N 015 062 067 3.994e-01
N 016 019 079 6.178e-01
N 017 068 098 4.328e-02
N 018 086 064 3.950e-01
N 019 031 067 4.003e-01
E 000 009 3.413e+01
E 000 010 3.421e+01
E 000 011 1.063e+01
E 000 014 7.376e+01
E 000 006 2.138e+01
E 001 004 3.162e+00
E 001 007 7.871e+01
E 001 008 4.308e+01
E 001 012 9.211e+01
E 001 017 6.217e+01
E 001 019 5.745e+01
E 002 004 7.077e+01
E 003 007 6.031e+01
E 003 008 2.062e+01
E 003 011 5.561e+01
E 003 014 6.742e+01
E 003 015 3.354e+01
E 003 017 6.512e+01
E 003 019 4.140e+01
E 004 019 5.825e+01
E 004 012 9.291e+01
E 004 005 1.432e+01
E 005 006 7.212e+01
E 005 008 5.247e+01
E 005 013 5.412e+01
E 005 015 4.920e+01
E 005 017 7.400e+01
E 006 009 1.304e+01
E 006 014 5.239e+01
E 006 015 2.419e+01
E 006 017 3.302e+01
E 006 019 1.562e+01
E 007 011 5.385e+00
E 007 015 5.235e+01
E 007 016 1.082e+01
E 007 017 6.316e+01
E 008 011 5.471e+01
E 008 015 5.099e+01
E 008 017 8.193e+01
E 009 018 3.493e+01
E 009 019 2.550e+01
E 009 013 3.770e+01
E 010 011 3.770e+01
E 010 013 1.304e+01
E 010 014 5.826e+01
E 010 016 3.754e+01
E 010 017 4.875e+01
E 010 018 4.026e+01
E 011 013 3.754e+01
E 011 014 8.324e+01
E 011 015 5.001e+01
E 011 018 7.411e+01
E 012 019 3.467e+01
E 013 014 7.077e+01
E 013 015 3.256e+01
E 014 016 7.398e+01
E 014 017 2.500e+01
E 014 018 2.766e+01
E 016 017 5.255e+01
E 017 018 3.847e+01
