N 000 016 089 7.549e-01
N 001 044 039 7.717e-01
N 002 096 001 5.040e-01
N 003 028 000 3.096e-01
N 004 042 090 3.053e-01
N 005 062 052 2.842e-01
N 006 008 001 3.828e-02
N 007 037 017 5.948e-02
N 008 068 074 8.139e-01
N 009 042 022 6.673e-01
N 010 067 081 1.930e-01
N 011 055 098 2.436e-01
N 012 007 033 3.695e-01
N 013 033 006 3.430e-01
N 014 020 079 6.783e-01
N 015 061 024 8.094e-02
N 016 012 085 4.051e-01
N 017 026 016 7.910e-01
N 018 011 051 2.588e-01
N 019 019 068 5.982e-01
E 000 002 1.189e+02
E 000 003 8.981e+01
E 000 008 5.412e+01
E 000 011 4.002e+01
E 000 012 5.672e+01
E 000 014 1.077e+01
E 000 018 3.833e+01
E 001 008 4.244e+01
E 001 011 6.002e+01
E 001 003 4.215e+01
E 001 015 2.267e+01
E 002 017 7.159e+01
E 002 019 1.021e+02
E 002 014 1.089e+02
E 002 007 6.113e+01
E 003 005 6.213e+01
E 003 006 2.002e+01
E 003 012 3.912e+01
E 003 017 1.612e+01
E 003 018 5.376e+01
E 004 008 3.053e+01
E 004 017 7.571e+01
E 004 012 6.689e+01
E 004 007 7.317e+01
E 005 007 4.301e+01
E 005 008 2.280e+01
E 005 009 3.606e+01
E 005 014 4.993e+01
E 005 018 5.101e+01
E 005 019 4.588e+01
E 006 007 3.312e+01
E 006 009 3.996e+01
E 006 015 5.778e+01
E 006 016 8.410e+01
E 006 017 2.343e+01
E 007 010 7.068e+01
E 007 015 2.500e+01
E 008 011 2.729e+01
E 008 017 7.161e+01
E 008 019 4.937e+01
E 009 010 6.408e+01
E 009 011 7.710e+01
E 009 013 1.836e+01
E 009 016 6.978e+01
E 009 017 1.709e+01
E 009 018 4.245e+01
E 009 019 5.143e+01
E 010 014 4.704e+01
E 010 016 5.515e+01
E 010 017 7.685e+01
E 010 019 4.973e+01
E 011 012 8.080e+01
E 011 013 9.459e+01
E 011 014 3.982e+01
E 012 015 5.474e+01
E 012 016 5.224e+01
E 014 018 2.941e+01
E 016 017 7.041e+01
E 017 019 5.247e+01
E 018 019 1.879e+01
