N 000 006 010 7.659e-01
N 001 068 081 8.869e-01
N 002 000 076 4.730e-02
N 003 052 048 7.506e-01
N 004 098 014 2.316e-01
N 005 032 053 4.131e-01
N 006 092 089 1.510e-01
N 007 036 059 7.814e-01
N 008 032 016 5.400e-01
N 009 056 043 1.145e-01
N 010 079 028 4.110e-01
N 011 096 037 4.086e-01
N 012 099 029 3.822e-01
N 013 016 028 4.974e-01
N 014 096 033 3.355e-01
N 015 093 064 7.197e-01
N 016 026 009 1.316e-01
N 017 077 051 8.618e-02
N 018 085 083 5.801e-01
N 019 091 009 9.597e-01
E 000 002 6.627e+01
E 000 006 1.168e+02
E 000 010 7.519e+01
E 000 013 2.059e+01
E 000 014 9.289e+01
E 000 015 1.024e+02
E 000 016 2.002e+01
E 000 019 8.501e+01
E 001 002 6.818e+01
E 001 005 4.561e+01
E 001 008 7.430e+01
E 001 009 3.985e+01
E 001 012 6.054e+01
E 001 013 7.425e+01
E 002 003 5.906e+01
E 002 004 1.160e+02
E 002 005 3.941e+01
E 002 007 3.981e+01
E 002 015 9.377e+01
E 002 018 8.529e+01
E 003 004 5.720e+01
E 003 008 3.774e+01
E 003 010 3.360e+01
E 003 011 4.535e+01
E 003 012 5.070e+01
E 003 014 4.649e+01
E 003 015 4.401e+01
E 004 011 2.309e+01
E 004 014 1.910e+01
E 005 009 2.600e+01
E 005 010 5.324e+01
E 005 012 7.117e+01
E 005 015 6.198e+01
E 006 009 5.841e+01
E 006 019 8.001e+01
E 006 015 2.502e+01
E 007 019 7.433e+01
E 007 017 4.177e+01
E 007 011 6.391e+01
E 007 013 3.689e+01
E 008 014 6.622e+01
E 008 009 3.612e+01
E 009 011 4.045e+01
E 009 012 4.522e+01
E 009 017 2.247e+01
E 009 018 4.941e+01
E 009 019 4.880e+01
E 010 016 5.630e+01
E 010 012 2.002e+01
E 011 013 8.050e+01
E 011 014 4.000e+00
E 011 017 2.360e+01
E 012 018 5.579e+01
E 013 016 2.147e+01
E 013 018 8.824e+01
E 014 019 2.452e+01
E 015 016 8.668e+01
E 015 017 2.062e+01
E 015 019 5.504e+01
E 016 019 6.500e+01
