N 000 087 049 9.639e-01
N 001 088 006 9.400e-01
N 002 039 097 1.997e-01
N 003 089 078 8.380e-01
N 004 044 062 4.458e-01
N 005 005 028 4.487e-01
N 006 089 051 8.334e-01
N 007 007 084 2.213e-01
N 008 044 090 2.161e-01
N 009 012 036 3.475e-01
N 010 040 065 1.108e-01
N 011 054 047 6.850e-01
N 012 023 039 3.221e-01
N 013 051 066 8.411e-01
N 014 026 088 9.875e-01
N 015 016 081 3.578e-01
N 016 068 031 8.363e-01
N 017 068 007 4.688e-01
N 018 074 037 1.095e-01
N 019 019 042 5.897e-01
E 000 017 4.610e+01
E 000 018 1.769e+01
E 000 012 6.478e+01
E 000 014 7.240e+01
E 000 015 7.788e+01
E 001 011 5.326e+01
E 001 009 8.171e+01
E 001 003 7.201e+01
E 001 005 8.587e+01
E 001 006 4.501e+01
E 002 009 6.671e+01
E 002 019 5.852e+01
E 002 017 9.456e+01
E 003 006 2.700e+01
E 003 007 8.222e+01
E 003 008 4.657e+01
E 003 010 5.070e+01
E 003 011 4.675e+01
E 003 013 3.985e+01
E 003 015 7.306e+01
E 004 016 3.920e+01
E 004 014 3.162e+01
E 005 019 1.980e+01
E 006 007 8.839e+01
E 006 009 7.845e+01
E 006 010 5.096e+01
E 006 013 4.085e+01
E 006 014 7.306e+01
E 006 016 2.900e+01
E 006 018 2.052e+01
E 006 019 7.058e+01
E 007 009 4.826e+01
E 007 010 3.808e+01
E 007 011 5.982e+01
E 007 012 4.776e+01
E 007 018 8.184e+01
E 007 019 4.368e+01
E 008 016 6.369e+01
E 008 018 6.090e+01
E 008 014 1.811e+01
E 009 017 6.306e+01
E 009 018 6.201e+01
E 009 019 9.220e+00
E 010 013 1.105e+01
E 010 015 2.884e+01
E 010 016 4.405e+01
E 010 018 4.405e+01
E 011 017 4.238e+01
E 012 018 5.104e+01
E 013 015 3.808e+01
E 013 016 3.891e+01
E 013 018 3.701e+01
E 014 016 7.080e+01
E 014 017 9.124e+01
E 015 016 7.214e+01
E 015 017 9.044e+01
E 016 017 2.400e+01
E 016 018 8.485e+00
E 016 019 5.022e+01
E 017 019 6.022e+01
