N 000 041 079 1.009e-01
N 001 005 055 9.541e-01
N 002 040 006 5.312e-01
N 003 043 079 7.544e-01
N 004 051 016 8.137e-01
N 005 046 091 6.844e-01
N 006 047 064 7.287e-01
N 007 002 026 5.851e-01
N 008 058 018 3.204e-01
N 009 025 071 8.467e-01
N 010 066 097 9.681e-01
N 011 056 000 4.021e-01
N 012 019 008 8.793e-01
N 013 056 066 1.784e-01
N 014 051 038 3.725e-01
N 015 015 061 9.309e-02
N 016 023 092 4.979e-01
N 017 056 053 3.392e-01
N 018 025 091 3.520e-01
N 019 045 058 5.233e-01
E 000 002 7.301e+01
E 000 003 2.000e+00
E 000 005 1.300e+01
E 000 007 6.580e+01
E 000 008 6.332e+01
E 000 018 2.000e+01
E 000 019 2.138e+01
E 001 002 6.022e+01
E 001 006 4.295e+01
E 001 010 7.406e+01
E 001 013 5.217e+01
E 001 017 5.104e+01
E 001 018 4.118e+01
E 002 003 7.306e+01
E 002 004 1.487e+01
E 002 006 5.842e+01
E 002 011 1.709e+01
E 002 012 2.110e+01
E 002 015 6.042e+01
E 002 017 4.965e+01
E 002 018 8.631e+01
E 003 016 2.385e+01
E 003 010 2.921e+01
E 003 017 2.907e+01
E 004 012 3.298e+01
E 004 014 2.200e+01
E 005 017 3.929e+01
E 006 011 6.463e+01
E 006 014 2.631e+01
E 006 015 3.214e+01
E 006 019 6.325e+00
E 007 010 9.559e+01
E 007 019 5.360e+01
E 007 018 6.895e+01
E 008 009 6.243e+01
E 008 014 2.119e+01
E 008 017 3.506e+01
E 009 010 4.855e+01
E 009 019 2.385e+01
E 009 012 6.329e+01
E 009 014 4.201e+01
E 010 016 4.329e+01
E 010 017 4.512e+01
E 010 018 4.144e+01
E 011 012 3.785e+01
E 011 014 3.833e+01
E 011 016 9.774e+01
E 011 019 5.903e+01
E 012 015 5.315e+01
E 012 017 5.826e+01
E 012 018 8.322e+01
E 013 019 1.360e+01
E 013 015 4.130e+01
E 014 015 4.272e+01
E 014 018 5.903e+01
E 014 019 2.088e+01
E 015 018 3.162e+01
E 015 019 3.015e+01
E 016 017 5.109e+01
E 016 018 2.236e+00
