N 000 013 076 1.046e-02
N 001 045 057 6.544e-01
N 002 040 071 6.301e-01
N 003 007 031 6.960e-01
N 004 091 042 5.022e-01
N 005 026 048 9.363e-01
N 006 077 047 6.184e-01
N 007 014 058 2.530e-01
N 008 044 010 8.660e-01
N 009 092 056 1.035e-01
N 010 084 045 4.416e-01
N 011 003 043 3.591e-01
N 012 033 074 3.844e-02
N 013 067 003 2.662e-01
N 014 072 087 1.951e-01
N 015 042 064 1.099e-01
N 016 073 086 7.829e-02
N 017 085 055 3.372e-01
N 018 067 049 2.590e-01
N 019 004 014 8.050e-01
E 000 008 7.292e+01
E 000 009 8.149e+01
E 000 010 7.747e+01
E 000 012 2.010e+01
E 000 007 1.803e+01
E 001 002 1.487e+01
E 001 003 4.604e+01
E 001 007 3.102e+01
E 001 008 4.701e+01
E 001 012 2.081e+01
E 001 019 5.941e+01
E 002 006 4.410e+01
E 002 010 5.111e+01
E 002 015 7.280e+00
E 002 016 3.625e+01
E 002 018 3.483e+01
E 003 005 2.550e+01
E 003 006 7.181e+01
E 003 011 1.265e+01
E 003 012 5.025e+01
E 003 013 6.621e+01
E 003 014 8.580e+01
E 003 016 8.591e+01
E 003 017 8.161e+01
E 004 008 5.686e+01
E 004 006 1.487e+01
E 005 006 5.101e+01
E 005 007 1.562e+01
E 005 008 4.205e+01
E 005 010 5.808e+01
E 005 016 6.044e+01
E 005 018 4.101e+01
E 005 019 4.050e+01
E 006 007 6.395e+01
E 006 009 1.749e+01
E 006 011 7.411e+01
E 006 012 5.162e+01
E 006 015 3.891e+01
E 006 018 1.020e+01
E 006 019 8.011e+01
E 007 013 7.638e+01
E 007 016 6.531e+01
E 007 018 5.376e+01
E 008 011 5.263e+01
E 009 012 6.168e+01
E 009 013 5.860e+01
E 009 014 3.689e+01
E 009 016 3.551e+01
E 010 012 5.867e+01
E 010 013 4.531e+01
E 011 012 4.314e+01
E 012 013 7.872e+01
E 012 014 4.111e+01
E 012 015 1.345e+01
E 014 017 3.454e+01
E 015 016 3.801e+01
E 015 017 4.393e+01
E 015 018 2.915e+01
E 016 017 3.324e+01
E 017 019 9.079e+01
