N 000 041 040 3.720e-01
N 001 054 063 8.136e-01
N 002 020 088 8.660e-02
N 003 029 044 8.284e-01
N 004 023 068 9.077e-01
N 005 025 002 8.793e-01
N 006 012 095 7.803e-01
N 007 085 014 3.503e-01
N 008 045 087 7.035e-01
N 009 097 025 9.019e-01
N 010 087 094 8.766e-01
N 011 012 079 8.276e-01
N 012 092 036 5.057e-01
N 013 056 004 9.584e-01
N 014 054 016 8.224e-02
N 015 037 093 1.224e-01
N 016 089 044 7.681e-01
N 017 072 017 4.982e-01
N 018 010 088 8.868e-03
N 019 033 096 8.567e-01
E 000 001 2.642e+01
E 000 002 5.239e+01
E 000 017 3.860e+01
E 000 013 3.900e+01
E 000 015 5.315e+01
E 001 002 4.220e+01
E 001 006 5.280e+01
E 001 007 5.798e+01
E 001 009 5.738e+01
E 001 014 4.700e+01
E 001 017 4.940e+01
E 001 019 3.912e+01
E 002 005 8.615e+01
E 002 007 9.849e+01
E 002 011 1.204e+01
E 002 013 9.139e+01
E 002 015 1.772e+01
E 002 016 8.184e+01
E 002 017 8.801e+01
E 002 018 1.000e+01
E 003 010 7.658e+01
E 003 011 3.891e+01
E 003 012 6.351e+01
E 003 014 3.754e+01
E 003 018 4.793e+01
E 003 019 5.215e+01
E 004 008 2.907e+01
E 004 016 7.023e+01
E 004 019 2.973e+01
E 004 017 7.072e+01
E 004 007 8.222e+01
E 005 016 7.655e+01
E 005 013 3.106e+01
E 005 015 9.179e+01
E 006 009 1.101e+02
E 006 011 1.600e+01
E 006 012 9.940e+01
E 006 013 1.011e+02
E 006 014 8.947e+01
E 006 016 9.236e+01
E 006 018 7.280e+00
E 007 008 8.324e+01
E 007 009 1.628e+01
E 007 012 2.309e+01
E 007 016 3.027e+01
E 007 019 9.710e+01
E 008 018 3.501e+01
E 009 016 2.062e+01
E 009 013 4.607e+01
E 010 018 7.723e+01
E 010 013 9.519e+01
E 011 016 8.458e+01
E 011 013 8.695e+01
E 012 014 4.294e+01
E 012 018 9.710e+01
E 012 019 8.415e+01
E 013 017 2.062e+01
E 016 017 3.191e+01
E 016 018 9.043e+01
E 018 019 2.435e+01
