N 000 088 023 3.965e-01
N 001 075 057 8.655e-01
N 002 010 004 2.257e-01
N 003 026 002 4.123e-01
N 004 008 070 8.351e-01
N 005 029 066 6.828e-01
N 006 007 029 7.901e-01
N 007 081 060 5.405e-01
N 008 005 098 9.090e-01
N 009 034 029 9.736e-01
N 010 056 050 2.546e-01
N 011 011 079 7.954e-01
N 012 001 050 4.776e-01
N 013 006 064 8.253e-01
N 014 007 038 9.082e-01
N 015 063 006 6.683e-01
N 016 022 027 9.778e-01
N 017 057 047 2.960e-01
N 018 018 062 9.902e-02
N 019 030 062 9.082e-01
E 000 002 8.028e+01
E 000 005 7.301e+01
E 000 006 8.122e+01
E 000 008 1.119e+02
E 000 012 9.109e+01
E 000 013 9.168e+01
E 000 019 6.989e+01
E 001 003 7.366e+01
E 001 004 6.825e+01
E 001 007 6.708e+00
E 001 011 6.768e+01
E 001 013 6.935e+01
E 001 015 5.239e+01
E 001 017 2.059e+01
E 001 018 5.722e+01
E 001 019 4.528e+01
E 002 009 3.466e+01
E 002 014 3.413e+01
E 003 005 6.407e+01
E 003 007 7.993e+01
E 003 009 2.816e+01
E 003 011 7.845e+01
E 003 012 5.412e+01
E 003 017 5.464e+01
E 004 008 2.816e+01
E 004 010 5.200e+01
E 004 014 3.202e+01
E 004 017 5.413e+01
E 005 007 5.235e+01
E 005 009 3.734e+01
E 005 012 3.225e+01
E 005 014 3.561e+01
E 005 018 1.170e+01
E 006 009 2.700e+01
E 006 011 5.016e+01
E 006 012 2.184e+01
E 006 017 5.314e+01
E 006 018 3.479e+01
E 006 019 4.022e+01
E 007 016 6.760e+01
E 007 014 7.720e+01
E 008 019 4.383e+01
E 008 011 1.992e+01
E 008 013 3.401e+01
E 009 012 3.912e+01
E 009 013 4.482e+01
E 009 019 3.324e+01
E 010 018 3.985e+01
E 010 013 5.192e+01
E 010 014 5.045e+01
E 011 012 3.068e+01
E 011 014 4.119e+01
E 012 014 1.342e+01
E 012 015 7.603e+01
E 012 017 5.608e+01
E 013 017 5.376e+01
E 014 019 3.324e+01
E 016 018 3.523e+01
E 016 019 3.590e+01
E 017 019 3.089e+01
