N 000 093 042 4.780e-01
N 001 057 013 1.587e-01
N 002 014 099 9.506e-01
N 003 007 026 1.792e-02
N 004 029 027 6.149e-02
N 005 059 073 9.420e-01
N 006 006 012 6.780e-01
N 007 085 087 4.952e-01
N 008 041 041 9.305e-01
N 009 070 098 7.463e-01
N 010 069 041 3.358e-01
N 011 023 078 2.978e-01
N 012 090 024 8.654e-01
N 013 003 052 8.652e-01
N 014 062 059 2.389e-01
N 015 032 081 6.707e-01
N 016 014 021 3.686e-01
N 017 076 062 1.438e-01
N 018 018 071 7.503e-01
N 019 003 083 4.108e-01
E 000 016 8.174e+01
E 000 011 7.871e+01
E 000 012 1.825e+01
E 000 013 9.055e+01
E 000 007 4.571e+01
E 001 012 3.479e+01
E 001 002 9.615e+01
E 001 004 3.130e+01
E 002 003 7.333e+01
E 002 008 6.398e+01
E 002 011 2.285e+01
E 002 012 1.068e+02
E 002 014 6.248e+01
E 002 017 7.220e+01
E 003 006 1.404e+01
E 003 007 9.902e+01
E 003 009 9.567e+01
E 003 010 6.379e+01
E 003 011 5.441e+01
E 003 012 8.302e+01
E 003 019 5.714e+01
E 004 008 1.844e+01
E 004 009 8.199e+01
E 004 010 4.238e+01
E 004 011 5.135e+01
E 004 015 5.408e+01
E 004 016 1.616e+01
E 005 016 6.877e+01
E 005 012 5.798e+01
E 006 011 6.815e+01
E 006 017 8.602e+01
E 007 010 4.870e+01
E 007 014 3.624e+01
E 007 015 5.334e+01
E 008 010 2.800e+01
E 008 013 3.956e+01
E 008 014 2.766e+01
E 008 017 4.082e+01
E 008 018 3.780e+01
E 008 019 5.664e+01
E 009 011 5.108e+01
E 009 013 8.127e+01
E 009 014 3.981e+01
E 009 015 4.163e+01
E 009 018 5.859e+01
E 010 013 6.691e+01
E 010 014 1.931e+01
E 010 015 5.449e+01
E 010 017 2.214e+01
E 010 019 7.823e+01
E 011 017 5.536e+01
E 011 018 8.602e+00
E 012 013 9.139e+01
E 012 016 7.606e+01
E 013 017 7.368e+01
E 015 019 2.907e+01
E 016 017 7.433e+01
E 016 018 5.016e+01
E 016 019 6.297e+01
E 017 019 7.596e+01
