N 000 018 062 9.271e-01
N 001 015 022 6.465e-01
N 002 009 042 5.237e-01
N 003 097 022 3.346e-01
N 004 031 019 5.916e-01
N 005 007 024 7.968e-01
N 006 026 055 8.784e-01
N 007 009 072 4.728e-01
N 008 083 083 9.528e-01
N 009 082 064 7.650e-01
N 010 049 047 7.469e-01
N 011 018 038 6.026e-01
N 012 090 072 6.803e-01
N 013 060 085 8.978e-01
N 014 005 065 7.856e-01
N 015 004 065 9.599e-03
N 016 080 015 7.931e-01
N 017 007 086 7.268e-01
N 018 044 080 5.894e-01
N 019 077 036 4.649e-01
E 000 001 4.011e+01
E 000 002 2.193e+01
E 000 003 8.855e+01
E 000 007 1.345e+01
E 000 008 6.831e+01
E 000 012 7.269e+01
E 000 018 3.162e+01
E 001 009 7.908e+01
E 001 011 1.628e+01
E 001 013 7.742e+01
E 001 017 6.450e+01
E 002 009 7.624e+01
E 002 012 8.638e+01
E 002 014 2.335e+01
E 002 016 7.596e+01
E 002 018 5.166e+01
E 003 010 5.412e+01
E 003 011 8.060e+01
E 003 013 7.306e+01
E 003 015 1.025e+02
E 003 016 1.838e+01
E 003 019 2.441e+01
E 004 006 3.635e+01
E 004 009 6.801e+01
E 004 010 3.329e+01
E 004 013 7.209e+01
E 004 014 5.284e+01
E 004 017 7.117e+01
E 005 010 4.789e+01
E 006 018 3.081e+01
E 006 013 4.534e+01
E 006 014 2.326e+01
E 006 007 2.404e+01
E 007 008 7.481e+01
E 007 009 7.344e+01
E 007 011 3.517e+01
E 007 013 5.263e+01
E 007 016 9.105e+01
E 008 009 1.903e+01
E 008 017 7.606e+01
E 008 014 8.005e+01
E 009 010 3.712e+01
E 009 012 1.131e+01
E 009 015 7.801e+01
E 010 014 4.754e+01
E 010 015 4.847e+01
E 010 018 3.338e+01
E 011 018 4.940e+01
E 011 012 7.962e+01
E 012 016 5.787e+01
E 012 017 8.417e+01
E 013 014 5.852e+01
E 013 018 1.676e+01
E 014 015 1.000e+00
E 014 016 9.014e+01
E 014 017 2.110e+01
E 014 019 7.762e+01
E 015 017 2.121e+01
E 016 017 1.018e+02
E 018 019 5.500e+01
