N 000 003 023 3.264e-01
N 001 070 099 7.532e-01
N 002 025 071 5.197e-04
N 003 075 079 4.309e-01
N 004 058 034 3.033e-01
N 005 004 075 1.323e-01
N 006 001 023 3.562e-01
N 007 066 043 3.288e-01
N 008 062 006 9.979e-01
N 009 064 073 8.849e-01
N 010 079 093 3.038e-01
N 011 045 095 2.673e-01
N 012 029 018 5.016e-01
N 013 061 023 4.677e-01
N 014 062 024 9.626e-01
N 015 034 083 3.809e-02
N 016 081 009 3.392e-01
N 017 056 057 1.011e-01
N 018 012 089 8.139e-01
N 019 064 083 4.235e-01
E 000 017 6.297e+01
E 000 010 1.033e+02
E 000 003 9.121e+01
E 000 012 2.648e+01
E 000 015 6.754e+01
E 001 016 9.067e+01
E 001 019 1.709e+01
E 001 014 7.543e+01
E 001 006 1.026e+02
E 001 015 3.940e+01
E 002 013 6.000e+01
E 002 005 2.138e+01
E 002 014 5.982e+01
E 002 007 4.965e+01
E 003 006 9.280e+01
E 003 013 5.772e+01
E 003 016 7.026e+01
E 003 017 2.907e+01
E 003 019 1.170e+01
E 004 008 2.828e+01
E 004 009 3.946e+01
E 004 011 6.237e+01
E 004 015 5.456e+01
E 005 017 5.503e+01
E 005 012 6.224e+01
E 005 014 7.723e+01
E 005 006 5.209e+01
E 006 007 6.801e+01
E 006 009 8.043e+01
E 006 010 1.048e+02
E 006 011 8.438e+01
E 006 012 2.844e+01
E 006 016 8.122e+01
E 006 017 6.466e+01
E 006 018 6.691e+01
E 006 019 8.700e+01
E 007 008 3.722e+01
E 007 009 3.007e+01
E 007 011 5.608e+01
E 007 016 3.716e+01
E 008 010 8.865e+01
E 008 011 9.061e+01
E 008 014 1.800e+01
E 008 015 8.193e+01
E 009 010 2.500e+01
E 009 014 4.904e+01
E 009 015 3.162e+01
E 010 017 4.272e+01
E 010 018 6.712e+01
E 011 016 9.323e+01
E 011 018 3.354e+01
E 012 018 7.301e+01
E 013 014 1.414e+00
E 013 015 6.580e+01
E 014 017 3.354e+01
E 015 017 3.406e+01
E 015 019 3.000e+01
E 016 017 5.412e+01
E 016 018 1.056e+02
E 017 018 5.441e+01
