N 000 049 057 1.664e-01
N 001 084 094 5.538e-01
N 002 078 025 7.806e-01
N 003 044 057 4.202e-01
N 004 020 069 7.454e-03
N 005 025 056 6.702e-01
N 006 021 074 1.861e-01
N 007 033 039 9.410e-01
N 008 092 062 3.220e-01
N 009 077 026 3.878e-01
N 010 056 040 1.784e-01
N 011 021 043 8.159e-01
N 012 084 026 7.154e-02
N 013 047 026 7.924e-01
N 014 053 093 5.161e-01
N 015 017 073 3.163e-01
N 016 072 061 3.540e-01
N 017 031 052 9.642e-01
N 018 052 076 9.840e-01
N 019 082 071 4.279e-01
E 000 001 5.093e+01
E 000 002 4.319e+01
E 000 004 3.138e+01
E 000 007 2.408e+01
E 000 009 4.177e+01
E 000 011 3.130e+01
E 000 012 4.675e+01
E 001 005 7.018e+01
E 001 006 6.610e+01
E 001 009 6.836e+01
E 001 011 8.106e+01
E 001 018 3.672e+01
E 001 019 2.309e+01
E 002 009 1.414e+00
E 003 019 4.050e+01
E 003 012 5.061e+01
E 003 013 3.114e+01
E 003 014 3.711e+01
E 003 015 3.138e+01
E 004 008 7.234e+01
E 004 010 4.623e+01
E 004 012 7.710e+01
E 004 017 2.025e+01
E 005 008 6.727e+01
E 005 011 1.360e+01
E 005 012 6.619e+01
E 005 015 1.879e+01
E 005 017 7.211e+00
E 005 019 5.894e+01
E 006 008 7.201e+01
E 006 010 4.880e+01
E 006 012 7.920e+01
E 006 007 3.700e+01
E 007 019 5.852e+01
E 007 014 5.758e+01
E 008 011 7.350e+01
E 008 016 2.002e+01
E 008 018 4.238e+01
E 008 019 1.345e+01
E 009 012 7.000e+00
E 009 018 5.590e+01
E 009 019 4.528e+01
E 010 011 3.513e+01
E 010 013 1.664e+01
E 010 015 5.109e+01
E 010 018 3.622e+01
E 010 019 4.046e+01
E 011 013 3.106e+01
E 011 014 5.936e+01
E 011 015 3.027e+01
E 011 017 1.345e+01
E 011 018 4.528e+01
E 012 015 8.184e+01
E 012 019 4.504e+01
E 014 015 4.118e+01
E 014 016 3.722e+01
E 014 019 3.640e+01
E 015 019 6.503e+01
E 016 017 4.198e+01
E 016 019 1.414e+01
