N 000 050 037 7.116e-01
N 001 005 040 2.514e-01
N 002 053 037 6.208e-01
N 003 058 084 9.247e-02
N 004 036 087 8.168e-01
N 005 032 061 2.108e-01
N 006 058 051 9.700e-01
N 007 040 078 8.677e-01
N 008 051 063 7.075e-02
N 009 007 083 8.828e-01
N 010 000 036 9.768e-01
N 011 002 018 4.332e-01
N 012 099 085 6.849e-01
N 013 050 074 6.286e-03
N 014 021 054 5.111e-01
N 015 088 087 5.807e-01
N 016 083 025 1.218e-01
N 017 028 081 4.667e-01
N 018 076 043 2.744e-01
N 019 031 044 8.814e-02
E 000 002 3.000e+00
E 000 003 4.768e+01
E 000 005 3.000e+01
E 000 007 4.220e+01
E 000 008 2.602e+01
E 000 014 3.362e+01
E 001 013 5.640e+01
E 001 015 9.538e+01
E 002 004 5.281e+01
E 002 007 4.301e+01
E 002 008 2.608e+01
E 002 009 6.505e+01
E 002 010 5.301e+01
E 002 015 6.103e+01
E 002 019 2.309e+01
E 003 009 5.101e+01
E 003 006 3.300e+01
E 003 015 3.015e+01
E 004 016 7.780e+01
E 004 010 6.243e+01
E 004 012 6.303e+01
E 004 005 2.631e+01
E 005 006 2.786e+01
E 005 009 3.330e+01
E 005 010 4.061e+01
E 005 013 2.220e+01
E 005 014 1.304e+01
E 005 015 6.174e+01
E 006 010 5.991e+01
E 006 013 2.435e+01
E 006 016 3.607e+01
E 006 017 4.243e+01
E 007 011 7.102e+01
E 007 012 5.941e+01
E 007 015 4.884e+01
E 007 018 5.021e+01
E 007 019 3.517e+01
E 008 009 4.833e+01
E 008 012 5.280e+01
E 008 015 4.410e+01
E 008 018 3.202e+01
E 009 011 6.519e+01
E 009 012 9.202e+01
E 009 013 4.393e+01
E 009 015 8.110e+01
E 009 019 4.579e+01
E 010 011 1.811e+01
E 010 015 1.017e+02
E 010 017 5.300e+01
E 010 018 7.632e+01
E 010 019 3.202e+01
E 011 014 4.071e+01
E 011 017 6.815e+01
E 011 019 3.895e+01
E 012 017 7.111e+01
E 013 017 2.309e+01
E 015 018 4.561e+01
E 016 017 7.849e+01
E 017 018 6.122e+01
E 017 019 3.712e+01
