N 000 028 072 2.040e-02
N 001 013 037 6.401e-01
N 002 099 052 2.567e-01
N 003 019 065 8.880e-01
N 004 003 082 1.277e-01
N 005 012 003 7.635e-01
N 006 024 088 2.481e-01
N 007 065 086 1.180e-01
N 008 084 063 4.951e-02
N 009 083 036 1.394e-01
N 010 085 079 6.767e-01
N 011 067 000 4.862e-01
N 012 027 097 7.693e-01
N 013 083 073 9.832e-01
N 014 088 016 9.582e-02
N 015 042 093 5.975e-02
N 016 013 031 3.981e-01
N 017 006 081 7.113e-01
N 018 088 054 5.182e-01
N 019 022 050 1.047e-02
E 000 009 6.573e+01
E 000 003 1.140e+01
E 000 006 1.649e+01
E 000 015 2.524e+01
E 001 003 2.864e+01
E 001 005 3.401e+01
E 001 007 7.145e+01
E 001 009 7.001e+01
E 001 017 4.455e+01
E 001 018 7.690e+01
E 001 019 1.581e+01
E 002 003 8.105e+01
E 002 004 1.006e+02
E 002 008 1.860e+01
E 002 010 3.041e+01
E 002 013 2.640e+01
E 002 014 3.764e+01
E 002 015 7.021e+01
E 002 016 8.853e+01
E 003 005 6.239e+01
E 003 010 6.747e+01
E 003 011 8.080e+01
E 003 012 3.298e+01
E 003 014 8.463e+01
E 003 018 6.987e+01
E 004 012 2.830e+01
E 004 005 7.951e+01
E 004 006 2.184e+01
E 004 015 4.052e+01
E 005 006 8.584e+01
E 005 007 9.848e+01
E 005 008 9.372e+01
E 005 011 5.508e+01
E 005 012 9.519e+01
E 005 013 9.970e+01
E 005 016 2.802e+01
E 005 019 4.805e+01
E 006 008 6.500e+01
E 006 010 6.166e+01
E 006 011 9.794e+01
E 006 014 9.633e+01
E 006 017 1.931e+01
E 007 016 7.569e+01
E 007 015 2.404e+01
E 008 013 1.005e+01
E 008 014 4.717e+01
E 008 015 5.161e+01
E 009 018 1.868e+01
E 009 019 6.259e+01
E 009 016 7.018e+01
E 010 011 8.102e+01
E 010 017 7.903e+01
E 011 013 7.473e+01
E 011 017 1.014e+02
E 011 019 6.727e+01
E 012 019 4.727e+01
E 013 018 1.965e+01
E 013 019 6.519e+01
E 015 019 4.742e+01
E 017 019 3.489e+01
