N 000 068 086 2.927e-01
N 001 025 059 4.578e-01
N 002 050 064 4.152e-01
N 003 092 039 8.744e-01
N 004 096 097 8.492e-01
N 005 050 072 3.280e-01
N 006 010 015 4.678e-01
N 007 005 022 4.254e-01
N 008 080 038 2.406e-01
N 009 061 091 7.864e-01
N 010 047 093 8.457e-01
N 011 057 081 7.787e-01
N 012 015 001 9.874e-01
N 013 012 004 3.049e-01
N 014 016 062 9.037e-01
N 015 053 054 8.623e-01
N 016 022 064 8.727e-01
N 017 065 097 6.223e-01
N 018 033 003 7.649e-01
N 019 089 028 5.658e-01
E 000 003 5.277e+01
E 000 004 3.008e+01
E 000 007 8.981e+01
E 000 009 8.602e+00
E 000 016 5.099e+01
E 000 019 6.168e+01
E 001 002 2.550e+01
E 001 005 2.818e+01
E 001 007 4.206e+01
E 001 008 5.887e+01
E 001 009 4.817e+01
E 001 010 4.050e+01
E 001 015 2.844e+01
E 001 016 5.831e+00
E 001 019 7.111e+01
E 002 004 5.661e+01
E 002 006 6.325e+01
E 002 010 2.915e+01
E 002 015 1.044e+01
E 002 016 2.800e+01
E 002 018 6.332e+01
E 002 019 5.308e+01
E 003 012 8.587e+01
E 003 004 5.814e+01
E 003 014 7.940e+01
E 003 006 8.544e+01
E 004 006 1.188e+02
E 004 007 1.179e+02
E 004 010 4.916e+01
E 004 012 1.256e+02
E 004 017 3.100e+01
E 004 019 6.935e+01
E 005 015 1.825e+01
E 005 006 6.963e+01
E 005 009 2.195e+01
E 006 007 8.602e+00
E 006 011 8.102e+01
E 006 013 1.118e+01
E 007 010 8.249e+01
E 007 014 4.148e+01
E 007 015 5.769e+01
E 007 018 3.384e+01
E 008 013 7.603e+01
E 008 014 6.835e+01
E 009 010 1.414e+01
E 009 011 1.077e+01
E 009 018 9.235e+01
E 010 011 1.562e+01
E 010 015 3.946e+01
E 010 017 1.844e+01
E 010 018 9.108e+01
E 011 014 4.519e+01
E 011 018 8.161e+01
E 011 019 6.191e+01
E 012 016 6.339e+01
E 014 017 6.022e+01
E 015 016 3.257e+01
E 015 019 4.441e+01
E 016 019 7.606e+01
E 018 019 6.133e+01
