N 000 092 072 6.377e-01
N 001 055 027 1.357e-01
N 002 097 064 8.863e-01
N 003 031 082 1.970e-01
N 004 002 058 7.353e-01
N 005 071 055 7.526e-01
N 006 052 049 9.008e-01
N 007 033 088 3.426e-01
N 008 068 053 9.128e-02
N 009 049 084 3.690e-01
N 010 069 067 7.732e-02
N 011 059 059 7.447e-01
N 012 095 028 8.611e-01
N 013 061 081 9.675e-01
N 014 017 047 6.083e-01
N 015 069 082 6.111e-01
N 016 016 092 6.270e-02
N 017 017 084 9.727e-01
N 018 081 058 4.115e-01
N 019 014 030 9.794e-01
E 000 010 2.354e+01
E 000 019 8.859e+01
E 000 013 3.228e+01
E 000 014 7.906e+01
E 001 007 6.485e+01
E 001 010 4.238e+01
E 001 011 3.225e+01
E 001 014 4.294e+01
E 001 016 7.580e+01
E 001 018 4.046e+01
E 002 019 8.969e+01
E 002 011 3.833e+01
E 002 006 4.743e+01
E 002 007 6.835e+01
E 003 008 4.701e+01
E 003 014 3.770e+01
E 003 007 6.325e+00
E 004 016 3.677e+01
E 004 009 5.371e+01
E 004 017 3.002e+01
E 004 005 6.907e+01
E 004 013 6.332e+01
E 005 006 1.992e+01
E 005 009 3.640e+01
E 005 011 1.265e+01
E 005 014 5.459e+01
E 005 016 6.629e+01
E 006 008 1.649e+01
E 006 012 4.785e+01
E 006 014 3.506e+01
E 007 009 1.649e+01
E 007 014 4.401e+01
E 007 015 3.650e+01
E 007 016 1.746e+01
E 007 017 1.649e+01
E 008 010 1.404e+01
E 008 013 2.886e+01
E 008 014 5.135e+01
E 008 016 6.500e+01
E 008 017 5.968e+01
E 009 010 2.625e+01
E 009 011 2.693e+01
E 009 012 7.247e+01
E 009 013 1.237e+01
E 009 016 3.396e+01
E 010 014 5.571e+01
E 010 015 1.500e+01
E 010 016 5.860e+01
E 010 017 5.471e+01
E 010 018 1.500e+01
E 011 012 4.751e+01
E 011 019 5.354e+01
E 012 017 9.602e+01
E 012 015 5.993e+01
E 013 019 6.935e+01
E 014 019 1.726e+01
E 015 019 7.569e+01
E 016 017 8.062e+00
E 016 018 7.336e+01
E 017 018 6.908e+01
