N 000 061 095 7.025e-01
N 001 011 006 6.097e-01
N 002 031 049 4.356e-01
N 003 031 030 3.706e-01
N 004 056 009 9.716e-01
N 005 056 045 5.438e-01
N 006 041 071 6.729e-02
N 007 029 095 9.337e-01
N 008 095 055 2.638e-01
N 009 050 008 3.482e-02
N 010 030 027 4.206e-01
N 011 001 088 8.965e-01
N 012 054 008 1.885e-01
N 013 015 071 2.929e-01
N 014 095 082 4.333e-01
N 015 038 096 5.128e-01
N 016 003 024 7.377e-01
N 017 095 048 5.647e-01
N 018 063 089 5.230e-01
N 019 028 053 7.452e-01
E 000 001 1.021e+02
E 000 002 5.492e+01
E 000 003 7.159e+01
E 000 004 8.615e+01
E 000 008 5.250e+01
E 000 010 7.473e+01
E 000 011 6.041e+01
E 000 013 5.188e+01
E 000 014 3.640e+01
E 001 002 4.742e+01
E 001 011 8.261e+01
E 001 014 1.133e+02
E 001 007 9.080e+01
E 002 004 4.717e+01
E 002 011 4.920e+01
E 002 014 7.201e+01
E 002 016 3.754e+01
E 003 008 6.871e+01
E 003 010 3.162e+00
E 003 004 3.265e+01
E 003 017 6.648e+01
E 004 008 6.031e+01
E 004 009 6.083e+00
E 004 013 7.433e+01
E 004 019 5.215e+01
E 005 008 4.026e+01
E 005 009 3.748e+01
E 005 018 4.455e+01
E 005 014 5.376e+01
E 005 017 3.912e+01
E 006 011 4.346e+01
E 006 007 2.683e+01
E 007 008 7.718e+01
E 007 009 8.950e+01
E 007 013 2.778e+01
E 007 017 8.102e+01
E 008 010 7.077e+01
E 008 011 9.962e+01
E 008 012 6.237e+01
E 008 014 2.700e+01
E 008 015 7.021e+01
E 008 016 9.708e+01
E 008 018 4.669e+01
E 009 012 4.000e+00
E 009 014 8.661e+01
E 009 017 6.021e+01
E 009 018 8.204e+01
E 010 011 6.754e+01
E 010 017 6.831e+01
E 011 019 4.420e+01
E 012 014 8.460e+01
E 012 015 8.944e+01
E 013 016 4.851e+01
E 013 018 5.126e+01
E 014 016 1.088e+02
E 014 018 3.276e+01
E 015 018 2.596e+01
E 016 017 9.508e+01
E 016 019 3.829e+01
E 018 019 5.021e+01
