N 000 097 078 9.141e-01
N 001 037 087 4.168e-01
N 002 071 001 6.204e-01
N 003 058 077 3.811e-01
N 004 039 089 2.380e-01
N 005 084 072 7.339e-01
N 006 039 003 4.751e-02
N 007 025 014 4.069e-01
N 008 052 039 6.849e-01
N 009 012 018 5.216e-01
N 010 042 076 9.689e-01
N 011 014 038 8.427e-01
N 012 068 006 5.217e-01
N 013 036 033 9.559e-02
N 014 047 034 1.359e-01
N 015 043 023 3.066e-01
N 016 016 095 5.388e-01
N 017 016 040 6.534e-01
N 018 071 005 2.448e-01
N 019 092 014 6.832e-02
E 000 002 8.127e+01
E 000 003 3.901e+01
E 000 004 5.903e+01
E 000 006 9.481e+01
E 000 007 9.633e+01
E 000 008 5.955e+01
E 000 016 8.276e+01
E 001 018 8.877e+01
E 001 013 5.401e+01
E 001 006 8.402e+01
E 002 004 9.364e+01
E 002 005 7.218e+01
E 002 006 3.206e+01
E 002 010 8.041e+01
E 002 011 6.796e+01
E 002 016 1.089e+02
E 002 018 4.000e+00
E 003 004 2.247e+01
E 003 007 7.112e+01
E 003 008 3.847e+01
E 003 010 1.603e+01
E 003 013 4.919e+01
E 003 014 4.438e+01
E 003 018 7.316e+01
E 003 019 7.159e+01
E 004 005 4.810e+01
E 004 007 7.630e+01
E 004 008 5.166e+01
E 004 012 8.792e+01
E 004 015 6.612e+01
E 004 018 8.989e+01
E 005 006 8.238e+01
E 005 007 8.273e+01
E 005 008 4.597e+01
E 005 009 9.000e+01
E 005 012 6.791e+01
E 005 016 7.178e+01
E 005 017 7.515e+01
E 006 009 3.089e+01
E 006 019 5.413e+01
E 007 009 1.360e+01
E 007 010 6.429e+01
E 007 011 2.640e+01
E 007 012 4.374e+01
E 007 013 2.195e+01
E 007 016 8.150e+01
E 007 017 2.751e+01
E 008 013 1.709e+01
E 008 016 6.657e+01
E 008 018 3.895e+01
E 009 010 6.530e+01
E 009 011 2.010e+01
E 009 019 8.010e+01
E 010 013 4.342e+01
E 011 016 5.704e+01
E 011 019 8.161e+01
E 012 013 4.187e+01
E 013 019 5.914e+01
E 014 016 6.843e+01
E 016 017 5.500e+01
