N 000 087 014 2.351e-01
N 001 087 040 9.216e-01
N 002 044 000 5.959e-01
N 003 000 054 1.974e-01
N 004 004 011 4.226e-02
N 005 053 035 7.282e-01
N 006 053 094 3.196e-01
N 007 066 007 2.360e-01
N 008 058 004 8.852e-01
N 009 084 068 1.716e-01
N 010 057 053 2.435e-01
N 011 096 030 2.471e-01
N 012 095 034 7.724e-01
N 013 072 097 7.539e-01
N 014 062 000 7.160e-02
N 015 090 088 4.235e-01
N 016 053 083 3.451e-02
N 017 002 024 8.970e-01
N 018 074 035 5.783e-01
N 019 084 029 4.322e-01
E 000 004 8.305e+01
E 000 006 8.693e+01
E 000 008 3.068e+01
E 000 009 5.408e+01
E 000 012 2.154e+01
E 000 013 8.434e+01
E 000 018 2.470e+01
E 001 003 8.812e+01
E 001 004 8.792e+01
E 001 008 4.623e+01
E 001 013 5.894e+01
E 001 018 1.393e+01
E 001 019 1.140e+01
E 002 003 6.966e+01
E 002 004 4.148e+01
E 002 009 7.889e+01
E 002 013 1.010e+02
E 002 017 4.837e+01
E 002 018 4.610e+01
E 002 019 4.941e+01
E 003 006 6.640e+01
E 003 007 8.102e+01
E 003 010 5.701e+01
E 003 011 9.895e+01
E 003 012 9.708e+01
E 003 013 8.386e+01
E 003 014 8.222e+01
E 003 019 8.764e+01
E 004 010 6.762e+01
E 005 009 4.528e+01
E 005 010 1.844e+01
E 005 012 4.201e+01
E 005 013 6.485e+01
E 005 015 6.464e+01
E 005 019 3.158e+01
E 006 009 4.046e+01
E 006 016 1.100e+01
E 006 017 8.661e+01
E 007 008 8.544e+00
E 007 016 7.710e+01
E 007 012 3.962e+01
E 007 014 8.062e+00
E 008 019 3.607e+01
E 008 009 6.908e+01
E 009 011 3.985e+01
E 009 014 7.147e+01
E 010 015 4.810e+01
E 011 013 7.117e+01
E 011 017 9.419e+01
E 011 018 2.256e+01
E 011 019 1.204e+01
E 012 014 4.738e+01
E 013 015 2.012e+01
E 013 016 2.360e+01
E 013 018 6.203e+01
E 014 016 8.349e+01
E 015 016 3.734e+01
E 016 017 7.799e+01
E 016 019 6.227e+01
E 017 018 7.284e+01
