N 000 051 094 6.726e-01
N 001 065 081 7.034e-01
N 002 053 064 5.500e-01
N 003 055 009 5.467e-02
N 004 055 092 4.451e-01
N 005 074 069 1.674e-01
N 006 082 093 3.585e-01
N 007 035 023 7.203e-01
N 008 032 039 5.160e-01
N 009 020 054 3.036e-01
N 010 093 098 4.866e-01
N 011 031 054 1.753e-01
N 012 076 093 8.289e-01
N 013 072 011 1.530e-02
N 014 060 043 2.355e-01
N 015 067 003 7.588e-01
N 016 018 023 4.518e-01
N 017 006 045 2.354e-01
N 018 023 093 6.612e-01
N 019 066 089 2.883e-01
E 000 001 1.910e+01
E 000 002 3.007e+01
E 000 003 8.509e+01
E 000 005 3.397e+01
E 000 009 5.061e+01
E 000 011 4.472e+01
E 000 015 9.240e+01
E 000 017 6.653e+01
E 001 003 7.269e+01
E 001 011 4.342e+01
E 001 016 7.465e+01
E 001 017 6.912e+01
E 001 018 4.368e+01
E 001 019 8.062e+00
E 002 006 4.101e+01
E 002 010 5.250e+01
E 002 013 5.630e+01
E 002 015 6.259e+01
E 002 017 5.070e+01
E 003 005 6.294e+01
E 003 012 8.659e+01
E 003 014 3.437e+01
E 003 015 1.342e+01
E 003 016 3.956e+01
E 003 018 8.989e+01
E 004 008 5.778e+01
E 004 013 8.276e+01
E 004 014 4.925e+01
E 004 015 8.981e+01
E 005 017 7.211e+01
E 005 018 5.636e+01
E 005 013 5.803e+01
E 006 007 8.431e+01
E 006 009 7.325e+01
E 006 010 1.208e+01
E 006 011 6.420e+01
E 006 016 9.485e+01
E 006 017 8.989e+01
E 007 008 1.628e+01
E 007 017 3.640e+01
E 007 013 3.890e+01
E 008 012 6.966e+01
E 008 013 4.883e+01
E 008 015 5.021e+01
E 008 018 5.474e+01
E 008 019 6.046e+01
E 009 010 8.523e+01
E 009 018 3.912e+01
E 009 015 6.935e+01
E 010 017 1.019e+02
E 011 012 5.955e+01
E 011 013 5.941e+01
E 011 016 3.362e+01
E 011 018 3.981e+01
E 011 019 4.950e+01
E 012 013 8.210e+01
E 013 016 5.532e+01
E 015 017 7.406e+01
E 015 018 1.002e+02
E 015 019 8.601e+01
