N 000 057 072 2.623e-01
N 001 060 012 3.214e-01
N 002 068 054 1.336e-01
N 003 048 007 5.969e-01
N 004 061 032 6.271e-01
N 005 003 070 2.547e-01
N 006 055 009 5.724e-02
N 007 004 019 9.136e-01
N 008 053 009 4.646e-01
N 009 091 021 4.485e-01
N 010 099 057 1.137e-01
N 011 034 088 6.687e-02
N 012 029 028 5.413e-01
N 013 026 006 3.160e-01
N 014 040 043 2.757e-01
N 015 059 097 2.968e-01
N 016 090 048 4.971e-01
N 017 014 013 6.062e-02
N 018 029 099 6.178e-01
N 019 039 085 6.443e-02
E 000 001 6.007e+01
E 000 006 6.303e+01
E 000 009 6.129e+01
E 000 010 4.460e+01
E 000 012 5.215e+01
E 000 019 2.220e+01
E 001 003 1.300e+01
E 001 005 8.132e+01
E 001 011 8.032e+01
E 001 016 4.686e+01
E 001 018 9.236e+01
E 002 005 6.694e+01
E 002 011 4.808e+01
E 002 013 6.378e+01
E 002 014 3.008e+01
E 002 015 4.393e+01
E 002 016 2.280e+01
E 002 017 6.780e+01
E 002 018 5.955e+01
E 003 008 5.385e+00
E 003 011 8.220e+01
E 003 004 2.818e+01
E 004 006 2.377e+01
E 004 007 5.846e+01
E 004 008 2.435e+01
E 004 012 3.225e+01
E 004 013 4.360e+01
E 004 015 6.503e+01
E 005 007 5.101e+01
E 005 011 3.585e+01
E 005 014 4.580e+01
E 005 017 5.805e+01
E 006 017 4.119e+01
E 006 011 8.174e+01
E 006 014 3.716e+01
E 007 008 5.001e+01
E 007 010 1.023e+02
E 007 015 9.544e+01
E 008 012 3.061e+01
E 008 014 3.640e+01
E 008 018 9.315e+01
E 008 019 7.728e+01
E 009 019 8.246e+01
E 009 011 8.797e+01
E 009 012 6.239e+01
E 009 015 8.246e+01
E 010 016 1.273e+01
E 010 018 8.163e+01
E 010 015 5.657e+01
E 011 012 6.021e+01
E 011 013 8.239e+01
E 011 016 6.882e+01
E 011 018 1.208e+01
E 012 015 7.524e+01
E 012 017 2.121e+01
E 013 014 3.956e+01
E 014 015 5.725e+01
E 015 017 9.529e+01
E 015 018 3.007e+01
E 015 019 2.332e+01
