N 000 099 078 8.347e-03
N 001 087 019 6.514e-01
N 002 055 039 3.077e-01
N 003 033 003 4.858e-01
N 004 097 048 7.343e-01
N 005 041 095 3.820e-02
N 006 019 047 5.254e-01
N 007 078 069 2.605e-01
N 008 029 003 7.298e-01
N 009 035 056 8.715e-01
N 010 097 023 3.653e-01
N 011 019 062 1.129e-01
N 012 027 007 8.782e-01
N 013 027 078 7.423e-01
N 014 042 062 4.711e-01
N 015 008 024 5.590e-01
N 016 095 024 9.859e-01
N 017 046 086 6.602e-01
N 018 045 035 8.177e-01
N 019 058 005 5.651e-02
E 000 003 9.990e+01
E 000 005 6.044e+01
E 000 008 1.026e+02
E 000 012 1.011e+02
E 000 015 1.058e+02
E 000 017 5.360e+01
E 001 017 7.855e+01
E 001 010 1.077e+01
E 001 019 3.220e+01
E 001 018 4.494e+01
E 001 014 6.224e+01
E 002 012 4.252e+01
E 002 011 4.272e+01
E 002 004 4.295e+01
E 002 013 4.801e+01
E 002 015 4.934e+01
E 003 009 5.304e+01
E 003 010 6.705e+01
E 003 005 9.235e+01
E 003 006 4.617e+01
E 004 007 2.832e+01
E 004 008 8.154e+01
E 004 009 6.251e+01
E 004 016 2.408e+01
E 004 018 5.360e+01
E 004 019 5.805e+01
E 005 006 5.280e+01
E 005 007 4.522e+01
E 005 016 8.920e+01
E 005 017 1.030e+01
E 006 012 4.079e+01
E 006 015 2.550e+01
E 007 009 4.492e+01
E 007 011 5.941e+01
E 007 013 5.179e+01
E 007 015 8.322e+01
E 007 016 4.810e+01
E 007 017 3.624e+01
E 007 018 4.738e+01
E 007 019 6.705e+01
E 008 011 5.984e+01
E 008 013 7.503e+01
E 009 010 7.024e+01
E 009 016 6.800e+01
E 009 017 3.195e+01
E 010 016 2.236e+00
E 010 013 8.902e+01
E 011 015 3.956e+01
E 011 016 8.497e+01
E 011 018 3.748e+01
E 012 013 7.100e+01
E 012 016 7.009e+01
E 012 018 3.329e+01
E 013 017 2.062e+01
E 014 016 6.522e+01
E 014 015 5.099e+01
E 015 016 8.700e+01
E 015 018 3.860e+01
E 015 019 5.349e+01
E 018 019 3.270e+01
