N 000 095 034 3.962e-02
N 001 098 063 9.878e-01
N 002 037 088 8.722e-01
N 003 074 044 4.058e-01
N 004 053 089 9.406e-01
N 005 031 051 4.534e-01
N 006 032 037 8.780e-01
N 007 066 056 3.700e-02
N 008 011 059 3.536e-01
N 009 091 094 5.741e-01
N 010 019 013 4.440e-01
N 011 045 041 8.384e-02
N 012 025 039 1.167e-01
N 013 054 022 6.207e-01
N 014 061 065 5.022e-01
N 015 011 006 6.542e-02
N 016 024 059 1.110e-01
N 017 088 010 5.418e-01
N 018 038 073 6.322e-01
N 019 038 073 7.678e-01
E 000 008 8.764e+01
E 000 016 7.527e+01
E 000 003 2.326e+01
E 000 019 6.907e+01
E 001 009 3.178e+01
E 001 010 9.349e+01
E 001 013 6.014e+01
E 001 006 7.094e+01
E 001 015 1.040e+02
E 002 003 5.749e+01
E 002 010 7.713e+01
E 002 014 3.324e+01
E 002 015 8.602e+01
E 002 016 3.178e+01
E 002 018 1.503e+01
E 003 006 4.258e+01
E 003 009 5.281e+01
E 003 012 4.925e+01
E 003 015 7.357e+01
E 003 016 5.220e+01
E 003 017 3.677e+01
E 003 018 4.623e+01
E 004 008 5.161e+01
E 004 009 3.833e+01
E 004 005 4.391e+01
E 004 006 5.608e+01
E 004 017 8.641e+01
E 005 017 7.021e+01
E 005 013 3.701e+01
E 005 006 1.404e+01
E 006 012 7.280e+00
E 006 016 2.341e+01
E 006 017 6.217e+01
E 006 018 3.650e+01
E 007 009 4.549e+01
E 007 019 3.276e+01
E 007 012 4.438e+01
E 007 015 7.433e+01
E 008 009 8.732e+01
E 008 010 4.669e+01
E 008 012 2.441e+01
E 008 013 5.673e+01
E 008 015 5.300e+01
E 008 018 3.041e+01
E 009 011 7.018e+01
E 009 012 8.591e+01
E 009 014 4.173e+01
E 010 011 3.821e+01
E 010 016 4.627e+01
E 011 017 5.301e+01
E 012 014 4.441e+01
E 012 018 3.640e+01
E 012 019 3.640e+01
E 013 014 4.357e+01
E 013 015 4.588e+01
E 013 019 5.345e+01
E 014 019 2.435e+01
E 015 017 7.710e+01
E 016 018 1.980e+01
E 017 018 8.043e+01
