N 000 001 001 5.541e-01
N 001 000 080 1.781e-01
N 002 077 076 2.514e-01
N 003 062 069 5.750e-01
N 004 091 063 7.428e-01
N 005 087 020 3.000e-01
N 006 035 097 6.163e-01
N 007 024 042 3.989e-01
N 008 029 024 7.153e-01
N 009 003 053 9.174e-01
N 010 066 022 3.494e-01
N 011 030 092 7.725e-01
N 012 025 085 4.177e-01
N 013 021 027 6.704e-01
N 014 048 042 6.457e-01
N 015 045 031 7.175e-02
N 016 006 079 6.208e-01
N 017 033 026 2.361e-01
N 018 089 026 9.138e-01
N 019 040 037 2.547e-01
E 000 008 3.624e+01
E 000 016 7.816e+01
E 000 011 9.551e+01
E 000 012 8.736e+01
E 000 006 1.018e+02
E 001 008 6.306e+01
E 001 016 6.083e+00
E 001 010 8.786e+01
E 001 019 5.873e+01
E 001 013 5.701e+01
E 002 006 4.696e+01
E 002 007 6.297e+01
E 002 012 5.277e+01
E 002 015 5.522e+01
E 002 017 6.660e+01
E 002 018 5.142e+01
E 003 008 5.580e+01
E 003 016 5.689e+01
E 003 019 3.883e+01
E 003 014 3.041e+01
E 003 007 4.662e+01
E 004 009 8.857e+01
E 004 019 5.725e+01
E 004 005 4.319e+01
E 004 015 5.604e+01
E 005 007 6.673e+01
E 005 010 2.110e+01
E 005 012 8.983e+01
E 005 013 6.637e+01
E 005 014 4.478e+01
E 006 008 7.325e+01
E 006 011 7.071e+00
E 006 015 6.675e+01
E 007 008 1.868e+01
E 007 009 2.371e+01
E 007 010 4.652e+01
E 007 014 2.400e+01
E 007 018 6.694e+01
E 007 019 1.676e+01
E 008 012 6.113e+01
E 008 014 2.617e+01
E 009 012 3.883e+01
E 009 013 3.162e+01
E 009 015 4.741e+01
E 009 016 2.617e+01
E 010 012 7.517e+01
E 010 015 2.285e+01
E 010 016 8.276e+01
E 010 018 2.335e+01
E 011 016 2.729e+01
E 011 019 5.590e+01
E 011 013 6.562e+01
E 012 014 4.876e+01
E 012 015 5.758e+01
E 012 019 5.029e+01
E 013 018 6.801e+01
E 014 016 5.597e+01
E 014 017 2.193e+01
E 015 016 6.185e+01
E 015 017 1.300e+01
