N 000 064 004 6.199e-01
N 001 088 006 2.187e-01
N 002 099 032 8.826e-01
N 003 091 010 1.993e-01
N 004 041 096 5.428e-01
N 005 071 005 1.292e-01
N 006 097 060 6.712e-01
N 007 019 016 8.661e-01
N 008 075 006 1.835e-02
N 009 058 039 4.356e-01
N 010 035 038 1.761e-01
N 011 002 050 5.402e-02
N 012 063 073 3.356e-01
N 013 064 079 8.798e-01
N 014 059 056 5.930e-01
N 015 064 047 4.388e-01
N 016 079 033 4.202e-02
N 017 012 056 2.446e-01
N 018 061 089 3.367e-01
N 019 063 037 9.730e-01
E 000 003 2.766e+01
E 000 004 9.483e+01
E 000 008 1.118e+01
E 000 009 3.551e+01
E 000 018 8.505e+01
E 000 019 3.302e+01
E 001 012 7.151e+01
E 001 002 2.823e+01
E 001 003 5.000e+00
E 001 004 1.015e+02
E 002 003 2.341e+01
E 002 004 8.637e+01
E 002 010 6.428e+01
E 002 011 9.866e+01
E 002 014 4.665e+01
E 002 016 2.002e+01
E 002 018 6.851e+01
E 003 006 5.036e+01
E 003 007 7.225e+01
E 003 014 5.604e+01
E 003 016 2.594e+01
E 003 017 9.142e+01
E 004 011 6.031e+01
E 004 012 3.183e+01
E 004 016 7.357e+01
E 004 017 4.941e+01
E 005 018 8.459e+01
E 005 011 8.238e+01
E 005 014 5.239e+01
E 005 006 6.084e+01
E 006 010 6.579e+01
E 006 012 3.640e+01
E 006 013 3.808e+01
E 006 019 4.105e+01
E 007 017 4.061e+01
E 007 014 5.657e+01
E 007 015 5.464e+01
E 008 016 2.729e+01
E 008 010 5.122e+01
E 008 019 3.324e+01
E 008 013 7.382e+01
E 009 018 5.009e+01
E 009 013 4.045e+01
E 009 014 1.703e+01
E 010 012 4.482e+01
E 010 013 5.022e+01
E 010 015 3.036e+01
E 010 018 5.725e+01
E 010 019 2.802e+01
E 011 012 6.519e+01
E 011 017 1.166e+01
E 011 019 6.237e+01
E 012 018 1.612e+01
E 012 019 3.600e+01
E 014 015 1.030e+01
E 014 017 4.700e+01
E 014 019 1.942e+01
E 015 017 5.277e+01
E 015 019 1.005e+01
E 016 018 5.882e+01
