N 000 003 022 1.855e-01
N 001 071 063 5.551e-02
N 002 046 064 4.775e-01
N 003 065 002 1.863e-01
N 004 083 004 9.198e-01
N 005 008 024 8.875e-01
N 006 035 006 9.147e-01
N 007 017 013 9.978e-01
N 008 065 018 3.796e-01
N 009 015 060 2.194e-01
N 010 098 020 2.610e-01
N 011 085 037 7.587e-01
N 012 045 027 5.158e-02
N 013 064 030 7.766e-01
N 014 087 018 2.094e-01
N 015 018 055 2.226e-01
N 016 075 079 2.987e-01
N 017 002 021 9.781e-01
N 018 026 070 6.977e-01
N 019 044 011 7.176e-01
E 000 002 6.011e+01
E 000 007 1.664e+01
E 000 008 6.213e+01
E 000 009 3.985e+01
E 000 010 9.502e+01
E 000 014 8.410e+01
E 000 016 9.183e+01
E 000 019 4.245e+01
E 001 003 6.129e+01
E 001 005 7.409e+01
E 001 013 3.373e+01
E 001 015 5.360e+01
E 001 017 8.078e+01
E 001 019 5.859e+01
E 002 003 6.485e+01
E 002 004 7.049e+01
E 002 005 5.517e+01
E 002 007 5.867e+01
E 002 008 4.977e+01
E 002 016 3.265e+01
E 003 005 6.110e+01
E 003 007 4.924e+01
E 003 008 1.600e+01
E 003 009 7.658e+01
E 003 013 2.802e+01
E 003 017 6.580e+01
E 003 019 2.285e+01
E 004 008 2.280e+01
E 004 009 8.809e+01
E 004 010 2.193e+01
E 004 012 4.442e+01
E 004 014 1.456e+01
E 004 019 3.962e+01
E 005 008 5.731e+01
E 006 007 1.931e+01
E 006 009 5.758e+01
E 006 011 5.883e+01
E 006 014 5.337e+01
E 006 015 5.187e+01
E 006 016 8.324e+01
E 006 019 1.030e+01
E 007 008 4.826e+01
E 007 009 4.704e+01
E 007 011 7.211e+01
E 007 012 3.130e+01
E 007 016 8.786e+01
E 008 009 6.530e+01
E 008 011 2.759e+01
E 008 014 2.200e+01
E 008 019 2.214e+01
E 009 011 7.368e+01
E 009 013 5.745e+01
E 010 017 9.601e+01
E 010 018 8.766e+01
E 010 014 1.118e+01
E 011 018 6.760e+01
E 011 019 4.855e+01
E 012 015 3.890e+01
E 013 017 6.265e+01
E 017 019 4.317e+01
