N 000 011 088 5.979e-01
N 001 055 041 6.227e-01
N 002 041 095 2.871e-01
N 003 087 049 1.168e-01
N 004 036 029 7.235e-01
N 005 077 014 2.148e-01
N 006 037 099 9.773e-01
N 007 019 063 5.553e-01
N 008 006 056 6.414e-01
N 009 010 016 4.678e-01
N 010 086 059 1.101e-01
N 011 048 089 1.179e-01
N 012 096 091 4.913e-01
N 013 095 069 8.339e-01
N 014 080 051 3.988e-01
N 015 071 020 1.646e-01
N 016 054 087 9.239e-01
N 017 003 091 9.565e-01
N 018 035 063 7.186e-02
N 019 090 071 8.341e-01
E 000 003 8.542e+01
E 000 007 2.625e+01
E 000 008 3.239e+01
E 000 011 3.701e+01
E 000 014 7.829e+01
E 000 015 9.069e+01
E 000 016 4.301e+01
E 000 018 3.466e+01
E 001 016 4.601e+01
E 001 003 3.298e+01
E 001 012 6.466e+01
E 001 013 4.883e+01
E 001 014 2.693e+01
E 002 005 8.864e+01
E 002 006 5.657e+00
E 003 005 3.640e+01
E 003 008 8.130e+01
E 003 011 5.587e+01
E 003 012 4.295e+01
E 003 013 2.154e+01
E 003 019 2.220e+01
E 004 016 6.073e+01
E 004 017 7.024e+01
E 004 015 3.614e+01
E 004 005 4.366e+01
E 004 007 3.801e+01
E 005 008 8.249e+01
E 005 013 5.787e+01
E 005 015 8.485e+00
E 005 016 7.654e+01
E 006 008 5.301e+01
E 006 013 6.530e+01
E 006 015 8.601e+01
E 006 017 3.493e+01
E 006 018 3.606e+01
E 006 019 5.994e+01
E 007 011 3.895e+01
E 007 012 8.193e+01
E 007 013 7.624e+01
E 007 016 4.244e+01
E 007 018 1.600e+01
E 007 019 7.145e+01
E 008 018 2.983e+01
E 008 019 8.533e+01
E 009 016 8.353e+01
E 009 017 7.533e+01
E 009 018 5.324e+01
E 009 014 7.826e+01
E 009 015 6.113e+01
E 010 018 5.116e+01
E 010 012 3.353e+01
E 010 014 1.000e+01
E 011 013 5.108e+01
E 012 016 4.219e+01
E 013 016 4.478e+01
E 013 017 9.459e+01
E 015 017 9.831e+01
E 015 019 5.442e+01
E 016 018 3.061e+01
E 018 019 5.558e+01
