N 000 041 017 7.112e-01
N 001 068 040 3.948e-02
N 002 017 021 7.134e-01
N 003 049 078 7.186e-02
N 004 021 022 1.711e-01
N 005 098 019 8.132e-01
N 006 002 077 3.691e-01
N 007 078 008 6.076e-01
N 008 071 039 2.156e-01
N 009 013 061 4.941e-01
N 010 050 003 8.817e-01
N 011 006 015 2.689e-01
N 012 036 040 3.785e-01
N 013 020 031 6.518e-01
N 014 067 048 8.645e-01
N 015 080 027 6.531e-01
N 016 050 073 4.962e-01
N 017 030 048 5.894e-01
N 018 085 094 7.882e-01
N 019 099 012 9.237e-01
E 000 008 3.720e+01
E 000 009 5.215e+01
E 000 018 8.868e+01
E 000 014 4.046e+01
E 000 007 3.808e+01
E 001 019 4.177e+01
E 001 010 4.115e+01
E 001 018 5.661e+01
E 001 005 3.662e+01
E 001 013 4.884e+01
E 002 004 4.123e+00
E 002 009 4.020e+01
E 002 016 6.159e+01
E 002 017 2.997e+01
E 002 018 9.976e+01
E 002 019 8.249e+01
E 003 009 3.981e+01
E 003 010 7.501e+01
E 003 019 8.280e+01
E 003 005 7.669e+01
E 003 014 3.499e+01
E 004 019 7.864e+01
E 004 012 2.343e+01
E 004 005 7.706e+01
E 004 014 5.284e+01
E 005 008 3.360e+01
E 005 009 9.481e+01
E 005 010 5.060e+01
E 005 011 9.209e+01
E 005 013 7.892e+01
E 005 014 4.245e+01
E 005 016 7.225e+01
E 005 018 7.612e+01
E 005 019 7.071e+00
E 006 016 4.817e+01
E 006 017 4.031e+01
E 006 010 8.820e+01
E 006 012 5.025e+01
E 006 014 7.118e+01
E 007 010 2.844e+01
E 007 011 7.234e+01
E 008 010 4.168e+01
E 008 014 9.849e+00
E 008 016 3.996e+01
E 008 017 4.198e+01
E 010 012 3.956e+01
E 010 016 7.000e+01
E 011 013 2.126e+01
E 011 015 7.497e+01
E 011 017 4.080e+01
E 011 019 9.305e+01
E 012 015 4.588e+01
E 012 016 3.585e+01
E 012 017 1.000e+01
E 013 019 8.125e+01
E 013 017 1.972e+01
E 014 019 4.817e+01
E 015 019 2.421e+01
E 015 018 6.719e+01
E 016 018 4.082e+01
