N 000 015 041 4.142e-01
N 001 082 016 9.259e-01
N 002 097 060 8.993e-01
N 003 024 049 1.411e-01
N 004 073 007 5.727e-01
N 005 017 051 4.979e-01
N 006 032 095 3.465e-01
N 007 010 083 7.424e-01
N 008 022 016 2.559e-01
N 009 007 073 3.104e-01
N 010 026 059 5.494e-01
N 011 066 093 8.647e-01
N 012 012 020 1.376e-01
N 013 028 061 9.541e-01
N 014 068 097 4.468e-01
N 015 062 016 3.867e-01
N 016 001 062 7.945e-01
N 017 056 055 5.580e-01
N 018 011 038 1.586e-01
N 019 071 021 3.589e-01
E 000 004 6.723e+01
E 000 005 1.020e+01
E 000 009 3.298e+01
E 000 011 7.284e+01
E 000 012 2.121e+01
E 000 018 5.000e+00
E 000 019 5.946e+01
E 001 004 1.273e+01
E 001 006 9.349e+01
E 001 009 9.420e+01
E 001 010 7.060e+01
E 001 011 7.864e+01
E 001 016 9.315e+01
E 002 005 8.050e+01
E 002 010 7.101e+01
E 002 012 9.394e+01
E 002 015 5.622e+01
E 002 017 4.130e+01
E 002 018 8.877e+01
E 003 004 6.454e+01
E 003 005 7.280e+00
E 003 006 4.669e+01
E 003 009 2.941e+01
E 003 010 1.020e+01
E 003 011 6.083e+01
E 003 019 5.471e+01
E 004 005 7.122e+01
E 004 006 9.708e+01
E 004 008 5.179e+01
E 004 010 7.009e+01
E 004 013 7.029e+01
E 004 016 9.060e+01
E 004 019 1.414e+01
E 005 006 4.649e+01
E 005 007 3.276e+01
E 005 011 6.454e+01
E 005 012 3.140e+01
E 005 017 3.920e+01
E 005 018 1.432e+01
E 005 019 6.177e+01
E 006 013 3.423e+01
E 006 016 4.528e+01
E 007 009 1.044e+01
E 007 012 6.303e+01
E 007 015 8.481e+01
E 008 009 5.894e+01
E 008 017 5.174e+01
E 009 014 6.555e+01
E 010 016 2.518e+01
E 010 017 3.027e+01
E 011 012 9.080e+01
E 011 014 4.472e+00
E 012 013 4.401e+01
E 012 016 4.342e+01
E 012 017 5.622e+01
E 014 016 7.559e+01
E 014 018 8.204e+01
E 014 017 4.368e+01
E 016 019 8.112e+01
E 017 018 4.810e+01
