N 000 050 027 9.559e-01
N 001 046 006 1.633e-01
N 002 006 024 5.645e-01
N 003 007 016 6.461e-01
N 004 041 062 8.248e-01
N 005 054 070 8.947e-01
N 006 057 023 2.242e-01
N 007 002 039 6.909e-01
N 008 059 051 3.709e-01
N 009 026 067 4.531e-01
N 010 008 000 9.615e-01
N 011 046 035 6.015e-01
N 012 003 062 3.912e-01
N 013 075 006 1.822e-01
N 014 006 041 5.132e-01
N 015 047 066 7.275e-01
N 016 053 001 5.730e-01
N 017 073 071 8.179e-01
N 018 078 046 2.430e-01
N 019 042 024 4.221e-01
E 000 016 2.617e+01
E 000 001 2.138e+01
E 000 018 3.384e+01
E 000 014 4.617e+01
E 000 009 4.665e+01
E 001 002 4.386e+01
E 001 005 6.450e+01
E 001 007 5.500e+01
E 001 012 7.060e+01
E 001 013 2.900e+01
E 001 014 5.315e+01
E 001 015 6.001e+01
E 002 009 4.742e+01
E 002 012 3.812e+01
E 002 014 1.700e+01
E 002 017 8.184e+01
E 002 018 7.529e+01
E 003 009 5.442e+01
E 003 011 4.338e+01
E 003 012 4.617e+01
E 003 014 2.502e+01
E 003 017 8.591e+01
E 003 018 7.708e+01
E 004 016 6.217e+01
E 004 010 7.024e+01
E 004 019 3.801e+01
E 004 018 4.031e+01
E 004 015 7.211e+00
E 005 018 3.394e+01
E 005 019 4.754e+01
E 005 017 1.903e+01
E 005 009 2.816e+01
E 006 017 5.060e+01
E 006 012 6.661e+01
E 006 014 5.408e+01
E 007 009 3.688e+01
E 007 014 4.472e+00
E 007 016 6.360e+01
E 007 017 7.788e+01
E 007 018 7.632e+01
E 007 019 4.272e+01
E 008 018 1.965e+01
E 008 013 4.776e+01
E 008 015 1.921e+01
E 009 010 6.938e+01
E 009 011 3.774e+01
E 009 012 2.354e+01
E 009 016 7.131e+01
E 010 019 4.162e+01
E 011 015 3.102e+01
E 011 016 3.471e+01
E 011 017 4.500e+01
E 011 018 3.384e+01
E 012 013 9.121e+01
E 012 017 7.058e+01
E 013 015 6.621e+01
E 015 017 2.648e+01
E 015 019 4.230e+01
E 017 018 2.550e+01
E 018 019 4.219e+01
