N 000 097 046 4.018e-01
N 001 096 022 5.969e-01
N 002 035 053 1.516e-01
N 003 023 029 9.003e-01
N 004 071 091 7.387e-01
N 005 073 020 5.988e-01
N 006 072 075 9.481e-01
N 007 003 025 5.999e-01
N 008 003 024 1.324e-01
N 009 009 078 6.053e-01
N 010 020 034 2.938e-01
N 011 066 039 6.821e-01
N 012 027 072 7.963e-02
N 013 076 071 8.962e-01
N 014 028 033 1.877e-01
N 015 015 077 9.788e-01
N 016 090 098 7.836e-01
N 017 043 066 3.720e-01
N 018 081 022 5.214e-01
N 019 040 011 2.175e-01
E 000 001 2.402e+01
E 000 002 6.239e+01
E 000 005 3.538e+01
E 000 010 7.793e+01
E 000 014 7.021e+01
E 000 015 8.766e+01
E 000 017 5.758e+01
E 001 004 7.339e+01
E 001 005 2.309e+01
E 001 006 5.818e+01
E 001 015 9.791e+01
E 001 017 6.888e+01
E 002 004 5.235e+01
E 002 005 5.033e+01
E 002 006 4.305e+01
E 002 013 4.478e+01
E 002 015 3.124e+01
E 003 012 4.319e+01
E 003 010 5.831e+00
E 003 004 7.841e+01
E 003 014 6.403e+00
E 003 015 4.866e+01
E 004 008 9.546e+01
E 004 012 4.793e+01
E 004 018 6.972e+01
E 005 009 8.637e+01
E 005 010 5.482e+01
E 005 014 4.684e+01
E 005 016 7.983e+01
E 005 018 8.246e+00
E 005 019 3.421e+01
E 006 007 8.521e+01
E 006 008 8.580e+01
E 006 010 6.622e+01
E 006 013 5.657e+00
E 006 017 3.036e+01
E 006 018 5.376e+01
E 007 008 1.000e+00
E 007 018 7.806e+01
E 007 012 5.277e+01
E 008 010 1.972e+01
E 008 014 2.657e+01
E 008 017 5.800e+01
E 009 017 3.606e+01
E 009 019 7.382e+01
E 009 013 6.736e+01
E 010 012 3.864e+01
E 010 013 6.712e+01
E 010 014 8.062e+00
E 011 018 2.267e+01
E 011 015 6.360e+01
E 012 013 4.901e+01
E 012 016 6.815e+01
E 012 017 1.709e+01
E 013 014 6.122e+01
E 013 017 3.338e+01
E 014 015 4.588e+01
E 014 018 5.413e+01
E 014 019 2.506e+01
E 017 019 5.508e+01
