N 000 076 043 3.577e-02
N 001 054 018 7.801e-01
N 002 067 033 4.610e-02
N 003 070 050 7.561e-01
N 004 095 003 3.559e-01
N 005 091 056 8.446e-01
N 006 005 080 6.842e-01
N 007 063 048 5.640e-01
N 008 003 065 9.446e-01
N 009 074 018 8.621e-02
N 010 070 082 7.081e-01
N 011 092 006 4.479e-01
N 012 000 093 2.051e-01
N 013 039 052 9.002e-01
N 014 002 056 1.051e-01
N 015 030 087 7.381e-01
N 016 003 034 6.087e-01
N 017 061 050 3.551e-01
N 018 080 089 2.005e-01
N 019 033 011 7.966e-01
E 000 001 3.330e+01
E 000 003 9.220e+00
E 000 009 2.508e+01
E 000 011 4.031e+01
E 000 012 9.097e+01
E 000 013 3.808e+01
E 000 017 1.655e+01
E 000 019 5.360e+01
E 001 004 4.366e+01
E 001 007 3.132e+01
E 001 008 6.935e+01
E 001 010 6.597e+01
E 001 011 3.985e+01
E 001 014 6.440e+01
E 001 015 7.305e+01
E 001 017 3.276e+01
E 001 019 2.214e+01
E 002 010 4.909e+01
E 002 003 1.726e+01
E 002 012 8.994e+01
E 003 008 6.866e+01
E 003 009 3.225e+01
E 003 014 6.826e+01
E 003 019 5.376e+01
E 004 010 8.286e+01
E 004 013 7.441e+01
E 004 015 1.062e+02
E 004 017 5.801e+01
E 004 019 6.251e+01
E 005 009 4.163e+01
E 005 018 3.479e+01
E 005 012 9.823e+01
E 005 013 5.215e+01
E 006 010 6.503e+01
E 006 019 7.446e+01
E 007 008 6.236e+01
E 007 010 3.471e+01
E 007 013 2.433e+01
E 007 014 6.152e+01
E 007 015 5.109e+01
E 007 016 6.161e+01
E 007 019 4.763e+01
E 008 019 6.177e+01
E 008 014 9.055e+00
E 009 017 3.454e+01
E 009 010 6.412e+01
E 010 011 7.912e+01
E 010 017 3.324e+01
E 011 014 1.030e+02
E 011 016 9.330e+01
E 012 013 5.659e+01
E 012 015 3.059e+01
E 012 016 5.908e+01
E 012 019 8.839e+01
E 014 016 2.202e+01
E 014 017 5.930e+01
E 014 018 8.469e+01
E 015 016 5.948e+01
E 015 018 5.004e+01
E 017 019 4.801e+01
