N 000 064 071 2.464e-01
N 001 092 082 9.649e-01
N 002 068 076 9.965e-01
N 003 072 005 1.136e-01
N 004 056 087 2.690e-01
N 005 073 074 5.256e-01
N 006 082 043 6.308e-02
N 007 051 013 5.576e-01
N 008 001 075 9.925e-01
N 009 088 056 6.823e-01
N 010 092 060 2.258e-02
N 011 035 063 9.084e-01
N 012 027 056 1.151e-01
N 013 063 064 6.847e-01
N 014 007 044 2.817e-01
N 015 043 068 7.420e-01
N 016 098 051 1.415e-01
N 017 056 035 5.759e-01
N 018 089 091 3.669e-01
N 019 013 056 1.200e-01
E 000 003 6.648e+01
E 000 006 3.329e+01
E 000 007 5.944e+01
E 000 011 3.008e+01
E 000 013 7.071e+00
E 000 016 3.945e+01
E 001 016 3.158e+01
E 001 010 2.200e+01
E 001 018 9.487e+00
E 001 005 2.062e+01
E 001 006 4.026e+01
E 002 003 7.111e+01
E 002 005 5.385e+00
E 002 008 6.701e+01
E 002 010 2.884e+01
E 002 012 4.562e+01
E 002 013 1.300e+01
E 002 017 4.272e+01
E 003 004 8.355e+01
E 003 007 2.247e+01
E 003 015 6.935e+01
E 003 017 3.400e+01
E 004 012 4.245e+01
E 004 013 2.404e+01
E 004 014 6.519e+01
E 004 015 2.302e+01
E 005 007 6.485e+01
E 005 008 7.201e+01
E 005 014 7.250e+01
E 005 017 4.254e+01
E 005 018 2.335e+01
E 005 019 6.264e+01
E 006 010 1.972e+01
E 006 008 8.709e+01
E 006 007 4.314e+01
E 007 012 4.924e+01
E 007 016 6.044e+01
E 007 018 8.676e+01
E 008 011 3.606e+01
E 008 012 3.220e+01
E 008 013 6.297e+01
E 008 016 9.992e+01
E 008 017 6.801e+01
E 009 013 2.625e+01
E 009 014 8.188e+01
E 010 011 5.708e+01
E 010 014 8.649e+01
E 010 016 1.082e+01
E 011 013 2.802e+01
E 011 015 9.434e+00
E 011 019 2.309e+01
E 012 013 3.688e+01
E 013 019 5.064e+01
E 014 015 4.327e+01
E 014 016 9.127e+01
E 014 018 9.451e+01
E 014 019 1.342e+01
E 015 017 3.547e+01
E 016 017 4.494e+01
E 018 019 8.367e+01
