N 000 079 057 8.766e-01
N 001 080 054 4.868e-01
N 002 096 072 9.885e-02
N 003 046 032 8.104e-01
N 004 037 064 6.952e-01
N 005 036 063 9.040e-01
N 006 001 083 9.504e-02
N 007 020 008 9.282e-01
N 008 061 005 9.562e-01
N 009 063 098 1.811e-01
N 010 053 045 5.507e-01
N 011 094 081 1.146e-01
N 012 075 053 4.333e-01
N 013 047 046 3.191e-01
N 014 073 000 5.076e-01
N 015 024 094 6.907e-01
N 016 043 043 6.794e-01
N 017 057 090 4.418e-01
N 018 083 092 9.351e-01
N 019 071 099 3.887e-01
E 000 008 5.503e+01
E 000 009 4.401e+01
E 000 011 2.830e+01
E 000 015 6.629e+01
E 000 007 7.669e+01
E 001 008 5.255e+01
E 001 018 3.812e+01
E 001 019 4.589e+01
E 001 014 5.445e+01
E 001 007 7.560e+01
E 002 011 9.220e+00
E 002 003 6.403e+01
E 002 012 2.832e+01
E 002 013 5.547e+01
E 003 004 3.324e+01
E 003 013 1.404e+01
E 003 015 6.579e+01
E 003 018 7.049e+01
E 003 019 7.151e+01
E 004 005 1.414e+00
E 004 006 4.071e+01
E 004 009 4.280e+01
E 004 014 7.343e+01
E 004 019 4.880e+01
E 005 018 5.523e+01
E 005 013 2.025e+01
E 006 008 9.841e+01
E 006 016 5.800e+01
E 006 013 5.903e+01
E 007 008 4.111e+01
E 007 013 4.662e+01
E 007 014 5.360e+01
E 007 015 8.609e+01
E 007 017 8.996e+01
E 008 009 9.302e+01
E 008 011 8.286e+01
E 008 014 1.300e+01
E 008 018 8.974e+01
E 009 011 3.536e+01
E 009 012 4.657e+01
E 009 013 5.441e+01
E 009 014 9.851e+01
E 009 019 8.062e+00
E 010 011 5.456e+01
E 010 015 5.694e+01
E 011 013 5.860e+01
E 011 015 7.120e+01
E 011 017 3.808e+01
E 011 019 2.921e+01
E 012 018 3.981e+01
E 012 013 2.886e+01
E 012 017 4.115e+01
E 013 017 4.512e+01
E 013 018 5.841e+01
E 013 019 5.818e+01
E 014 015 1.060e+02
E 014 016 5.243e+01
E 014 017 9.141e+01
E 015 018 5.903e+01
E 016 017 4.904e+01
