N 000 059 008 1.919e-01
N 001 035 064 9.720e-02
N 002 069 002 9.478e-01
N 003 075 041 9.526e-01
N 004 021 057 8.472e-01
N 005 086 092 7.711e-01
N 006 006 099 9.024e-01
N 007 057 071 2.977e-01
N 008 004 070 2.503e-02
N 009 049 009 4.144e-01
N 010 058 006 3.687e-01
N 011 037 049 2.256e-01
N 012 075 075 1.647e-01
N 013 004 054 3.897e-01
N 014 089 013 3.606e-01
N 015 016 054 2.542e-01
N 016 015 031 5.230e-01
N 017 088 038 8.869e-01
N 018 019 007 2.049e-01
N 019 026 041 5.093e-01
E 000 001 6.093e+01
E 000 004 6.201e+01
E 000 006 1.053e+02
E 000 013 7.170e+01
E 000 015 6.297e+01
E 000 017 4.173e+01
E 000 018 4.001e+01
E 001 002 7.071e+01
E 001 009 5.675e+01
E 001 010 6.239e+01
E 001 017 5.903e+01
E 001 018 5.920e+01
E 002 010 1.170e+01
E 002 015 7.425e+01
E 003 008 7.669e+01
E 003 009 4.123e+01
E 003 018 6.551e+01
E 003 004 5.632e+01
E 003 005 5.217e+01
E 004 005 7.382e+01
E 004 007 3.863e+01
E 004 008 2.140e+01
E 004 009 5.557e+01
E 004 010 6.301e+01
E 004 015 5.831e+00
E 004 017 6.964e+01
E 005 008 8.490e+01
E 006 009 9.974e+01
E 006 013 4.504e+01
E 006 014 1.195e+02
E 006 016 6.859e+01
E 006 017 1.022e+02
E 006 018 9.291e+01
E 006 019 6.135e+01
E 007 008 5.301e+01
E 007 009 6.251e+01
E 007 016 5.800e+01
E 007 017 4.528e+01
E 008 015 2.000e+01
E 009 010 9.487e+00
E 009 015 5.580e+01
E 009 016 4.050e+01
E 010 013 7.225e+01
E 010 014 3.178e+01
E 010 015 6.378e+01
E 010 016 4.974e+01
E 010 017 4.386e+01
E 011 018 4.569e+01
E 011 013 3.338e+01
E 011 015 2.159e+01
E 012 019 5.964e+01
E 012 014 6.356e+01
E 013 014 9.437e+01
E 013 018 4.934e+01
E 013 019 2.555e+01
E 015 016 2.302e+01
E 015 017 7.376e+01
E 016 017 7.333e+01
E 017 019 6.207e+01
E 018 019 3.471e+01
