N 000 027 078 1.517e-01
N 001 052 093 1.688e-01
N 002 008 063 1.659e-01
N 003 056 010 5.204e-01
N 004 071 064 9.683e-01
N 005 010 031 1.840e-01
N 006 016 021 4.833e-02
N 007 005 008 8.760e-01
N 008 041 050 6.256e-01
N 009 014 026 3.771e-01
N 010 097 058 7.010e-02
N 011 015 002 3.058e-01
N 012 071 044 6.915e-01
N 013 067 046 4.342e-01
N 014 068 055 4.073e-01
N 015 076 050 4.944e-01
N 016 091 095 6.046e-01
N 017 096 060 6.304e-01
N 018 022 050 3.771e-01
N 019 024 085 2.869e-02
E 000 008 3.130e+01
E 000 017 7.131e+01
E 000 003 7.393e+01
E 000 004 4.617e+01
E 000 006 5.805e+01
E 001 015 4.924e+01
E 001 003 8.310e+01
E 001 013 4.934e+01
E 001 007 9.713e+01
E 002 005 3.206e+01
E 002 010 8.914e+01
E 002 012 6.580e+01
E 002 013 6.140e+01
E 002 015 6.923e+01
E 002 019 2.720e+01
E 003 004 5.604e+01
E 003 005 5.057e+01
E 003 010 6.313e+01
E 003 012 3.716e+01
E 003 015 4.472e+01
E 003 017 6.403e+01
E 004 018 5.096e+01
E 004 005 6.935e+01
E 004 013 1.844e+01
E 005 006 1.166e+01
E 005 009 6.403e+00
E 005 013 5.894e+01
E 005 014 6.277e+01
E 005 016 1.032e+02
E 006 009 5.385e+00
E 006 010 8.905e+01
E 006 015 6.664e+01
E 006 016 1.054e+02
E 007 010 1.047e+02
E 007 013 7.272e+01
E 007 014 7.860e+01
E 007 009 2.012e+01
E 008 018 1.900e+01
E 008 011 5.459e+01
E 008 013 2.631e+01
E 009 010 8.896e+01
E 009 011 2.402e+01
E 009 013 5.665e+01
E 009 015 6.648e+01
E 010 011 9.930e+01
E 010 014 2.915e+01
E 010 016 3.748e+01
E 010 018 7.543e+01
E 011 016 1.201e+02
E 011 015 7.762e+01
E 012 015 7.810e+00
E 013 015 9.849e+00
E 013 017 3.220e+01
E 013 018 4.518e+01
E 013 019 5.805e+01
E 014 017 2.844e+01
E 014 019 5.325e+01
E 015 016 4.743e+01
E 016 017 3.536e+01
E 016 019 6.774e+01
