N 000 091 034 3.341e-01
N 001 052 050 8.987e-01
N 002 088 081 8.063e-04
N 003 094 081 7.533e-01
N 004 036 090 3.104e-01
N 005 048 047 6.968e-01
N 006 031 054 6.119e-01
N 007 085 002 4.587e-02
N 008 062 075 2.292e-01
N 009 065 039 1.125e-01
N 010 003 072 4.770e-01
N 011 053 054 8.190e-02
N 012 024 003 9.813e-01
N 013 083 076 6.536e-02
N 014 020 046 5.624e-01
N 015 003 005 1.016e-01
N 016 063 021 7.688e-01
N 017 010 004 4.457e-01
N 018 038 085 9.104e-01
N 019 097 008 4.735e-01
E 000 008 5.022e+01
E 000 009 2.648e+01
E 000 012 7.382e+01
E 000 015 9.266e+01
E 001 003 5.220e+01
E 001 005 5.000e+00
E 001 006 2.138e+01
E 001 010 5.371e+01
E 001 011 4.123e+00
E 001 013 4.046e+01
E 001 015 6.653e+01
E 001 016 3.102e+01
E 001 017 6.229e+01
E 002 010 8.548e+01
E 002 019 7.355e+01
E 002 004 5.277e+01
E 003 008 3.256e+01
E 003 011 4.909e+01
E 003 016 6.754e+01
E 004 010 3.759e+01
E 004 005 4.464e+01
E 004 006 3.635e+01
E 005 006 1.838e+01
E 005 007 5.826e+01
E 005 009 1.879e+01
E 005 011 8.602e+00
E 005 012 5.012e+01
E 005 013 4.545e+01
E 006 009 3.716e+01
E 006 011 2.200e+01
E 006 012 5.148e+01
E 006 015 5.644e+01
E 006 017 5.423e+01
E 007 008 7.654e+01
E 007 016 2.907e+01
E 007 019 1.342e+01
E 007 012 6.101e+01
E 008 009 3.612e+01
E 008 010 5.908e+01
E 008 012 8.141e+01
E 008 013 2.102e+01
E 008 014 5.104e+01
E 008 018 2.600e+01
E 008 019 7.559e+01
E 009 011 1.921e+01
E 009 012 5.456e+01
E 009 013 4.115e+01
E 010 017 6.836e+01
E 011 019 6.366e+01
E 013 015 1.070e+02
E 013 017 1.025e+02
E 013 019 6.943e+01
E 014 019 8.587e+01
E 014 015 4.438e+01
E 015 018 8.732e+01
E 015 019 9.405e+01
E 016 017 5.566e+01
E 017 018 8.570e+01
E 017 019 8.709e+01
E 018 019 9.701e+01
