N 000 015 063 5.148e-01
N 001 000 074 9.334e-01
N 002 050 020 5.361e-01
N 003 028 069 7.844e-01
N 004 097 072 5.339e-01
N 005 097 025 5.630e-01
N 006 005 001 5.456e-01
N 007 057 041 8.307e-01
N 008 068 091 9.012e-01
N 009 070 032 3.308e-01
N 010 097 053 4.383e-01
N 011 061 022 6.088e-01
N 012 004 000 2.945e-01
N 013 047 013 7.794e-01
N 014 081 025 3.197e-01
N 015 075 004 7.782e-01
N 016 032 078 9.630e-01
N 017 016 070 2.692e-01
N 018 084 007 3.573e-01
N 019 013 019 8.112e-01
E 000 001 1.860e+01
E 000 006 6.280e+01
E 000 008 5.994e+01
E 000 012 6.395e+01
E 000 015 8.415e+01
E 000 016 2.267e+01
E 000 017 7.071e+00
E 001 002 7.359e+01
E 001 003 2.844e+01
E 001 008 7.009e+01
E 001 010 9.925e+01
E 001 014 9.467e+01
E 001 015 1.026e+02
E 001 019 5.652e+01
E 002 004 7.009e+01
E 002 006 4.885e+01
E 002 007 2.214e+01
E 002 010 5.743e+01
E 002 011 1.118e+01
E 002 012 5.016e+01
E 002 014 3.140e+01
E 003 015 8.021e+01
E 003 011 5.743e+01
E 003 006 7.178e+01
E 003 009 5.597e+01
E 004 008 3.467e+01
E 004 017 8.102e+01
E 004 019 9.932e+01
E 004 007 5.061e+01
E 005 008 7.209e+01
E 005 009 2.789e+01
E 005 012 9.630e+01
E 005 016 8.387e+01
E 006 009 7.201e+01
E 006 011 5.981e+01
E 007 018 4.342e+01
E 008 013 8.078e+01
E 008 014 6.727e+01
E 008 015 8.728e+01
E 008 016 3.828e+01
E 008 019 9.060e+01
E 009 011 1.345e+01
E 009 014 1.304e+01
E 009 015 2.844e+01
E 009 016 5.967e+01
E 010 017 8.276e+01
E 011 016 6.306e+01
E 011 018 2.746e+01
E 012 019 2.102e+01
E 013 016 6.671e+01
E 013 018 3.748e+01
E 013 019 3.453e+01
E 014 016 7.218e+01
E 014 017 7.906e+01
E 014 018 1.825e+01
E 014 019 6.826e+01
E 015 019 6.379e+01
E 016 017 1.789e+01
E 016 018 8.801e+01
E 018 019 7.201e+01
