N 000 057 043 6.445e-01
N 001 058 033 8.440e-01
N 002 093 068 3.956e-01
N 003 073 049 7.159e-01
N 004 034 012 7.614e-02
N 005 030 069 9.285e-01
N 006 037 090 1.432e-01
N 007 094 007 8.635e-01
N 008 049 091 9.835e-02
N 009 069 077 3.008e-01
N 010 017 040 3.665e-01
N 011 059 090 7.167e-02
N 012 034 024 1.727e-01
N 013 045 030 7.306e-01
N 014 079 067 1.535e-02
N 015 081 045 8.414e-01
N 016 089 082 2.784e-01
N 017 025 062 7.035e-01
N 018 039 053 1.410e-01
N 019 007 089 5.412e-02
E 000 003 1.709e+01
E 000 005 3.748e+01
E 000 008 4.866e+01
E 000 011 4.704e+01
E 000 014 3.256e+01
E 000 018 2.059e+01
E 001 003 2.193e+01
E 001 004 3.189e+01
E 001 010 4.159e+01
E 001 011 5.701e+01
E 001 013 1.334e+01
E 001 018 2.759e+01
E 001 019 7.574e+01
E 002 016 1.456e+01
E 002 011 4.050e+01
E 002 014 1.404e+01
E 002 006 6.017e+01
E 003 005 4.742e+01
E 003 007 4.696e+01
E 003 008 4.837e+01
E 003 012 4.632e+01
E 003 013 3.384e+01
E 003 014 1.897e+01
E 004 007 6.021e+01
E 004 012 1.200e+01
E 004 014 7.106e+01
E 004 015 5.743e+01
E 004 018 4.130e+01
E 004 019 8.160e+01
E 005 007 8.911e+01
E 005 009 3.981e+01
E 005 012 4.518e+01
E 005 015 5.636e+01
E 005 017 8.602e+00
E 005 018 1.836e+01
E 006 008 1.204e+01
E 006 014 4.789e+01
E 006 015 6.294e+01
E 006 016 5.261e+01
E 006 017 3.046e+01
E 007 010 8.377e+01
E 007 013 5.413e+01
E 007 014 6.185e+01
E 007 017 8.824e+01
E 007 018 7.170e+01
E 008 009 2.441e+01
E 008 016 4.100e+01
E 009 016 2.062e+01
E 009 012 6.351e+01
E 009 013 5.277e+01
E 010 016 8.335e+01
E 010 015 6.420e+01
E 011 015 5.009e+01
E 011 016 3.105e+01
E 011 017 4.405e+01
E 012 015 5.148e+01
E 013 015 3.900e+01
E 013 017 3.774e+01
E 013 019 7.018e+01
E 014 019 7.529e+01
