N 000 045 085 5.290e-01
N 001 063 051 3.823e-01
N 002 006 050 3.166e-01
N 003 028 064 3.364e-01
N 004 085 003 2.995e-01
N 005 029 095 2.787e-01
N 006 075 066 5.464e-01
N 007 010 049 2.207e-01
N 008 022 061 5.171e-01
N 009 057 073 5.310e-01
N 010 010 032 5.070e-01
N 011 091 066 3.887e-01
N 012 031 058 7.565e-01
N 013 099 096 7.553e-01
N 014 000 099 3.530e-01
N 015 016 037 2.204e-02
N 016 061 018 9.052e-01
N 017 031 032 7.896e-01
N 018 059 046 9.115e-01
N 019 093 095 3.965e-01
E 000 008 3.324e+01
E 000 009 1.697e+01
E 000 002 5.240e+01
E 000 007 5.021e+01
E 001 003 3.734e+01
E 001 007 5.304e+01
E 001 008 4.220e+01
E 001 010 5.630e+01
E 001 015 4.904e+01
E 001 016 3.306e+01
E 002 003 2.608e+01
E 002 010 1.844e+01
E 002 014 4.937e+01
E 002 017 3.081e+01
E 002 018 5.315e+01
E 003 004 8.349e+01
E 003 006 4.704e+01
E 003 010 3.672e+01
E 003 012 6.708e+00
E 003 019 7.201e+01
E 004 009 7.539e+01
E 004 012 7.708e+01
E 004 015 7.692e+01
E 005 008 3.471e+01
E 005 009 3.561e+01
E 005 011 6.845e+01
E 005 016 8.338e+01
E 005 019 6.400e+01
E 006 011 1.600e+01
E 006 010 7.336e+01
E 006 012 4.472e+01
E 006 018 2.561e+01
E 007 011 8.276e+01
E 007 012 2.285e+01
E 007 014 5.099e+01
E 007 016 5.968e+01
E 008 010 3.138e+01
E 008 014 4.391e+01
E 008 015 2.474e+01
E 008 017 3.036e+01
E 008 018 3.992e+01
E 008 019 7.872e+01
E 009 011 3.471e+01
E 009 012 3.002e+01
E 009 013 4.789e+01
E 009 014 6.265e+01
E 009 016 5.515e+01
E 009 018 2.707e+01
E 010 016 5.289e+01
E 010 017 2.100e+01
E 010 018 5.096e+01
E 011 015 8.041e+01
E 011 017 6.896e+01
E 012 016 5.000e+01
E 012 018 3.046e+01
E 012 019 7.220e+01
E 014 015 6.403e+01
E 014 017 7.382e+01
E 015 017 1.581e+01
E 015 018 4.393e+01
