N 000 034 040 7.601e-01
N 001 071 061 7.418e-02
N 002 075 051 1.417e-01
N 003 010 015 2.504e-02
N 004 037 033 6.001e-01
N 005 024 090 5.463e-01
N 006 093 028 6.165e-01
N 007 036 023 8.813e-02
N 008 053 034 3.442e-02
N 009 020 062 5.701e-01
N 010 082 088 5.460e-01
N 011 097 001 7.346e-01
N 012 050 065 2.756e-01
N 013 004 070 1.299e-01
N 014 007 095 7.626e-01
N 015 066 003 8.685e-01
N 016 013 058 3.402e-01
N 017 004 066 5.478e-01
N 018 047 066 3.360e-01
N 019 064 044 4.665e-01
E 000 017 3.970e+01
E 000 012 2.968e+01
E 000 013 4.243e+01
E 000 015 4.892e+01
E 001 016 5.808e+01
E 001 003 7.640e+01
E 001 004 4.405e+01
E 001 013 6.760e+01
E 001 015 5.822e+01
E 002 008 2.780e+01
E 002 009 5.609e+01
E 002 010 3.766e+01
E 002 004 4.205e+01
E 002 013 7.350e+01
E 003 012 6.403e+01
E 003 005 7.630e+01
E 003 006 8.401e+01
E 004 006 5.622e+01
E 004 008 1.603e+01
E 004 013 4.958e+01
E 004 018 3.448e+01
E 005 008 6.306e+01
E 005 009 2.828e+01
E 005 010 5.803e+01
E 005 011 1.151e+02
E 005 013 2.828e+01
E 005 015 9.661e+01
E 005 017 3.124e+01
E 006 007 5.722e+01
E 006 008 4.045e+01
E 006 009 8.053e+01
E 006 010 6.100e+01
E 006 011 2.729e+01
E 006 016 8.544e+01
E 007 010 7.963e+01
E 007 019 3.500e+01
E 007 015 3.606e+01
E 008 009 4.328e+01
E 008 013 6.080e+01
E 008 014 7.640e+01
E 009 011 9.823e+01
E 009 012 3.015e+01
E 009 014 3.547e+01
E 009 016 8.062e+00
E 009 018 2.729e+01
E 010 014 7.533e+01
E 010 015 8.649e+01
E 010 016 7.524e+01
E 010 018 4.134e+01
E 011 014 1.301e+02
E 011 019 5.420e+01
E 012 017 4.601e+01
E 013 015 9.129e+01
E 013 019 6.539e+01
E 014 015 1.093e+02
E 014 017 2.915e+01
E 014 018 4.941e+01
E 015 016 7.638e+01
E 015 017 8.839e+01
E 018 019 2.780e+01
