N 000 084 065 2.982e-01
N 001 007 036 3.712e-01
N 002 018 054 5.948e-01
N 003 041 050 5.949e-01
N 004 021 042 5.434e-01
N 005 095 094 1.483e-01
N 006 044 038 6.057e-01
N 007 009 093 4.836e-01
N 008 012 019 8.954e-01
N 009 054 062 9.140e-01
N 010 066 088 3.227e-01
N 011 008 019 2.191e-01
N 012 015 007 8.982e-01
N 013 058 030 8.330e-01
N 014 063 011 2.670e-01
N 015 002 088 6.128e-01
N 016 047 044 5.535e-01
N 017 014 065 9.853e-01
N 018 014 039 7.084e-01
N 019 036 068 4.009e-01
E 000 017 7.000e+01
E 000 011 8.884e+01
E 000 014 5.794e+01
E 001 016 4.079e+01
E 001 009 5.371e+01
E 001 011 1.703e+01
E 001 007 5.704e+01
E 002 008 3.551e+01
E 002 016 3.068e+01
E 002 003 2.335e+01
E 002 004 1.237e+01
E 002 015 3.758e+01
E 003 006 1.237e+01
E 003 009 1.769e+01
E 003 010 4.549e+01
E 003 014 4.478e+01
E 003 015 5.445e+01
E 004 006 2.335e+01
E 004 008 2.470e+01
E 004 013 3.890e+01
E 004 016 2.608e+01
E 004 017 2.404e+01
E 004 018 7.616e+00
E 004 019 3.002e+01
E 005 017 8.603e+01
E 005 012 1.182e+02
E 005 006 7.574e+01
E 005 007 8.601e+01
E 006 008 3.722e+01
E 006 014 3.302e+01
E 006 016 6.708e+00
E 007 012 8.621e+01
E 007 015 8.602e+00
E 007 017 2.844e+01
E 007 019 3.680e+01
E 008 013 4.730e+01
E 008 016 4.301e+01
E 008 018 2.010e+01
E 008 019 5.456e+01
E 009 017 4.011e+01
E 009 014 5.179e+01
E 009 015 5.814e+01
E 010 011 9.014e+01
E 010 012 9.572e+01
E 010 013 5.855e+01
E 011 012 1.389e+01
E 011 013 5.120e+01
E 011 016 4.632e+01
E 012 015 8.204e+01
E 012 017 5.801e+01
E 013 015 8.062e+01
E 013 016 1.780e+01
E 013 018 4.491e+01
E 014 017 7.292e+01
E 015 018 5.045e+01
E 015 019 3.945e+01
E 016 017 3.912e+01
E 016 018 3.338e+01
E 016 019 2.640e+01
E 018 019 3.640e+01
