N 000 077 095 1.342e-01
N 001 079 051 9.797e-02
N 002 001 019 7.317e-01
N 003 019 085 2.207e-01
N 004 027 022 1.487e-01
N 005 043 062 3.120e-01
N 006 006 015 9.962e-01
N 007 060 095 5.239e-01
N 008 070 097 4.984e-01
N 009 049 002 9.381e-01
N 010 006 099 4.243e-01
N 011 009 051 1.420e-01
N 012 001 045 7.601e-01
N 013 051 004 4.648e-01
N 014 016 089 2.010e-01
N 015 058 033 7.604e-01
N 016 068 044 4.244e-01
N 017 006 020 9.407e-01
N 018 039 030 3.708e-01
N 019 062 037 6.194e-01
E 000 001 4.405e+01
E 000 018 7.529e+01
E 000 006 1.070e+02
E 000 007 1.700e+01
E 001 005 3.764e+01
E 001 006 8.139e+01
E 001 011 7.000e+01
E 001 014 7.357e+01
E 001 015 2.766e+01
E 001 018 4.518e+01
E 002 018 3.956e+01
E 002 004 2.617e+01
E 002 013 5.220e+01
E 003 008 5.239e+01
E 003 017 6.629e+01
E 003 014 5.000e+00
E 004 005 4.308e+01
E 004 008 8.645e+01
E 004 009 2.973e+01
E 004 012 3.471e+01
E 004 015 3.289e+01
E 004 017 2.110e+01
E 004 019 3.808e+01
E 005 006 5.982e+01
E 005 008 4.420e+01
E 005 013 5.855e+01
E 005 014 3.818e+01
E 005 016 3.081e+01
E 005 017 5.597e+01
E 006 007 9.652e+01
E 006 008 1.040e+02
E 006 017 5.000e+00
E 007 011 6.736e+01
E 007 014 4.441e+01
E 007 015 6.203e+01
E 007 019 5.803e+01
E 008 013 9.492e+01
E 008 017 1.001e+02
E 009 016 4.610e+01
E 009 013 2.828e+00
E 009 015 3.228e+01
E 010 011 4.809e+01
E 010 014 1.414e+01
E 011 012 1.000e+01
E 011 014 3.864e+01
E 011 015 5.220e+01
E 011 017 3.114e+01
E 011 018 3.662e+01
E 012 013 6.466e+01
E 012 014 4.649e+01
E 012 015 5.825e+01
E 012 019 6.152e+01
E 013 015 2.983e+01
E 013 018 2.864e+01
E 014 015 7.000e+01
E 014 017 6.972e+01
E 014 018 6.332e+01
E 014 019 6.943e+01
E 015 017 5.360e+01
E 017 019 5.852e+01
