N 000 038 038 1.213e-01
N 001 083 044 7.628e-01
N 002 085 097 4.612e-01
N 003 081 084 2.557e-01
N 004 007 040 5.198e-02
N 005 064 073 6.774e-01
N 006 031 060 5.556e-01
N 007 077 037 6.756e-01
N 008 033 099 4.752e-01
N 009 088 021 1.161e-01
N 010 027 044 3.934e-01
N 011 020 054 4.538e-01
N 012 040 072 5.896e-01
N 013 078 059 2.042e-02
N 014 035 081 9.136e-01
N 015 095 047 7.700e-01
N 016 001 050 5.127e-01
N 017 028 064 3.003e-01
N 018 048 075 6.944e-01
N 019 076 016 3.686e-01
E 000 001 4.540e+01
E 000 007 3.901e+01
E 000 008 6.120e+01
E 000 010 1.253e+01
E 000 012 3.406e+01
E 000 013 4.518e+01
E 000 018 3.833e+01
E 001 002 5.304e+01
E 001 004 7.611e+01
E 001 008 7.433e+01
E 001 013 1.581e+01
E 001 016 8.222e+01
E 001 017 5.852e+01
E 002 004 9.661e+01
E 002 005 3.189e+01
E 002 008 5.204e+01
E 002 013 3.864e+01
E 002 019 8.150e+01
E 003 017 5.665e+01
E 003 011 6.798e+01
E 003 004 8.609e+01
E 003 006 5.546e+01
E 003 007 4.717e+01
E 004 008 6.447e+01
E 004 010 2.040e+01
E 004 013 7.350e+01
E 004 016 1.166e+01
E 005 007 3.828e+01
E 005 009 5.727e+01
E 005 010 4.701e+01
E 005 011 4.793e+01
E 005 017 3.711e+01
E 005 018 1.612e+01
E 006 008 3.905e+01
E 006 012 1.500e+01
E 006 013 4.701e+01
E 006 015 6.531e+01
E 006 018 2.267e+01
E 007 011 5.948e+01
E 007 014 6.083e+01
E 007 016 7.710e+01
E 007 017 5.595e+01
E 008 010 5.533e+01
E 008 012 2.789e+01
E 008 013 6.021e+01
E 009 016 9.171e+01
E 010 012 3.087e+01
E 011 016 1.942e+01
E 012 013 4.016e+01
E 012 014 1.030e+01
E 012 019 6.657e+01
E 013 014 4.830e+01
E 013 016 7.752e+01
E 013 017 5.025e+01
E 013 018 3.400e+01
E 013 019 4.305e+01
E 014 017 1.838e+01
E 015 018 5.471e+01
E 015 019 3.636e+01
E 016 018 5.324e+01
