N 000 092 060 2.162e-01
N 001 035 040 2.471e-02
N 002 049 014 3.029e-01
N 003 027 074 9.814e-01
N 004 035 099 5.592e-01
N 005 013 088 7.781e-01
N 006 091 073 7.060e-01
N 007 017 039 7.238e-01
N 008 032 001 3.803e-01
N 009 057 082 4.038e-01
N 010 010 094 4.543e-02
N 011 093 069 9.472e-01
N 012 095 099 5.478e-01
N 013 095 007 1.519e-01
N 014 094 062 9.963e-01
N 015 018 013 7.664e-01
N 016 096 008 5.011e-01
N 017 012 089 7.456e-01
N 018 078 048 5.078e-02
N 019 046 077 4.265e-01
E 000 003 6.649e+01
E 000 005 8.382e+01
E 000 006 1.304e+01
E 000 007 7.788e+01
E 000 010 8.877e+01
E 000 018 1.844e+01
E 000 019 4.904e+01
E 001 017 5.413e+01
E 001 004 5.900e+01
E 001 013 6.848e+01
E 001 007 1.803e+01
E 002 017 8.363e+01
E 002 012 9.665e+01
E 002 013 4.653e+01
E 003 016 9.548e+01
E 003 007 3.640e+01
E 004 010 2.550e+01
E 004 011 6.530e+01
E 004 013 1.098e+02
E 004 016 1.096e+02
E 004 019 2.460e+01
E 005 016 1.153e+02
E 005 011 8.223e+01
E 005 012 8.273e+01
E 005 007 4.916e+01
E 006 012 2.631e+01
E 007 010 5.544e+01
E 007 011 8.171e+01
E 007 013 8.431e+01
E 007 016 8.486e+01
E 007 017 5.025e+01
E 007 019 4.780e+01
E 008 016 6.438e+01
E 008 009 8.477e+01
E 008 012 1.165e+02
E 008 013 6.329e+01
E 008 014 8.698e+01
E 009 012 4.163e+01
E 009 014 4.206e+01
E 009 015 7.926e+01
E 009 017 4.554e+01
E 009 019 1.208e+01
E 010 011 8.668e+01
E 010 013 1.216e+02
E 010 014 8.989e+01
E 010 019 3.981e+01
E 011 012 3.007e+01
E 011 014 7.071e+00
E 011 019 4.768e+01
E 012 015 1.154e+02
E 012 016 9.101e+01
E 012 017 8.360e+01
E 013 015 7.723e+01
E 013 016 1.414e+00
E 014 016 5.404e+01
E 015 017 7.624e+01
E 015 018 6.946e+01
E 015 019 6.986e+01
E 017 019 3.606e+01
E 018 019 4.319e+01
