N 000 038 051 2.787e-01
N 001 042 098 2.155e-01
N 002 064 071 8.214e-01
N 003 010 078 3.210e-01
N 004 042 081 6.923e-01
N 005 099 006 8.891e-01
N 006 003 059 1.202e-01
N 007 076 030 1.714e-01
N 008 061 046 6.394e-02
N 009 048 037 5.235e-01
N 010 030 079 1.596e-01
N 011 094 046 2.408e-01
N 012 070 093 9.828e-01
N 013 092 079 2.599e-01
N 014 072 084 1.531e-01
N 015 052 061 4.348e-01
N 016 021 011 9.748e-01
N 017 029 034 7.302e-01
N 018 019 051 3.657e-01
N 019 053 078 2.514e-01
E 000 002 3.280e+01
E 000 003 3.890e+01
E 000 004 3.027e+01
E 000 005 7.580e+01
E 000 008 2.354e+01
E 000 009 1.720e+01
E 000 012 5.280e+01
E 000 019 3.089e+01
E 001 019 2.283e+01
E 001 010 2.247e+01
E 001 018 5.233e+01
E 001 005 1.082e+02
E 001 006 5.515e+01
E 002 012 2.280e+01
E 002 019 1.304e+01
E 002 004 2.417e+01
E 003 006 2.025e+01
E 003 012 6.185e+01
E 003 015 4.531e+01
E 003 016 6.790e+01
E 003 017 4.793e+01
E 003 018 2.846e+01
E 004 010 1.217e+01
E 004 011 6.268e+01
E 004 012 3.046e+01
E 004 017 4.876e+01
E 004 018 3.780e+01
E 005 009 5.968e+01
E 005 012 9.171e+01
E 005 015 7.235e+01
E 005 019 8.544e+01
E 006 010 3.360e+01
E 006 013 9.122e+01
E 006 015 4.904e+01
E 006 016 5.126e+01
E 006 018 1.789e+01
E 007 008 2.193e+01
E 007 009 2.886e+01
E 007 010 6.721e+01
E 007 012 6.329e+01
E 007 013 5.155e+01
E 007 017 4.717e+01
E 008 010 4.528e+01
E 008 012 4.785e+01
E 008 014 3.956e+01
E 009 015 2.433e+01
E 010 015 2.843e+01
E 010 019 2.302e+01
E 011 016 8.096e+01
E 011 018 7.517e+01
E 011 015 4.460e+01
E 012 014 9.220e+00
E 012 019 2.267e+01
E 013 015 4.386e+01
E 014 016 8.905e+01
E 014 019 1.992e+01
E 014 015 3.048e+01
E 016 017 2.435e+01
E 016 019 7.425e+01
E 017 019 5.012e+01
