N 000 061 016 3.884e-01
N 001 066 066 1.472e-01
N 002 023 034 3.943e-02
N 003 009 010 5.612e-01
N 004 023 008 6.202e-01
N 005 075 026 5.483e-01
N 006 040 023 9.635e-01
N 007 052 098 2.531e-01
N 008 028 036 3.625e-01
N 009 036 037 3.665e-01
N 010 089 014 3.280e-01
N 011 081 072 4.934e-01
N 012 033 068 7.428e-01
N 013 062 029 7.955e-01
N 014 044 076 3.027e-01
N 015 001 043 9.963e-01
N 016 045 067 1.551e-01
N 017 088 082 2.135e-01
N 018 001 057 4.911e-01
N 019 082 029 8.296e-02
E 000 001 5.025e+01
E 000 003 5.235e+01
E 000 006 2.214e+01
E 000 012 5.906e+01
E 000 015 6.580e+01
E 000 019 2.470e+01
E 001 008 4.841e+01
E 001 010 5.686e+01
E 001 004 7.220e+01
E 002 003 2.778e+01
E 002 004 2.600e+01
E 002 006 2.025e+01
E 002 009 1.334e+01
E 002 010 6.896e+01
E 002 014 4.696e+01
E 002 017 8.080e+01
E 002 018 3.183e+01
E 003 004 1.414e+01
E 003 006 3.362e+01
E 003 007 9.794e+01
E 003 011 9.502e+01
E 003 012 6.277e+01
E 003 013 5.630e+01
E 003 019 7.543e+01
E 004 006 2.267e+01
E 004 013 4.429e+01
E 004 015 4.134e+01
E 004 016 6.297e+01
E 004 018 5.371e+01
E 005 017 5.749e+01
E 005 018 8.023e+01
E 005 011 4.639e+01
E 005 014 5.883e+01
E 006 007 7.595e+01
E 006 010 4.982e+01
E 006 011 6.389e+01
E 006 012 4.554e+01
E 006 014 5.315e+01
E 006 015 4.383e+01
E 006 019 4.243e+01
E 007 009 6.306e+01
E 007 013 6.972e+01
E 007 018 6.544e+01
E 007 019 7.524e+01
E 008 010 6.485e+01
E 008 009 8.062e+00
E 009 014 3.981e+01
E 009 016 3.132e+01
E 009 017 6.877e+01
E 010 017 6.801e+01
E 011 012 4.817e+01
E 012 013 4.860e+01
E 012 017 5.675e+01
E 012 018 3.384e+01
E 013 014 5.033e+01
E 013 017 5.903e+01
E 013 018 6.712e+01
E 015 018 1.400e+01
E 016 019 5.304e+01
E 018 019 8.570e+01
