N 000 002 056 3.576e-01
N 001 084 088 4.216e-01
N 002 003 080 1.610e-01
N 003 009 069 9.081e-01
N 004 048 045 3.495e-01
N 005 047 066 9.139e-01
N 006 030 015 8.507e-01
N 007 027 020 4.361e-01
N 008 033 076 5.358e-01
N 009 053 030 4.327e-01
N 010 076 004 1.448e-01
N 011 052 040 6.609e-01
N 012 085 052 6.129e-01
N 013 022 035 3.737e-01
N 014 099 041 6.523e-02
N 015 099 028 9.583e-01
N 016 022 096 6.264e-01
N 017 035 054 3.140e-01
N 018 074 082 6.804e-01
N 019 030 020 7.485e-01
E 000 001 8.802e+01
E 000 009 5.725e+01
E 000 007 4.383e+01
E 001 017 5.964e+01
E 001 018 1.166e+01
E 001 012 3.601e+01
E 001 014 4.934e+01
E 002 017 4.123e+01
E 002 010 1.054e+02
E 002 012 8.665e+01
E 002 013 4.885e+01
E 003 004 4.579e+01
E 003 005 3.812e+01
E 003 006 5.794e+01
E 003 008 2.500e+01
E 003 009 5.880e+01
E 003 012 7.788e+01
E 003 013 3.640e+01
E 003 014 9.425e+01
E 003 015 9.890e+01
E 003 018 6.629e+01
E 004 016 5.725e+01
E 004 019 3.081e+01
E 004 013 2.786e+01
E 004 007 3.265e+01
E 005 008 1.720e+01
E 005 019 4.904e+01
E 005 006 5.376e+01
E 005 015 6.440e+01
E 006 009 2.746e+01
E 006 014 7.374e+01
E 006 017 3.932e+01
E 007 011 3.202e+01
E 007 012 6.624e+01
E 007 016 7.616e+01
E 007 019 3.000e+00
E 008 017 2.209e+01
E 008 018 4.144e+01
E 008 015 8.161e+01
E 009 010 3.471e+01
E 009 011 1.005e+01
E 009 012 3.883e+01
E 009 016 7.292e+01
E 009 018 5.608e+01
E 009 019 2.508e+01
E 010 011 4.327e+01
E 010 013 6.227e+01
E 010 017 6.466e+01
E 011 014 4.701e+01
E 012 013 6.525e+01
E 012 016 7.684e+01
E 013 018 7.009e+01
E 013 019 1.700e+01
E 014 017 6.531e+01
E 015 016 1.027e+02
E 015 018 5.951e+01
E 015 019 6.946e+01
E 016 017 4.397e+01
E 016 019 7.642e+01
E 018 019 7.603e+01
