N 000 051 004 9.720e-01
N 001 009 021 2.116e-01
N 002 076 063 9.940e-01
N 003 076 014 3.602e-01
N 004 077 043 5.516e-01
N 005 075 096 7.999e-01
N 006 016 075 4.969e-02
N 007 079 097 5.668e-01
N 008 093 038 1.227e-01
N 009 052 093 3.648e-01
N 010 043 018 5.304e-01
N 011 049 025 4.048e-01
N 012 078 029 6.279e-01
N 013 054 071 4.329e-01
N 014 075 029 2.412e-01
N 015 072 002 7.572e-01
N 016 083 090 1.343e-01
N 017 002 050 5.198e-01
N 018 035 065 6.274e-02
N 019 033 054 7.923e-01
E 000 017 6.721e+01
E 000 010 1.612e+01
E 000 013 6.707e+01
E 000 007 9.712e+01
E 001 012 6.946e+01
E 001 011 4.020e+01
E 001 004 7.147e+01
E 001 017 2.983e+01
E 002 006 6.119e+01
E 002 008 3.023e+01
E 002 009 3.842e+01
E 002 010 5.580e+01
E 002 014 3.401e+01
E 002 016 2.789e+01
E 004 009 5.590e+01
E 004 014 1.414e+01
E 004 016 4.738e+01
E 004 017 7.533e+01
E 004 019 4.535e+01
E 005 008 6.073e+01
E 005 009 2.319e+01
E 005 010 8.431e+01
E 005 018 5.061e+01
E 006 008 8.543e+01
E 006 012 7.720e+01
E 006 014 7.481e+01
E 006 016 6.866e+01
E 006 017 2.865e+01
E 007 008 6.064e+01
E 007 009 2.729e+01
E 007 011 7.800e+01
E 007 013 3.607e+01
E 007 016 8.062e+00
E 007 019 6.297e+01
E 008 015 4.168e+01
E 008 019 6.210e+01
E 009 011 6.807e+01
E 009 012 6.908e+01
E 009 016 3.114e+01
E 009 017 6.595e+01
E 009 018 3.276e+01
E 010 013 5.413e+01
E 010 016 8.237e+01
E 010 019 3.736e+01
E 011 015 3.253e+01
E 011 014 2.631e+01
E 012 013 4.837e+01
E 012 014 3.000e+00
E 012 015 2.766e+01
E 012 016 6.120e+01
E 012 017 7.885e+01
E 012 019 5.148e+01
E 013 016 3.467e+01
E 013 018 1.992e+01
E 013 019 2.702e+01
E 014 016 6.152e+01
E 015 016 8.868e+01
E 015 018 7.306e+01
E 016 017 9.034e+01
E 016 019 6.161e+01
