N 000 019 045 2.594e-01
N 001 096 035 2.233e-01
N 002 092 082 9.029e-01
N 003 079 008 7.037e-01
N 004 042 053 3.111e-01
N 005 020 060 3.019e-01
N 006 020 055 1.395e-01
N 007 039 047 7.125e-01
N 008 008 006 1.527e-02
N 009 098 044 9.252e-01
N 010 031 094 7.600e-01
N 011 083 091 1.019e-01
N 012 083 063 5.371e-01
N 013 048 016 3.864e-01
N 014 005 008 6.208e-01
N 015 046 090 4.988e-02
N 016 015 036 2.504e-01
N 017 027 004 4.389e-01
N 018 042 075 9.494e-01
N 019 050 099 9.721e-01
E 000 004 2.435e+01
E 000 005 1.503e+01
E 000 008 4.052e+01
E 000 009 7.901e+01
E 000 012 6.648e+01
E 000 016 9.849e+00
E 000 018 3.780e+01
E 001 002 4.717e+01
E 001 008 9.266e+01
E 001 010 8.778e+01
E 001 013 5.162e+01
E 001 015 7.433e+01
E 001 019 7.882e+01
E 002 018 5.049e+01
E 003 010 9.849e+01
E 003 018 7.654e+01
E 003 015 8.839e+01
E 004 005 2.309e+01
E 004 006 2.209e+01
E 004 007 6.708e+00
E 004 009 5.672e+01
E 004 010 4.245e+01
E 004 012 4.220e+01
E 004 015 3.722e+01
E 004 016 3.191e+01
E 005 008 5.532e+01
E 005 011 7.021e+01
E 005 012 6.307e+01
E 005 013 5.215e+01
E 005 014 5.412e+01
E 005 015 3.970e+01
E 005 017 5.644e+01
E 005 018 2.663e+01
E 006 008 5.045e+01
E 006 016 1.965e+01
E 006 014 4.934e+01
E 007 008 5.140e+01
E 007 012 4.682e+01
E 007 018 2.816e+01
E 007 019 5.315e+01
E 008 011 1.134e+02
E 008 012 9.420e+01
E 008 013 4.123e+01
E 008 016 3.081e+01
E 008 018 7.692e+01
E 009 011 4.934e+01
E 009 012 2.421e+01
E 009 014 9.972e+01
E 009 015 6.943e+01
E 009 017 8.149e+01
E 010 016 6.017e+01
E 010 014 8.984e+01
E 011 014 1.139e+02
E 012 016 7.316e+01
E 013 018 5.930e+01
E 013 016 3.859e+01
E 015 017 8.807e+01
E 016 017 3.418e+01
E 016 018 4.743e+01
E 017 018 7.257e+01
