N 000 041 042 8.403e-01
N 001 096 087 5.113e-02
N 002 038 054 6.899e-01
N 003 074 042 2.994e-01
N 004 062 025 8.622e-01
N 005 066 023 1.420e-01
N 006 071 067 7.373e-01
N 007 062 077 8.050e-01
N 008 058 036 6.895e-01
N 009 064 005 8.716e-02
N 010 049 011 1.732e-01
N 011 099 084 5.804e-01
N 012 045 006 7.308e-01
N 013 027 073 5.771e-01
N 014 096 082 6.683e-01
N 015 078 082 5.016e-01
N 016 069 088 7.614e-01
N 017 049 066 4.711e-01
N 018 098 025 6.896e-01
N 019 067 016 9.753e-01
E 000 001 7.106e+01
E 000 013 3.401e+01
E 000 014 6.801e+01
E 000 007 4.082e+01
E 001 008 6.360e+01
E 001 010 8.936e+01
E 001 014 5.000e+00
E 001 016 2.702e+01
E 001 019 7.669e+01
E 002 017 1.628e+01
E 002 003 3.795e+01
E 002 005 4.177e+01
E 002 015 4.883e+01
E 003 006 2.518e+01
E 003 009 3.833e+01
E 003 015 4.020e+01
E 003 016 4.627e+01
E 003 018 2.941e+01
E 003 019 2.693e+01
E 004 009 2.010e+01
E 004 012 2.550e+01
E 004 013 5.941e+01
E 004 015 5.920e+01
E 004 017 4.301e+01
E 004 019 1.030e+01
E 005 007 5.415e+01
E 005 008 1.526e+01
E 005 010 2.081e+01
E 005 014 6.619e+01
E 005 017 4.624e+01
E 005 019 7.071e+00
E 006 017 2.202e+01
E 006 010 6.017e+01
E 006 014 2.915e+01
E 006 007 1.345e+01
E 007 010 6.727e+01
E 007 012 7.301e+01
E 007 013 3.523e+01
E 007 017 1.703e+01
E 008 010 2.657e+01
E 008 014 5.967e+01
E 009 011 8.641e+01
E 009 012 1.903e+01
E 009 014 8.338e+01
E 009 017 6.282e+01
E 009 019 1.140e+01
E 010 011 8.848e+01
E 010 013 6.579e+01
E 010 017 5.500e+01
E 010 019 1.868e+01
E 011 013 7.284e+01
E 011 015 2.110e+01
E 011 017 5.314e+01
E 011 018 5.901e+01
E 012 013 6.938e+01
E 012 014 9.153e+01
E 012 016 8.544e+01
E 013 018 8.570e+01
E 014 015 1.800e+01
E 014 016 2.766e+01
