N 000 093 034 6.541e-01
N 001 004 028 7.054e-01
N 002 059 051 4.805e-01
N 003 089 001 7.147e-01
N 004 085 063 9.049e-01
N 005 078 036 7.331e-01
N 006 020 068 7.442e-01
N 007 054 032 6.889e-01
N 008 001 092 7.839e-01
N 009 089 030 1.000e-01
N 010 086 068 6.354e-01
N 011 085 091 8.673e-01
N 012 034 007 3.035e-01
N 013 052 000 1.073e-01
N 014 046 016 9.507e-01
N 015 004 078 8.945e-01
N 016 013 034 6.728e-01
N 017 021 022 5.717e-01
N 018 017 030 6.811e-01
N 019 046 013 4.291e-01
E 000 003 3.324e+01
E 000 009 5.657e+00
E 000 010 3.471e+01
E 000 011 5.756e+01
E 000 012 6.488e+01
E 000 016 8.000e+01
E 000 017 7.299e+01
E 000 019 5.148e+01
E 001 017 1.803e+01
E 001 010 9.124e+01
E 001 018 1.315e+01
E 001 013 5.557e+01
E 001 007 5.016e+01
E 002 005 2.421e+01
E 002 006 4.254e+01
E 002 009 3.662e+01
E 002 010 3.191e+01
E 002 011 4.771e+01
E 002 012 5.061e+01
E 002 016 4.904e+01
E 002 017 4.780e+01
E 003 008 1.266e+02
E 003 019 4.464e+01
E 003 004 6.213e+01
E 003 014 4.554e+01
E 004 006 6.519e+01
E 004 007 4.384e+01
E 004 008 8.887e+01
E 004 012 7.574e+01
E 004 013 7.112e+01
E 004 014 6.107e+01
E 004 018 7.558e+01
E 004 019 6.341e+01
E 005 007 2.433e+01
E 005 010 3.298e+01
E 005 011 5.544e+01
E 005 013 4.441e+01
E 005 016 6.503e+01
E 005 019 3.941e+01
E 006 008 3.061e+01
E 006 010 6.600e+01
E 006 013 7.515e+01
E 006 016 3.471e+01
E 006 018 3.812e+01
E 007 011 6.665e+01
E 008 010 8.832e+01
E 008 011 8.401e+01
E 008 012 9.118e+01
E 008 014 8.832e+01
E 008 015 1.432e+01
E 010 014 6.560e+01
E 010 018 7.877e+01
E 011 014 8.453e+01
E 011 019 8.721e+01
E 012 014 1.500e+01
E 014 017 2.571e+01
E 015 018 4.973e+01
E 016 018 5.657e+00
E 017 018 8.944e+00
E 018 019 3.362e+01
