N 000 062 051 1.724e-01
N 001 024 035 9.221e-01
N 002 061 000 5.652e-01
N 003 076 080 1.036e-01
N 004 078 001 8.349e-01
N 005 042 093 9.136e-01
N 006 073 093 7.471e-01
N 007 019 018 5.560e-02
N 008 005 042 2.171e-01
N 009 027 071 1.582e-01
N 010 084 078 6.610e-01
N 011 098 093 6.673e-01
N 012 017 020 5.414e-01
N 013 044 030 6.340e-01
N 014 022 072 2.093e-01
N 015 086 008 9.043e-02
N 016 094 059 2.206e-01
N 017 026 007 2.672e-01
N 018 003 068 9.775e-01
N 019 082 060 3.192e-01
E 000 001 4.123e+01
E 000 002 5.101e+01
E 000 003 3.220e+01
E 000 006 4.342e+01
E 000 010 3.483e+01
E 000 012 5.464e+01
E 000 014 4.518e+01
E 000 019 2.193e+01
E 001 004 6.381e+01
E 001 006 7.593e+01
E 001 007 1.772e+01
E 001 009 3.612e+01
E 001 013 2.062e+01
E 001 015 6.762e+01
E 001 016 7.400e+01
E 001 017 2.807e+01
E 002 004 1.703e+01
E 002 014 8.188e+01
E 002 016 6.760e+01
E 002 017 3.569e+01
E 002 018 8.938e+01
E 003 009 4.982e+01
E 003 016 2.766e+01
E 004 008 8.373e+01
E 004 005 9.879e+01
E 005 006 3.100e+01
E 005 007 7.845e+01
E 005 008 6.301e+01
E 005 010 4.460e+01
E 005 011 5.600e+01
E 005 013 6.303e+01
E 005 014 2.900e+01
E 005 016 6.213e+01
E 005 018 4.632e+01
E 006 007 9.242e+01
E 006 012 9.201e+01
E 006 014 5.515e+01
E 006 015 8.599e+01
E 006 016 3.996e+01
E 007 014 5.408e+01
E 008 013 4.080e+01
E 008 015 8.785e+01
E 008 016 9.061e+01
E 008 017 4.082e+01
E 009 010 5.743e+01
E 009 014 5.099e+00
E 009 017 6.401e+01
E 010 017 9.168e+01
E 010 015 7.003e+01
E 011 012 1.090e+02
E 011 013 8.298e+01
E 012 013 2.879e+01
E 012 015 7.004e+01
E 012 017 1.581e+01
E 013 014 4.741e+01
E 013 015 4.741e+01
E 013 018 5.590e+01
E 014 016 7.316e+01
E 015 018 1.024e+02
E 018 019 7.940e+01
