N 000 028 074 4.343e-01
N 001 030 033 6.321e-01
N 002 070 056 2.531e-01
N 003 002 039 7.577e-01
N 004 029 080 6.318e-01
N 005 002 028 8.223e-01
N 006 054 024 6.259e-01
N 007 036 004 3.852e-01
N 008 049 031 4.416e-01
N 009 093 033 2.264e-03
N 010 076 037 7.416e-01
N 011 098 082 4.351e-01
N 012 091 045 6.435e-01
N 013 059 034 7.461e-01
N 014 015 095 2.454e-01
N 015 065 022 6.169e-01
N 016 045 050 5.183e-01
N 017 000 063 7.516e-01
N 018 038 015 9.754e-01
N 019 090 088 8.042e-01
E 000 001 4.105e+01
E 000 002 4.569e+01
E 000 007 7.046e+01
E 000 008 4.785e+01
E 000 009 7.685e+01
E 000 010 6.061e+01
E 000 012 6.935e+01
E 001 018 1.970e+01
E 001 012 6.217e+01
E 001 014 6.379e+01
E 002 004 4.751e+01
E 002 007 6.213e+01
E 002 010 1.992e+01
E 002 012 2.371e+01
E 002 014 6.742e+01
E 002 017 7.035e+01
E 002 018 5.201e+01
E 003 007 4.880e+01
E 003 008 4.768e+01
E 003 010 7.403e+01
E 003 011 1.052e+02
E 003 012 8.920e+01
E 003 014 5.749e+01
E 003 017 2.408e+01
E 003 018 4.327e+01
E 004 009 7.940e+01
E 004 010 6.370e+01
E 004 011 6.903e+01
E 004 013 5.492e+01
E 004 015 6.826e+01
E 004 018 6.562e+01
E 004 019 6.152e+01
E 005 016 4.830e+01
E 005 010 7.455e+01
E 005 011 1.101e+02
E 006 018 1.836e+01
E 006 011 7.280e+01
E 006 013 1.118e+01
E 006 014 8.101e+01
E 007 010 5.186e+01
E 007 011 9.964e+01
E 007 012 6.860e+01
E 007 013 3.780e+01
E 007 017 6.912e+01
E 007 018 1.118e+01
E 008 010 2.766e+01
E 009 016 5.092e+01
E 009 019 5.508e+01
E 010 011 5.009e+01
E 010 014 8.417e+01
E 011 013 6.185e+01
E 011 016 6.191e+01
E 011 017 9.982e+01
E 012 017 9.276e+01
E 013 014 7.521e+01
E 014 016 5.408e+01
E 014 017 3.534e+01
E 014 019 7.533e+01
E 015 018 2.789e+01
E 016 019 5.890e+01
