N 000 026 020 9.021e-01
N 001 050 057 8.668e-01
N 002 075 069 4.751e-01
N 003 097 078 1.390e-01
N 004 014 079 8.662e-01
N 005 096 000 9.359e-01
N 006 034 064 9.306e-01
N 007 025 067 7.344e-01
N 008 081 074 6.254e-01
N 009 095 046 4.965e-01
N 010 049 076 9.762e-01
N 011 005 070 9.997e-03
N 012 015 021 2.350e-01
N 013 063 047 8.567e-01
N 014 008 039 6.886e-01
N 015 090 055 8.488e-01
N 016 087 078 3.703e-01
N 017 061 027 2.121e-01
N 018 064 068 5.150e-01
N 019 029 035 7.801e-01
E 000 002 6.930e+01
E 000 004 6.021e+01
E 000 005 7.280e+01
E 000 010 6.054e+01
E 000 014 2.617e+01
E 000 016 8.417e+01
E 000 017 3.569e+01
E 001 019 3.041e+01
E 001 010 1.903e+01
E 001 003 5.148e+01
E 001 012 5.021e+01
E 001 015 4.005e+01
E 002 003 2.377e+01
E 002 006 4.130e+01
E 002 007 5.004e+01
E 002 010 2.693e+01
E 002 014 7.341e+01
E 002 017 4.427e+01
E 003 007 7.284e+01
E 003 009 3.206e+01
E 003 015 2.404e+01
E 003 016 1.000e+01
E 003 017 6.243e+01
E 003 018 3.448e+01
E 003 019 8.045e+01
E 004 009 8.746e+01
E 005 007 9.762e+01
E 005 008 7.550e+01
E 005 009 4.601e+01
E 005 010 8.936e+01
E 005 014 9.625e+01
E 005 015 5.533e+01
E 005 017 4.420e+01
E 006 012 4.701e+01
E 007 010 2.563e+01
E 007 016 6.297e+01
E 007 018 3.901e+01
E 008 018 1.803e+01
E 008 019 6.500e+01
E 008 012 8.465e+01
E 008 013 3.245e+01
E 009 011 9.315e+01
E 009 012 8.382e+01
E 009 015 1.030e+01
E 009 016 3.298e+01
E 009 017 3.895e+01
E 009 018 3.801e+01
E 010 011 4.441e+01
E 010 013 3.220e+01
E 010 016 3.805e+01
E 011 017 7.060e+01
E 012 014 1.931e+01
E 012 015 8.235e+01
E 013 018 2.102e+01
E 013 014 5.558e+01
E 013 015 2.816e+01
E 014 018 6.306e+01
E 016 017 5.725e+01
E 016 019 7.220e+01
E 017 019 3.298e+01
