N 000 049 048 4.192e-01
N 001 095 013 9.178e-01
N 002 012 097 3.142e-01
N 003 087 097 9.216e-01
N 004 030 099 1.782e-01
N 005 025 034 5.683e-01
N 006 089 091 4.804e-01
N 007 062 025 5.535e-01
N 008 069 037 8.007e-02
N 009 065 038 8.191e-01
N 010 090 005 1.686e-01
N 011 066 007 6.069e-01
N 012 033 036 9.294e-01
N 013 067 011 1.566e-01
N 014 062 007 4.228e-01
N 015 098 078 4.836e-01
N 016 007 017 6.899e-01
N 017 057 033 4.994e-01
N 018 028 034 9.770e-01
N 019 074 007 1.652e-01
E 000 002 6.140e+01
E 000 004 5.442e+01
E 000 005 2.778e+01
E 000 010 5.941e+01
E 000 012 2.000e+01
E 000 016 5.220e+01
E 001 003 8.438e+01
E 001 005 7.308e+01
E 001 007 3.511e+01
E 001 009 3.905e+01
E 001 013 2.807e+01
E 001 014 3.354e+01
E 001 015 6.507e+01
E 001 016 8.809e+01
E 001 018 7.021e+01
E 002 017 7.824e+01
E 002 018 6.500e+01
E 002 012 6.451e+01
E 002 015 8.807e+01
E 003 007 7.622e+01
E 003 013 8.829e+01
E 003 014 9.341e+01
E 003 016 1.131e+02
E 003 018 8.631e+01
E 004 009 7.033e+01
E 004 011 9.879e+01
E 004 012 6.307e+01
E 004 015 7.117e+01
E 005 008 4.410e+01
E 005 012 8.246e+00
E 005 017 3.202e+01
E 005 018 3.000e+00
E 006 019 8.533e+01
E 006 013 8.297e+01
E 006 015 1.581e+01
E 007 019 2.163e+01
E 007 010 3.441e+01
E 008 009 4.123e+00
E 008 010 3.828e+01
E 008 015 5.022e+01
E 008 016 6.515e+01
E 008 017 1.265e+01
E 008 019 3.041e+01
E 009 012 3.206e+01
E 009 013 2.707e+01
E 009 019 3.228e+01
E 010 011 2.408e+01
E 010 014 2.807e+01
E 011 012 4.393e+01
E 011 013 4.123e+00
E 011 014 4.000e+00
E 011 015 7.788e+01
E 011 016 5.984e+01
E 011 019 8.000e+00
E 012 013 4.220e+01
E 012 016 3.220e+01
E 013 015 7.382e+01
E 014 015 7.961e+01
E 014 016 5.590e+01
E 018 019 5.334e+01
