N 000 065 062 3.045e-01
N 001 071 016 7.736e-01
N 002 090 045 6.628e-01
N 003 000 015 4.316e-01
N 004 016 002 2.638e-01
N 005 057 067 3.792e-01
N 006 002 044 1.862e-01
N 007 025 037 1.713e-01
N 008 021 036 9.784e-01
N 009 098 063 3.126e-01
N 010 056 058 6.556e-01
N 011 067 006 1.527e-01
N 012 096 038 6.732e-01
N 013 013 056 4.201e-01
N 014 055 050 5.747e-03
N 015 087 078 6.475e-01
N 016 003 044 6.886e-01
N 017 074 077 3.534e-01
N 018 064 010 6.932e-02
N 019 017 051 6.952e-01
E 000 001 4.639e+01
E 000 002 3.023e+01
E 000 003 8.021e+01
E 000 004 7.747e+01
E 000 005 9.434e+00
E 000 008 5.111e+01
E 000 009 3.302e+01
E 000 010 9.849e+00
E 000 017 1.749e+01
E 001 004 5.675e+01
E 001 009 5.420e+01
E 001 011 1.077e+01
E 001 013 7.046e+01
E 001 014 3.758e+01
E 001 015 6.403e+01
E 002 014 3.536e+01
E 003 008 2.970e+01
E 003 015 1.074e+02
E 003 006 2.907e+01
E 003 009 1.091e+02
E 004 010 6.882e+01
E 004 011 5.116e+01
E 004 012 8.773e+01
E 004 015 1.040e+02
E 004 019 4.901e+01
E 005 007 4.386e+01
E 005 011 6.181e+01
E 005 012 4.860e+01
E 005 016 5.869e+01
E 005 017 1.972e+01
E 006 008 2.062e+01
E 006 009 9.786e+01
E 006 016 1.000e+00
E 007 009 7.749e+01
E 007 012 7.101e+01
E 007 013 2.247e+01
E 007 016 2.309e+01
E 007 018 4.743e+01
E 008 016 1.970e+01
E 009 012 2.508e+01
E 009 014 4.492e+01
E 009 015 1.860e+01
E 009 019 8.188e+01
E 010 011 5.315e+01
E 010 013 4.305e+01
E 011 012 4.319e+01
E 011 013 7.359e+01
E 011 014 4.561e+01
E 011 016 7.443e+01
E 012 015 4.100e+01
E 012 018 4.252e+01
E 012 019 8.006e+01
E 013 015 7.720e+01
E 013 017 6.451e+01
E 014 018 4.100e+01
E 014 019 3.801e+01
E 015 016 9.062e+01
E 015 017 1.304e+01
E 015 018 7.178e+01
E 016 017 7.829e+01
