N 000 095 004 3.594e-02
N 001 006 028 8.883e-02
N 002 010 098 4.295e-01
N 003 072 043 7.113e-01
N 004 024 046 4.007e-01
N 005 024 089 2.591e-01
N 006 063 063 6.028e-02
N 007 099 023 3.346e-01
N 008 045 060 2.456e-01
N 009 082 068 5.163e-01
N 010 055 031 3.581e-02
N 011 047 006 1.840e-01
N 012 063 092 4.925e-01
N 013 021 027 3.792e-01
N 014 053 079 1.632e-01
N 015 027 047 3.276e-01
N 016 034 093 9.216e-01
N 017 043 000 8.731e-01
N 018 077 095 3.893e-01
N 019 030 005 1.167e-01
E 000 018 9.276e+01
E 000 019 6.501e+01
E 000 004 8.249e+01
E 000 013 7.749e+01
E 001 002 7.011e+01
E 001 012 8.570e+01
E 001 005 6.360e+01
E 002 003 8.288e+01
E 002 006 6.351e+01
E 002 011 9.916e+01
E 002 014 4.701e+01
E 002 015 5.376e+01
E 002 016 2.452e+01
E 002 018 6.707e+01
E 003 016 6.280e+01
E 003 011 4.465e+01
E 003 013 5.345e+01
E 004 010 3.444e+01
E 004 013 1.924e+01
E 004 014 4.393e+01
E 004 017 4.977e+01
E 004 018 7.218e+01
E 005 006 4.687e+01
E 005 007 9.990e+01
E 005 012 3.912e+01
E 005 013 6.207e+01
E 005 015 4.211e+01
E 005 018 5.334e+01
E 006 016 4.173e+01
E 006 009 1.965e+01
E 006 018 3.493e+01
E 007 010 4.472e+01
E 007 012 7.783e+01
E 007 015 7.589e+01
E 007 017 6.054e+01
E 007 019 7.131e+01
E 008 009 3.785e+01
E 008 013 4.080e+01
E 009 016 5.412e+01
E 009 018 2.746e+01
E 009 015 5.887e+01
E 010 018 6.768e+01
E 010 019 3.607e+01
E 010 014 4.804e+01
E 011 016 8.797e+01
E 011 018 9.392e+01
E 011 013 3.342e+01
E 012 013 7.739e+01
E 012 014 1.640e+01
E 012 016 2.902e+01
E 013 015 2.088e+01
E 013 016 6.727e+01
E 013 017 3.483e+01
E 014 015 4.123e+01
E 014 017 7.963e+01
E 014 018 2.884e+01
E 014 019 7.749e+01
E 015 017 4.965e+01
E 016 019 8.809e+01
E 017 019 1.393e+01
