N 000 011 005 2.638e-01
N 001 016 094 6.954e-02
N 002 083 026 4.840e-01
N 003 041 016 1.549e-01
N 004 025 035 5.042e-01
N 005 098 029 3.703e-02
N 006 069 091 4.198e-02
N 007 028 066 9.807e-01
N 008 048 021 8.170e-01
N 009 026 088 5.011e-01
N 010 023 067 4.722e-01
N 011 087 071 2.325e-01
N 012 017 087 6.219e-01
N 013 003 020 2.592e-02
N 014 021 085 5.242e-01
N 015 094 031 2.729e-01
N 016 013 091 2.631e-01
N 017 098 084 4.301e-01
N 018 073 007 9.522e-01
N 019 045 012 5.231e-01
E 000 003 3.195e+01
E 000 005 9.025e+01
E 000 009 8.434e+01
E 000 010 6.315e+01
E 000 011 1.007e+02
E 000 013 1.700e+01
E 000 017 1.175e+02
E 001 002 9.546e+01
E 001 003 8.191e+01
E 001 012 7.071e+00
E 001 015 1.003e+02
E 001 016 4.243e+00
E 001 019 8.698e+01
E 002 010 7.267e+01
E 002 011 4.518e+01
E 002 013 8.022e+01
E 003 004 2.484e+01
E 003 006 8.006e+01
E 003 011 7.170e+01
E 003 012 7.495e+01
E 003 013 3.821e+01
E 003 015 5.508e+01
E 003 016 8.006e+01
E 004 005 7.325e+01
E 004 008 2.693e+01
E 004 009 5.301e+01
E 004 010 3.206e+01
E 004 014 5.016e+01
E 004 019 3.048e+01
E 005 007 7.918e+01
E 005 008 5.064e+01
E 005 009 9.309e+01
E 005 010 8.408e+01
E 005 015 4.472e+00
E 006 010 5.188e+01
E 006 011 2.691e+01
E 006 015 6.500e+01
E 006 016 5.600e+01
E 006 018 8.410e+01
E 007 017 7.228e+01
E 008 012 7.292e+01
E 008 019 9.487e+00
E 009 010 2.121e+01
E 009 011 6.332e+01
E 009 012 9.055e+00
E 009 013 7.178e+01
E 009 014 5.831e+00
E 009 015 8.873e+01
E 009 016 1.334e+01
E 010 015 7.961e+01
E 010 016 2.600e+01
E 011 014 6.747e+01
E 011 017 1.703e+01
E 011 018 6.551e+01
E 012 014 4.472e+00
E 013 017 1.145e+02
E 013 019 4.276e+01
E 014 017 7.701e+01
E 015 016 1.008e+02
E 018 019 2.844e+01
