N 000 062 036 3.018e-01
N 001 044 020 3.767e-01
N 002 000 066 8.312e-01
N 003 022 060 7.710e-01
N 004 010 065 7.759e-01
N 005 079 024 5.625e-01
N 006 037 015 4.738e-02
N 007 092 040 3.573e-01
N 008 042 094 9.047e-01
N 009 005 069 9.608e-01
N 010 083 042 4.148e-01
N 011 038 062 1.240e-01
N 012 043 089 1.923e-01
N 013 091 056 6.572e-01
N 014 037 019 6.822e-01
N 015 051 026 2.411e-01
N 016 070 012 6.305e-01
N 017 064 002 5.397e-01
N 018 051 089 7.132e-01
N 019 014 060 3.119e-01
E 000 003 4.665e+01
E 000 006 3.265e+01
E 000 008 6.135e+01
E 000 009 6.586e+01
E 000 010 2.184e+01
E 000 017 3.406e+01
E 000 018 5.413e+01
E 001 017 2.691e+01
E 001 013 5.920e+01
E 001 014 7.071e+00
E 002 012 4.876e+01
E 002 015 6.482e+01
E 002 004 1.005e+01
E 002 014 5.982e+01
E 002 007 9.560e+01
E 003 016 6.788e+01
E 003 013 6.912e+01
E 003 015 4.469e+01
E 004 017 8.298e+01
E 004 012 4.080e+01
E 004 015 5.659e+01
E 005 009 8.661e+01
E 005 013 3.418e+01
E 005 014 4.230e+01
E 005 016 1.500e+01
E 005 017 2.663e+01
E 005 019 7.430e+01
E 006 008 7.916e+01
E 006 011 4.701e+01
E 006 016 3.314e+01
E 006 018 7.531e+01
E 006 019 5.054e+01
E 007 008 7.359e+01
E 007 016 3.561e+01
E 007 011 5.831e+01
E 008 011 3.225e+01
E 008 012 5.099e+00
E 008 013 6.201e+01
E 008 016 8.665e+01
E 009 011 3.373e+01
E 009 013 8.698e+01
E 009 014 5.936e+01
E 009 015 6.297e+01
E 009 017 8.927e+01
E 010 019 7.131e+01
E 010 013 1.612e+01
E 011 018 2.997e+01
E 012 014 7.026e+01
E 012 018 8.000e+00
E 012 019 4.101e+01
E 013 014 6.546e+01
E 013 019 7.710e+01
E 014 017 3.191e+01
E 015 017 2.729e+01
E 015 018 6.300e+01
E 015 019 5.025e+01
E 016 018 7.931e+01
E 017 018 8.797e+01
E 017 019 7.658e+01
E 018 019 4.701e+01
