N 000 023 022 4.985e-01
N 001 003 071 4.733e-01
N 002 079 005 3.577e-01
N 003 094 030 2.108e-01
N 004 062 074 1.876e-01
N 005 002 095 3.254e-01
N 006 067 005 5.401e-01
N 007 090 089 2.939e-01
N 008 097 020 8.534e-01
N 009 036 050 1.042e-01
N 010 046 090 7.630e-01
N 011 030 002 2.831e-01
N 012 084 060 8.158e-01
N 013 023 003 7.136e-01
N 014 005 019 4.235e-01
N 015 053 026 2.034e-01
N 016 066 054 3.276e-01
N 017 026 007 3.854e-01
N 018 067 035 4.120e-01
N 019 073 078 2.119e-01
E 000 001 5.292e+01
E 000 004 6.500e+01
E 000 008 7.403e+01
E 000 011 2.119e+01
E 000 018 4.588e+01
E 000 019 7.507e+01
E 001 002 1.007e+02
E 001 009 3.912e+01
E 001 010 4.701e+01
E 001 013 7.088e+01
E 001 015 6.727e+01
E 001 016 6.525e+01
E 001 017 6.801e+01
E 002 005 1.184e+02
E 002 010 9.118e+01
E 002 013 5.604e+01
E 002 016 5.070e+01
E 002 018 3.231e+01
E 003 004 5.441e+01
E 003 005 1.126e+02
E 003 008 1.044e+01
E 003 010 7.684e+01
E 003 014 8.968e+01
E 003 017 7.178e+01
E 003 018 2.746e+01
E 004 005 6.357e+01
E 004 006 6.918e+01
E 004 013 8.101e+01
E 004 015 4.884e+01
E 005 006 1.110e+02
E 005 007 8.820e+01
E 005 015 8.580e+01
E 005 019 7.301e+01
E 006 007 8.709e+01
E 006 008 3.354e+01
E 006 014 6.356e+01
E 006 015 2.524e+01
E 006 016 4.901e+01
E 006 018 3.000e+01
E 007 008 6.935e+01
E 007 014 1.101e+02
E 007 016 4.244e+01
E 007 017 1.040e+02
E 008 012 4.206e+01
E 008 013 7.593e+01
E 008 019 6.277e+01
E 009 016 3.027e+01
E 009 018 3.444e+01
E 009 012 4.903e+01
E 009 017 4.415e+01
E 010 016 4.118e+01
E 010 012 4.841e+01
E 011 014 3.023e+01
E 012 015 4.601e+01
E 013 017 5.000e+00
E 013 019 9.014e+01
E 014 016 7.033e+01
E 014 018 6.403e+01
E 015 017 3.302e+01
E 016 019 2.500e+01
