N 000 067 072 6.627e-01
N 001 088 020 7.084e-01
N 002 057 089 7.160e-01
N 003 053 094 5.677e-01
N 004 043 099 7.217e-02
N 005 052 050 5.017e-01
N 006 060 073 9.433e-02
N 007 037 083 5.262e-01
N 008 047 079 6.386e-01
N 009 072 099 1.839e-01
N 010 020 012 5.745e-01
N 011 088 034 1.943e-01
N 012 013 074 2.284e-01
N 013 079 081 3.742e-04
N 014 093 027 2.640e-02
N 015 045 002 8.250e-03
N 016 009 017 7.661e-01
N 017 096 021 8.452e-01
N 018 077 089 1.197e-02
N 019 088 080 7.465e-01
E 000 001 5.608e+01
E 000 011 4.342e+01
E 000 015 7.338e+01
E 000 017 5.867e+01
E 000 018 1.972e+01
E 000 019 2.247e+01
E 001 002 7.564e+01
E 001 005 4.686e+01
E 001 007 8.106e+01
E 001 014 8.602e+00
E 001 016 7.906e+01
E 002 012 4.649e+01
E 002 013 2.341e+01
E 002 017 7.839e+01
E 003 016 8.868e+01
E 003 009 1.965e+01
E 003 011 6.946e+01
E 003 012 4.472e+01
E 003 019 3.770e+01
E 004 008 2.040e+01
E 004 018 3.544e+01
E 004 012 3.905e+01
E 005 008 2.943e+01
E 005 018 4.632e+01
E 005 012 4.579e+01
E 005 013 4.111e+01
E 006 007 2.508e+01
E 006 008 1.432e+01
E 006 011 4.801e+01
E 006 013 2.062e+01
E 006 016 7.574e+01
E 006 017 6.325e+01
E 006 018 2.335e+01
E 007 018 4.045e+01
E 007 013 4.205e+01
E 007 017 8.559e+01
E 008 009 3.202e+01
E 008 012 3.437e+01
E 008 017 7.593e+01
E 008 018 3.162e+01
E 008 019 4.101e+01
E 009 011 6.694e+01
E 009 013 1.931e+01
E 009 015 1.007e+02
E 009 017 8.161e+01
E 009 019 2.484e+01
E 010 012 6.239e+01
E 010 013 9.079e+01
E 010 014 7.453e+01
E 011 014 8.602e+00
E 011 017 1.526e+01
E 011 018 5.609e+01
E 012 019 7.524e+01
E 013 014 5.579e+01
E 013 018 8.246e+00
E 015 019 8.907e+01
E 015 016 3.900e+01
E 017 018 7.060e+01
E 017 019 5.954e+01
E 018 019 1.421e+01
