N 000 099 043 2.685e-01
N 001 078 078 5.894e-01
N 002 030 058 4.657e-01
N 003 008 064 7.684e-01
N 004 009 072 6.098e-01
N 005 051 074 5.847e-01
N 006 084 019 9.318e-01
N 007 001 015 2.564e-01
N 008 046 086 2.847e-01
N 009 039 027 5.530e-01
N 010 011 025 5.492e-01
N 011 028 066 6.695e-01
N 012 050 001 3.003e-01
N 013 080 060 4.947e-01
N 014 068 058 5.024e-01
N 015 035 089 6.031e-01
N 016 005 005 3.985e-03
N 017 033 051 5.704e-01
N 018 011 015 4.506e-02
N 019 068 051 8.458e-02
E 000 001 4.082e+01
E 000 002 7.061e+01
E 000 003 9.339e+01
E 000 005 5.714e+01
E 000 009 6.210e+01
E 000 013 2.550e+01
E 000 014 3.444e+01
E 000 019 3.202e+01
E 001 018 9.197e+01
E 001 019 2.879e+01
E 001 012 8.193e+01
E 001 013 1.811e+01
E 002 017 7.616e+00
E 002 005 2.640e+01
E 002 006 6.661e+01
E 002 013 5.004e+01
E 003 004 8.062e+00
E 003 006 8.832e+01
E 003 007 4.950e+01
E 003 008 4.391e+01
E 003 014 6.030e+01
E 003 015 3.680e+01
E 003 017 2.818e+01
E 003 019 6.139e+01
E 004 006 9.184e+01
E 004 009 5.408e+01
E 004 010 4.704e+01
E 004 011 1.992e+01
E 004 013 7.201e+01
E 004 015 3.106e+01
E 005 017 2.921e+01
E 005 007 7.734e+01
E 006 009 4.571e+01
E 006 012 3.847e+01
E 006 013 4.119e+01
E 006 019 3.578e+01
E 007 008 8.406e+01
E 007 017 4.817e+01
E 007 012 5.096e+01
E 008 009 5.941e+01
E 008 011 2.691e+01
E 008 012 8.509e+01
E 008 019 4.134e+01
E 009 011 4.052e+01
E 009 014 4.245e+01
E 009 015 6.213e+01
E 009 017 2.474e+01
E 009 019 3.764e+01
E 010 019 6.265e+01
E 011 017 1.581e+01
E 011 018 5.376e+01
E 011 019 4.272e+01
E 012 013 6.619e+01
E 012 014 5.977e+01
E 012 018 4.144e+01
E 013 018 8.238e+01
E 013 019 1.500e+01
E 015 019 5.033e+01
E 015 018 7.779e+01
E 017 018 4.219e+01
