N 000 042 047 2.825e-01
N 001 013 072 3.945e-01
N 002 035 039 2.647e-02
N 003 037 084 8.278e-01
N 004 048 016 6.169e-01
N 005 025 034 1.477e-01
N 006 081 099 5.838e-01
N 007 039 051 7.266e-01
N 008 031 062 3.703e-01
N 009 006 057 6.083e-01
N 010 078 017 7.288e-01
N 011 085 001 4.995e-01
N 012 020 084 1.476e-01
N 013 047 001 4.545e-01
N 014 027 023 4.275e-01
N 015 048 014 7.866e-01
N 016 039 052 8.081e-01
N 017 013 052 4.990e-01
N 018 098 016 2.961e-01
N 019 025 038 5.900e-01
E 000 002 1.063e+01
E 000 003 3.734e+01
E 000 004 3.158e+01
E 000 005 2.140e+01
E 000 013 4.627e+01
E 000 015 3.354e+01
E 000 017 2.943e+01
E 001 002 3.966e+01
E 001 018 1.018e+02
E 001 013 7.872e+01
E 001 015 6.774e+01
E 002 003 4.504e+01
E 002 004 2.642e+01
E 002 005 1.118e+01
E 002 007 1.265e+01
E 002 008 2.335e+01
E 002 016 1.360e+01
E 002 018 6.707e+01
E 003 005 5.142e+01
E 003 010 7.855e+01
E 003 011 9.588e+01
E 003 018 9.135e+01
E 003 019 4.754e+01
E 004 016 3.711e+01
E 004 007 3.614e+01
E 005 006 8.580e+01
E 005 011 6.848e+01
E 005 015 3.048e+01
E 006 011 9.808e+01
E 006 013 1.037e+02
E 006 014 9.323e+01
E 006 016 6.303e+01
E 006 017 8.266e+01
E 007 010 5.174e+01
E 007 011 6.794e+01
E 007 013 5.064e+01
E 007 017 2.602e+01
E 008 009 2.550e+01
E 008 015 5.092e+01
E 008 017 2.059e+01
E 008 018 8.127e+01
E 008 019 2.474e+01
E 009 017 8.602e+00
E 009 010 8.237e+01
E 009 012 3.041e+01
E 010 013 3.489e+01
E 010 016 5.240e+01
E 010 017 7.382e+01
E 011 014 6.203e+01
E 011 016 6.868e+01
E 011 017 8.823e+01
E 012 018 1.035e+02
E 012 017 3.276e+01
E 012 015 7.539e+01
E 013 014 2.973e+01
E 013 019 4.305e+01
E 014 016 3.138e+01
E 014 015 2.285e+01
E 016 018 6.912e+01
E 017 019 1.844e+01
