N 000 084 083 3.540e-02
N 001 098 059 1.316e-01
N 002 023 047 9.502e-01
N 003 047 023 3.204e-01
N 004 006 088 1.263e-01
N 005 050 011 5.671e-02
N 006 082 036 6.745e-01
N 007 028 073 6.061e-01
N 008 077 048 1.269e-01
N 009 089 009 3.745e-01
N 010 003 068 3.698e-01
N 011 077 009 3.883e-01
N 012 098 096 9.227e-01
N 013 069 059 4.859e-01
N 014 010 020 1.431e-01
N 015 021 073 4.341e-01
N 016 033 045 8.365e-02
N 017 059 078 5.500e-01
N 018 048 072 4.257e-01
N 019 048 038 3.188e-01
E 000 003 7.049e+01
E 000 008 3.569e+01
E 000 010 8.238e+01
E 000 011 7.433e+01
E 000 014 9.719e+01
E 000 015 6.379e+01
E 001 003 6.243e+01
E 001 005 6.788e+01
E 001 008 2.371e+01
E 001 013 2.900e+01
E 001 016 6.649e+01
E 001 017 4.338e+01
E 002 019 2.657e+01
E 002 003 3.394e+01
E 002 015 2.608e+01
E 003 007 5.349e+01
E 003 009 4.427e+01
E 003 011 3.311e+01
E 003 014 3.712e+01
E 003 016 2.608e+01
E 003 019 1.503e+01
E 004 006 9.209e+01
E 004 008 8.149e+01
E 004 009 1.146e+02
E 004 012 9.235e+01
E 004 016 5.077e+01
E 004 018 4.494e+01
E 005 010 7.388e+01
E 005 013 5.162e+01
E 005 014 4.100e+01
E 006 007 6.546e+01
E 006 011 2.746e+01
E 006 014 7.376e+01
E 006 015 7.134e+01
E 006 017 4.789e+01
E 006 018 4.952e+01
E 007 008 5.501e+01
E 007 019 4.031e+01
E 007 010 2.550e+01
E 008 010 7.666e+01
E 008 012 5.239e+01
E 008 015 6.133e+01
E 008 018 3.764e+01
E 008 019 3.068e+01
E 009 010 1.043e+02
E 009 011 1.200e+01
E 009 012 8.746e+01
E 009 013 5.385e+01
E 009 018 7.517e+01
E 010 016 3.780e+01
E 011 015 8.504e+01
E 011 016 5.685e+01
E 012 015 8.036e+01
E 013 016 3.863e+01
E 013 019 2.970e+01
E 014 016 3.397e+01
E 015 016 3.046e+01
E 015 017 3.833e+01
E 017 018 1.253e+01
E 018 019 3.400e+01
