N 000 062 038 9.014e-01
N 001 010 065 6.495e-01
N 002 023 064 7.096e-01
N 003 008 034 8.352e-01
N 004 026 042 3.509e-01
N 005 090 084 5.262e-02
N 006 037 046 8.512e-01
N 007 086 077 2.545e-02
N 008 079 067 5.588e-01
N 009 016 005 7.188e-01
N 010 021 034 7.565e-01
N 011 073 059 6.096e-01
N 012 048 032 5.629e-01
N 013 047 082 7.723e-01
N 014 097 099 1.808e-01
N 015 017 093 4.964e-01
N 016 082 054 6.359e-01
N 017 039 048 6.150e-01
N 018 045 081 8.642e-01
N 019 053 082 2.640e-01
E 000 002 4.687e+01
E 000 003 5.415e+01
E 000 008 3.362e+01
E 000 010 4.119e+01
E 000 014 7.033e+01
E 000 018 4.624e+01
E 001 002 1.304e+01
E 001 003 3.106e+01
E 001 005 8.223e+01
E 001 012 5.033e+01
E 001 014 9.341e+01
E 001 015 2.886e+01
E 001 016 7.284e+01
E 001 018 3.848e+01
E 002 003 3.354e+01
E 002 008 5.608e+01
E 002 011 5.025e+01
E 002 012 4.061e+01
E 002 018 2.780e+01
E 002 019 3.499e+01
E 003 005 9.604e+01
E 003 010 1.300e+01
E 003 013 6.185e+01
E 003 014 1.102e+02
E 003 016 7.666e+01
E 003 018 5.982e+01
E 004 009 3.833e+01
E 005 008 2.025e+01
E 005 017 6.243e+01
E 006 016 4.571e+01
E 006 009 4.607e+01
E 006 018 3.590e+01
E 006 012 1.780e+01
E 006 017 2.828e+00
E 007 016 2.335e+01
E 007 014 2.460e+01
E 008 016 1.334e+01
E 008 015 6.723e+01
E 009 010 2.943e+01
E 009 014 1.241e+02
E 009 015 8.801e+01
E 009 016 8.220e+01
E 010 018 5.277e+01
E 010 017 2.280e+01
E 011 016 1.030e+01
E 011 012 3.680e+01
E 011 018 3.561e+01
E 012 013 5.001e+01
E 012 014 8.301e+01
E 012 016 4.050e+01
E 013 019 6.000e+00
E 013 015 3.195e+01
E 014 015 8.022e+01
E 014 016 4.743e+01
E 014 017 7.723e+01
E 015 016 7.580e+01
E 015 018 3.046e+01
E 016 017 4.342e+01
E 016 019 4.031e+01
E 017 019 3.677e+01
