N 000 013 069 5.628e-01
N 001 088 046 2.200e-01
N 002 048 068 5.627e-01
N 003 026 029 5.932e-01
N 004 043 069 6.991e-01
N 005 046 043 4.084e-02
N 006 008 019 6.685e-01
N 007 072 092 8.876e-02
N 008 004 085 5.794e-01
N 009 065 038 9.510e-01
N 010 093 081 8.152e-02
N 011 050 094 9.482e-01
N 012 065 031 7.499e-01
N 013 097 077 3.423e-01
N 014 040 097 2.321e-01
N 015 055 044 6.968e-01
N 016 005 067 9.182e-01
N 017 065 037 2.387e-01
N 018 072 089 2.461e-01
N 019 059 074 3.025e-01
E 000 006 5.025e+01
E 000 009 6.054e+01
E 000 010 8.089e+01
E 000 011 4.465e+01
E 000 014 3.890e+01
E 000 016 8.246e+00
E 001 018 4.588e+01
E 001 003 6.429e+01
E 001 012 2.746e+01
E 001 013 3.228e+01
E 001 007 4.870e+01
E 002 003 4.478e+01
E 002 008 4.717e+01
E 002 011 2.608e+01
E 002 013 4.982e+01
E 002 016 4.301e+01
E 002 017 3.536e+01
E 002 018 3.189e+01
E 003 005 2.441e+01
E 003 006 2.059e+01
E 003 009 4.002e+01
E 003 016 4.342e+01
E 003 018 7.560e+01
E 004 019 1.676e+01
E 004 011 2.596e+01
E 004 013 5.459e+01
E 004 014 2.816e+01
E 004 007 3.701e+01
E 005 012 2.247e+01
E 005 015 9.055e+00
E 005 016 4.751e+01
E 005 017 1.992e+01
E 005 019 3.362e+01
E 007 008 6.836e+01
E 007 019 2.220e+01
E 007 015 5.092e+01
E 008 010 8.909e+01
E 009 011 5.797e+01
E 009 013 5.045e+01
E 009 014 6.408e+01
E 009 015 1.166e+01
E 009 018 5.148e+01
E 009 019 3.650e+01
E 010 014 5.536e+01
E 010 016 8.911e+01
E 010 017 5.215e+01
E 010 018 2.247e+01
E 010 019 3.471e+01
E 011 014 1.044e+01
E 011 017 5.894e+01
E 011 019 2.193e+01
E 012 015 1.640e+01
E 013 015 5.341e+01
E 013 018 2.773e+01
E 014 018 3.298e+01
E 015 016 5.504e+01
E 016 017 6.708e+01
E 016 018 7.052e+01
E 016 019 5.445e+01
E 017 018 5.247e+01
