N 000 069 090 7.675e-01
N 001 087 042 6.769e-01
N 002 069 084 3.053e-01
N 003 085 000 5.891e-01
N 004 046 048 4.107e-01
N 005 079 058 7.800e-01
N 006 044 087 6.207e-01
N 007 045 032 3.774e-02
N 008 006 083 3.226e-02
N 009 001 031 6.012e-01
N 010 089 042 2.204e-02
N 011 070 046 2.463e-01
N 012 014 004 8.278e-01
N 013 061 012 4.203e-01
N 014 076 041 5.837e-01
N 015 005 043 9.925e-01
N 016 069 066 3.293e-01
N 017 066 069 8.605e-01
N 018 033 061 2.116e-01
N 019 010 064 8.348e-01
E 000 004 4.789e+01
E 000 005 3.353e+01
E 000 010 5.200e+01
E 000 011 4.401e+01
E 000 013 7.841e+01
E 000 014 4.950e+01
E 000 016 2.400e+01
E 001 018 5.725e+01
E 001 015 8.201e+01
E 001 004 4.144e+01
E 001 005 1.789e+01
E 001 013 3.970e+01
E 002 010 4.652e+01
E 002 014 4.357e+01
E 002 012 9.708e+01
E 002 013 7.244e+01
E 002 006 2.518e+01
E 003 005 5.831e+01
E 003 006 9.618e+01
E 003 007 5.122e+01
E 003 009 8.954e+01
E 003 011 4.838e+01
E 003 012 7.111e+01
E 003 014 4.198e+01
E 004 006 3.905e+01
E 004 008 5.315e+01
E 004 011 2.408e+01
E 004 012 5.441e+01
E 005 010 1.887e+01
E 005 012 8.450e+01
E 005 013 4.940e+01
E 006 008 3.821e+01
E 006 010 6.364e+01
E 007 008 6.420e+01
E 007 009 4.401e+01
E 007 010 4.512e+01
E 007 012 4.177e+01
E 007 013 2.561e+01
E 008 010 9.257e+01
E 008 011 7.393e+01
E 008 012 7.940e+01
E 008 017 6.161e+01
E 008 019 1.942e+01
E 009 011 7.061e+01
E 009 015 1.265e+01
E 009 016 7.648e+01
E 010 012 8.408e+01
E 010 016 3.124e+01
E 011 012 7.000e+01
E 011 016 2.002e+01
E 011 018 3.992e+01
E 012 013 4.768e+01
E 012 015 4.002e+01
E 013 015 6.401e+01
E 013 018 5.644e+01
E 014 019 6.989e+01
E 015 016 6.801e+01
E 015 017 6.631e+01
E 016 017 4.243e+00
E 017 019 5.622e+01
