N 000 024 055 7.668e-01
N 001 076 019 7.625e-01
N 002 097 053 3.209e-01
N 003 090 055 6.860e-01
N 004 005 087 9.161e-01
N 005 062 074 4.081e-01
N 006 029 011 1.358e-01
N 007 047 038 9.476e-01
N 008 077 087 1.899e-01
N 009 049 094 1.555e-01
N 010 021 096 7.296e-01
N 011 053 095 9.764e-01
N 012 066 091 7.547e-01
N 013 077 051 5.468e-01
N 014 091 092 1.691e-01
N 015 046 000 2.242e-02
N 016 073 090 3.712e-01
N 017 053 045 6.464e-02
N 018 024 098 2.182e-01
N 019 098 091 1.637e-01
E 000 003 6.600e+01
E 000 004 3.722e+01
E 000 005 4.249e+01
E 000 009 4.632e+01
E 000 010 4.111e+01
E 000 012 5.532e+01
E 000 014 7.654e+01
E 000 018 4.300e+01
E 000 019 8.229e+01
E 001 003 3.863e+01
E 001 004 9.831e+01
E 001 006 4.768e+01
E 001 010 9.463e+01
E 001 012 7.269e+01
E 001 017 3.471e+01
E 001 019 7.529e+01
E 002 017 4.472e+01
E 002 010 8.732e+01
E 002 003 7.280e+00
E 002 018 8.576e+01
E 003 004 9.082e+01
E 003 005 3.384e+01
E 003 010 8.026e+01
E 003 015 7.043e+01
E 003 016 3.891e+01
E 004 011 4.866e+01
E 004 013 8.050e+01
E 004 015 9.618e+01
E 004 019 9.309e+01
E 005 008 1.985e+01
E 005 009 2.385e+01
E 005 012 1.746e+01
E 005 014 3.413e+01
E 005 015 7.571e+01
E 005 019 3.981e+01
E 006 011 8.736e+01
E 006 017 4.162e+01
E 006 014 1.020e+02
E 006 009 8.538e+01
E 007 016 5.814e+01
E 007 015 3.801e+01
E 008 011 2.530e+01
E 008 013 3.600e+01
E 008 014 1.487e+01
E 008 016 5.000e+00
E 008 019 2.138e+01
E 009 012 1.726e+01
E 009 015 9.405e+01
E 009 019 4.909e+01
E 010 012 4.528e+01
E 010 013 7.184e+01
E 011 013 5.012e+01
E 011 014 3.812e+01
E 011 016 2.062e+01
E 012 013 4.148e+01
E 014 016 1.811e+01
E 014 017 6.044e+01
E 014 018 6.727e+01
E 015 017 4.554e+01
E 017 018 6.042e+01
