N 000 098 072 6.871e-01
N 001 023 008 6.754e-01
N 002 020 070 2.419e-01
N 003 040 090 1.440e-01
N 004 074 012 8.527e-01
N 005 085 035 9.025e-01
N 006 020 072 2.767e-01
N 007 060 064 4.335e-01
N 008 073 004 3.196e-02
N 009 064 034 3.189e-01
N 010 026 054 5.126e-01
N 011 098 077 7.851e-01
N 012 099 082 6.191e-01
N 013 027 019 8.804e-01
N 014 075 025 2.984e-01
N 015 005 098 6.270e-01
N 016 022 095 5.256e-01
N 017 020 081 8.960e-01
N 018 055 008 4.679e-01
N 019 021 048 3.877e-01
E 000 008 7.245e+01
E 000 001 9.860e+01
E 000 017 7.852e+01
E 000 009 5.099e+01
E 001 005 6.762e+01
E 001 006 6.407e+01
E 001 008 5.016e+01
E 001 009 4.855e+01
E 001 013 1.170e+01
E 001 016 8.701e+01
E 001 018 3.200e+01
E 001 019 4.005e+01
E 002 004 7.925e+01
E 002 005 7.382e+01
E 002 006 2.000e+00
E 002 008 8.465e+01
E 002 009 5.685e+01
E 002 012 7.991e+01
E 002 013 5.148e+01
E 002 018 7.120e+01
E 003 019 4.610e+01
E 003 012 5.954e+01
E 003 013 7.218e+01
E 003 014 7.382e+01
E 003 015 3.590e+01
E 004 017 8.762e+01
E 004 019 6.407e+01
E 004 018 1.942e+01
E 004 006 8.072e+01
E 005 019 6.531e+01
E 005 014 1.414e+01
E 006 007 4.079e+01
E 006 008 8.621e+01
E 006 013 5.346e+01
E 006 014 7.235e+01
E 006 017 9.000e+00
E 006 019 2.402e+01
E 007 016 4.904e+01
E 007 010 3.544e+01
E 007 011 4.016e+01
E 007 013 5.580e+01
E 008 012 8.222e+01
E 008 014 2.110e+01
E 008 015 1.160e+02
E 008 017 9.348e+01
E 008 018 1.844e+01
E 009 019 4.522e+01
E 009 015 8.705e+01
E 010 013 3.501e+01
E 010 014 5.694e+01
E 011 016 7.810e+01
E 011 013 9.168e+01
E 013 017 6.239e+01
E 013 018 3.008e+01
E 013 019 2.961e+01
E 014 017 7.849e+01
E 014 018 2.625e+01
E 015 018 1.030e+02
E 016 018 9.305e+01
E 018 019 5.250e+01
