N 000 007 036 6.729e-01
N 001 027 023 5.011e-01
N 002 068 076 6.944e-01
N 003 084 023 5.564e-01
N 004 001 003 9.781e-01
N 005 082 039 4.864e-01
N 006 094 046 5.622e-02
N 007 000 040 8.085e-01
N 008 019 068 7.318e-01
N 009 065 093 3.487e-01
N 010 095 038 2.097e-01
N 011 092 085 4.999e-01
N 012 036 044 5.321e-01
N 013 012 054 2.673e-01
N 014 049 031 2.732e-02
N 015 032 073 9.091e-01
N 016 099 050 7.103e-01
N 017 078 024 9.297e-02
N 018 059 069 6.868e-01
N 019 010 079 2.977e-01
E 000 001 2.385e+01
E 000 004 3.354e+01
E 000 006 8.757e+01
E 000 007 8.062e+00
E 000 010 8.802e+01
E 000 011 9.811e+01
E 000 014 4.230e+01
E 000 016 9.306e+01
E 000 018 6.159e+01
E 000 019 4.310e+01
E 001 012 2.285e+01
E 001 010 6.963e+01
E 001 004 3.280e+01
E 001 017 5.101e+01
E 002 017 5.295e+01
E 002 019 5.808e+01
E 002 012 4.525e+01
E 002 014 4.885e+01
E 003 010 1.860e+01
E 003 019 9.280e+01
E 003 005 1.612e+01
E 003 006 2.508e+01
E 003 007 8.570e+01
E 004 008 6.745e+01
E 004 011 1.225e+02
E 004 013 5.217e+01
E 004 014 5.557e+01
E 005 018 3.780e+01
E 005 006 1.389e+01
E 005 007 8.201e+01
E 006 011 3.905e+01
E 006 012 5.803e+01
E 006 015 6.762e+01
E 006 016 6.403e+00
E 007 009 8.387e+01
E 007 013 1.844e+01
E 007 014 4.982e+01
E 007 015 4.597e+01
E 007 019 4.026e+01
E 008 009 5.235e+01
E 008 011 7.495e+01
E 008 017 7.360e+01
E 008 015 1.393e+01
E 009 018 2.474e+01
E 010 011 4.710e+01
E 010 016 1.265e+01
E 010 018 4.751e+01
E 010 019 9.437e+01
E 011 014 6.903e+01
E 011 018 3.667e+01
E 011 019 8.222e+01
E 012 013 2.600e+01
E 012 018 3.397e+01
E 012 019 4.360e+01
E 013 015 2.759e+01
E 014 017 2.983e+01
E 014 018 3.929e+01
E 015 016 7.084e+01
E 016 019 9.361e+01
E 017 018 4.885e+01
