N 000 046 021 3.197e-01
N 001 043 049 7.790e-01
N 002 002 072 4.557e-02
N 003 015 001 2.516e-01
N 004 091 045 7.763e-01
N 005 046 098 2.484e-01
N 006 002 017 1.892e-01
N 007 043 026 8.582e-02
N 008 045 089 4.372e-01
N 009 087 019 8.192e-01
N 010 099 003 5.394e-01
N 011 035 007 2.274e-01
N 012 010 037 9.559e-01
N 013 044 055 5.172e-01
N 014 086 027 5.158e-01
N 015 082 032 1.496e-01
N 016 023 078 8.709e-01
N 017 063 077 5.027e-01
N 018 068 022 4.631e-01
N 019 023 000 5.043e-01
E 000 001 2.816e+01
E 000 003 3.689e+01
E 000 006 4.418e+01
E 000 008 6.801e+01
E 000 010 5.597e+01
E 000 012 3.940e+01
E 000 018 2.202e+01
E 001 007 2.300e+01
E 001 012 3.511e+01
E 001 013 6.083e+00
E 001 017 3.441e+01
E 001 018 3.680e+01
E 001 019 5.292e+01
E 002 003 7.218e+01
E 002 004 9.301e+01
E 002 005 5.111e+01
E 002 007 6.162e+01
E 002 008 4.624e+01
E 002 013 4.531e+01
E 002 018 8.280e+01
E 003 004 8.782e+01
E 003 005 1.018e+02
E 003 007 3.754e+01
E 003 008 9.297e+01
E 003 009 7.422e+01
E 003 012 3.635e+01
E 003 016 7.741e+01
E 003 019 8.062e+00
E 004 005 6.953e+01
E 004 008 6.366e+01
E 004 012 8.139e+01
E 004 018 3.253e+01
E 005 007 7.206e+01
E 005 010 1.088e+02
E 005 011 9.166e+01
E 005 012 7.083e+01
E 005 013 4.305e+01
E 005 014 8.149e+01
E 006 016 6.451e+01
E 006 019 2.702e+01
E 006 014 8.459e+01
E 006 015 8.139e+01
E 007 008 6.303e+01
E 007 010 6.054e+01
E 007 011 2.062e+01
E 008 011 8.261e+01
E 008 015 6.796e+01
E 008 016 2.460e+01
E 009 011 5.337e+01
E 009 016 8.705e+01
E 010 012 9.527e+01
E 011 012 3.905e+01
E 011 015 5.324e+01
E 011 017 7.539e+01
E 012 013 3.847e+01
E 013 016 3.114e+01
E 014 019 6.854e+01
E 016 019 7.800e+01
E 017 018 5.523e+01
E 018 019 5.009e+01
