N 000 071 040 7.569e-01
N 001 075 020 1.122e-01
N 002 047 049 4.294e-01
N 003 054 035 1.263e-01
N 004 096 032 7.670e-01
N 005 044 086 4.933e-01
N 006 058 017 6.387e-01
N 007 034 051 6.191e-01
N 008 036 036 5.438e-01
N 009 052 063 9.251e-01
N 010 048 039 8.096e-02
N 011 057 061 1.810e-01
N 012 014 095 6.629e-01
N 013 060 020 5.475e-01
N 014 022 059 3.834e-01
N 015 002 059 1.054e-01
N 016 035 054 1.810e-01
N 017 071 014 5.721e-01
N 018 056 068 1.000e+00
N 019 082 064 7.460e-01
E 000 009 2.983e+01
E 000 010 2.302e+01
E 000 012 7.921e+01
E 000 005 5.334e+01
E 000 017 2.600e+01
E 001 004 2.419e+01
E 001 005 7.292e+01
E 001 007 5.140e+01
E 001 008 4.215e+01
E 001 009 4.876e+01
E 001 011 4.478e+01
E 001 015 8.276e+01
E 001 016 5.250e+01
E 001 018 5.162e+01
E 001 019 4.455e+01
E 002 012 5.661e+01
E 002 004 5.187e+01
E 002 005 3.712e+01
E 002 015 4.610e+01
E 003 016 2.687e+01
E 003 009 2.807e+01
E 003 010 7.211e+00
E 003 011 2.617e+01
E 003 004 4.211e+01
E 004 009 5.382e+01
E 004 013 3.795e+01
E 004 014 7.877e+01
E 004 018 5.381e+01
E 005 008 5.064e+01
E 005 014 3.483e+01
E 005 018 2.163e+01
E 006 019 5.277e+01
E 006 012 8.955e+01
E 006 013 3.606e+00
E 006 014 5.532e+01
E 007 008 1.513e+01
E 007 014 1.442e+01
E 007 009 2.163e+01
E 008 016 1.803e+01
E 008 012 6.297e+01
E 009 010 2.433e+01
E 009 012 4.968e+01
E 009 013 4.374e+01
E 009 015 5.016e+01
E 009 018 6.403e+00
E 010 011 2.377e+01
E 011 013 4.111e+01
E 011 016 2.309e+01
E 011 017 4.904e+01
E 012 013 8.798e+01
E 012 014 3.688e+01
E 012 015 3.795e+01
E 012 018 4.993e+01
E 014 018 3.517e+01
E 015 016 3.338e+01
E 015 018 5.474e+01
E 016 017 5.381e+01
E 016 018 2.524e+01
E 017 019 5.120e+01
E 018 019 2.631e+01
