N 000 040 041 4.769e-01
N 001 015 024 8.124e-01
N 002 034 079 7.927e-01
N 003 037 046 4.230e-01
N 004 061 018 7.798e-01
N 005 056 081 7.257e-01
N 006 054 093 5.066e-01
N 007 033 091 4.201e-01
N 008 054 055 6.662e-01
N 009 036 076 1.058e-01
N 010 052 000 2.393e-01
N 011 005 006 9.820e-01
N 012 017 029 7.398e-02
N 013 047 009 9.915e-01
N 014 010 077 5.934e-01
N 015 013 015 9.281e-01
N 016 037 060 2.730e-01
N 017 083 097 4.029e-02
N 018 006 056 2.468e-01
N 019 045 000 8.796e-01
E 000 002 3.847e+01
E 000 006 5.385e+01
E 000 007 5.049e+01
E 000 008 1.980e+01
E 000 009 3.523e+01
E 000 010 4.272e+01
E 000 013 3.276e+01
E 000 014 4.686e+01
E 000 018 3.716e+01
E 001 004 4.639e+01
E 001 009 5.608e+01
E 001 013 3.534e+01
E 001 014 5.324e+01
E 001 015 9.220e+00
E 001 017 9.976e+01
E 002 010 8.102e+01
E 002 011 7.855e+01
E 002 013 7.120e+01
E 003 010 4.838e+01
E 003 019 4.669e+01
E 003 012 2.625e+01
E 003 007 4.518e+01
E 004 007 7.819e+01
E 004 009 6.316e+01
E 004 011 5.727e+01
E 004 012 4.535e+01
E 004 016 4.837e+01
E 005 009 2.062e+01
E 005 019 8.174e+01
E 005 013 7.256e+01
E 005 014 4.617e+01
E 005 015 7.877e+01
E 006 017 2.927e+01
E 006 018 6.061e+01
E 006 019 9.343e+01
E 006 014 4.682e+01
E 007 008 4.168e+01
E 007 012 6.403e+01
E 007 014 2.693e+01
E 007 015 7.859e+01
E 007 016 3.126e+01
E 007 019 9.179e+01
E 008 017 5.104e+01
E 008 019 5.573e+01
E 009 011 7.656e+01
E 009 012 5.070e+01
E 009 014 2.602e+01
E 009 018 3.606e+01
E 010 017 1.018e+02
E 011 012 2.594e+01
E 011 013 4.211e+01
E 011 014 7.118e+01
E 012 014 4.851e+01
E 012 017 9.476e+01
E 013 014 7.741e+01
E 013 015 3.453e+01
E 013 017 9.508e+01
E 014 017 7.569e+01
E 015 017 1.078e+02
E 015 018 4.159e+01
