N 000 083 061 8.171e-01
N 001 084 044 3.969e-01
N 002 051 037 4.031e-01
N 003 077 060 9.825e-02
N 004 037 035 2.738e-01
N 005 034 017 3.729e-02
N 006 072 008 7.501e-01
N 007 020 059 5.085e-01
N 008 004 057 6.917e-02
N 009 085 033 6.897e-01
N 010 025 091 4.544e-01
N 011 047 026 6.410e-01
N 012 082 030 3.628e-02
N 013 090 059 1.289e-01
N 014 052 000 7.766e-01
N 015 098 083 8.418e-01
N 016 053 072 6.558e-01
N 017 074 017 6.980e-01
N 018 069 074 8.936e-01
N 019 076 047 5.442e-02
E 000 009 2.807e+01
E 000 002 4.000e+01
E 000 012 3.102e+01
E 000 015 2.663e+01
E 001 002 3.373e+01
E 001 003 1.746e+01
E 001 006 3.795e+01
E 001 008 8.105e+01
E 001 011 4.115e+01
E 001 012 1.414e+01
E 001 019 8.544e+00
E 002 003 3.471e+01
E 002 006 3.581e+01
E 002 011 1.170e+01
E 002 012 3.178e+01
E 002 014 3.701e+01
E 002 017 3.048e+01
E 002 018 4.115e+01
E 003 004 4.717e+01
E 003 009 2.816e+01
E 003 010 6.054e+01
E 003 011 4.534e+01
E 003 013 1.304e+01
E 003 014 6.500e+01
E 003 015 3.114e+01
E 003 017 4.310e+01
E 003 018 1.612e+01
E 004 016 4.031e+01
E 004 019 4.080e+01
E 004 018 5.045e+01
E 005 008 5.000e+01
E 005 009 5.345e+01
E 005 012 4.973e+01
E 005 016 5.819e+01
E 005 017 4.000e+01
E 006 012 2.417e+01
E 006 017 9.220e+00
E 007 010 3.239e+01
E 007 011 4.264e+01
E 007 012 6.845e+01
E 007 015 8.161e+01
E 007 016 3.547e+01
E 007 018 5.124e+01
E 008 014 7.452e+01
E 008 015 9.753e+01
E 008 016 5.124e+01
E 008 017 8.062e+01
E 009 012 4.243e+00
E 010 018 4.717e+01
E 011 012 3.523e+01
E 012 014 4.243e+01
E 012 016 5.104e+01
E 012 017 1.526e+01
E 012 019 1.803e+01
E 013 016 3.922e+01
E 015 016 4.632e+01
E 015 017 7.023e+01
E 016 017 5.887e+01
E 017 019 3.007e+01
E 018 019 2.789e+01
