N 000 038 050 8.419e-02
N 001 057 077 3.516e-01
N 002 043 045 6.596e-02
N 003 043 038 5.615e-01
N 004 007 065 6.601e-02
N 005 018 008 5.247e-01
N 006 058 094 3.023e-02
N 007 047 031 2.044e-01
N 008 081 076 6.817e-01
N 009 094 045 4.928e-01
N 010 079 073 9.420e-01
N 011 067 004 5.387e-01
N 012 042 082 3.012e-01
N 013 098 093 3.173e-01
N 014 038 044 7.702e-01
N 015 007 085 1.759e-01
N 016 009 052 9.747e-01
N 017 090 047 2.223e-01
N 018 083 043 2.667e-01
N 019 057 003 7.338e-01
E 000 010 4.701e+01
E 000 003 1.300e+01
E 000 015 4.675e+01
E 001 016 5.412e+01
E 001 009 4.892e+01
E 001 018 4.280e+01
E 001 003 4.144e+01
E 001 004 5.142e+01
E 002 008 4.904e+01
E 002 009 5.100e+01
E 002 010 4.561e+01
E 002 017 4.704e+01
E 002 007 1.456e+01
E 003 006 5.797e+01
E 003 007 8.062e+00
E 003 008 5.374e+01
E 003 013 7.778e+01
E 003 015 5.920e+01
E 003 017 4.785e+01
E 003 018 4.031e+01
E 003 019 3.770e+01
E 004 007 5.250e+01
E 004 009 8.927e+01
E 004 010 7.244e+01
E 004 011 8.556e+01
E 004 018 7.912e+01
E 005 006 9.485e+01
E 005 007 3.701e+01
E 005 009 8.453e+01
E 005 011 4.916e+01
E 005 013 1.167e+02
E 005 015 7.778e+01
E 005 017 8.188e+01
E 006 015 5.179e+01
E 006 013 4.001e+01
E 007 009 4.904e+01
E 007 016 4.342e+01
E 007 017 4.588e+01
E 007 018 3.795e+01
E 008 019 7.684e+01
E 008 014 5.360e+01
E 009 010 3.176e+01
E 009 014 5.601e+01
E 009 017 4.472e+00
E 009 019 5.597e+01
E 010 013 2.759e+01
E 010 015 7.299e+01
E 011 015 1.008e+02
E 011 016 7.529e+01
E 011 018 4.215e+01
E 011 019 1.005e+01
E 012 018 5.659e+01
E 012 019 8.041e+01
E 012 015 3.513e+01
E 013 015 9.135e+01
E 013 019 9.890e+01
E 015 016 3.306e+01
E 015 019 9.604e+01
E 017 018 8.062e+00
E 017 019 5.500e+01
