N 000 045 072 1.853e-01
N 001 092 020 7.331e-01
N 002 076 059 5.854e-01
N 003 086 095 4.436e-01
N 004 073 069 8.577e-02
N 005 003 067 3.362e-01
N 006 040 025 2.234e-01
N 007 002 065 9.129e-01
N 008 060 054 9.609e-01
N 009 085 032 4.099e-01
N 010 087 041 7.725e-01
N 011 004 099 5.281e-01
N 012 075 068 5.250e-01
N 013 026 011 9.465e-01
N 014 092 043 2.446e-01
N 015 061 031 1.133e-01
N 016 099 047 5.418e-01
N 017 027 064 5.848e-01
N 018 099 083 6.455e-01
N 019 079 063 2.937e-01
E 000 003 4.701e+01
E 000 005 4.230e+01
E 000 006 4.727e+01
E 000 008 2.343e+01
E 000 009 5.657e+01
E 000 012 3.027e+01
E 000 013 6.389e+01
E 000 014 5.523e+01
E 000 016 5.951e+01
E 000 019 3.517e+01
E 001 016 2.789e+01
E 001 018 6.339e+01
E 001 019 4.492e+01
E 001 005 1.006e+02
E 001 007 1.006e+02
E 002 010 2.110e+01
E 002 011 8.237e+01
E 003 004 2.907e+01
E 003 006 8.376e+01
E 003 007 8.920e+01
E 003 009 6.301e+01
E 003 013 1.032e+02
E 003 017 6.665e+01
E 004 011 7.524e+01
E 004 019 8.485e+00
E 004 010 3.130e+01
E 005 006 5.597e+01
E 005 008 5.846e+01
E 005 010 8.793e+01
E 005 011 3.202e+01
E 005 014 9.218e+01
E 006 007 5.517e+01
E 006 012 5.544e+01
E 006 014 5.503e+01
E 006 017 4.111e+01
E 006 018 8.273e+01
E 007 008 5.903e+01
E 007 010 8.832e+01
E 008 012 2.052e+01
E 008 014 3.384e+01
E 008 017 3.448e+01
E 008 018 4.860e+01
E 009 019 3.158e+01
E 010 014 5.385e+00
E 010 015 2.786e+01
E 010 016 1.342e+01
E 010 019 2.341e+01
E 011 013 9.071e+01
E 012 013 7.517e+01
E 012 014 3.023e+01
E 012 016 3.189e+01
E 013 015 4.031e+01
E 013 016 8.139e+01
E 013 017 5.301e+01
E 013 019 7.425e+01
E 014 015 3.324e+01
E 014 018 4.061e+01
E 015 016 4.123e+01
E 015 018 6.440e+01
E 017 019 5.201e+01
