N 000 005 072 4.778e-01
N 001 058 038 9.773e-01
N 002 062 092 8.109e-01
N 003 021 081 8.944e-01
N 004 067 035 3.731e-02
N 005 000 006 9.707e-01
N 006 014 078 3.541e-01
N 007 032 012 2.213e-01
N 008 085 089 2.306e-01
N 009 067 082 8.532e-01
N 010 025 036 7.837e-01
N 011 040 024 6.771e-01
N 012 024 072 4.017e-01
N 013 046 055 3.535e-01
N 014 088 021 3.672e-01
N 015 056 058 5.468e-01
N 016 014 059 6.349e-01
N 017 054 030 5.606e-01
N 018 028 003 8.475e-01
N 019 000 095 9.781e-01
E 000 002 6.041e+01
E 000 007 6.580e+01
E 000 010 4.118e+01
E 000 011 5.941e+01
E 000 017 6.454e+01
E 000 019 2.354e+01
E 001 019 8.132e+01
E 001 002 5.415e+01
E 001 003 5.673e+01
E 001 010 3.306e+01
E 002 004 5.722e+01
E 002 010 6.712e+01
E 002 012 4.294e+01
E 002 016 5.825e+01
E 002 018 9.527e+01
E 002 019 6.207e+01
E 003 012 9.487e+00
E 003 017 6.075e+01
E 003 006 7.616e+00
E 003 007 6.987e+01
E 004 005 7.301e+01
E 004 006 6.825e+01
E 004 007 4.188e+01
E 004 012 5.673e+01
E 004 015 2.550e+01
E 004 018 5.045e+01
E 004 019 8.994e+01
E 005 017 5.909e+01
E 005 018 2.816e+01
E 005 019 8.900e+01
E 005 007 3.256e+01
E 006 008 7.185e+01
E 006 009 5.315e+01
E 006 010 4.342e+01
E 006 012 1.166e+01
E 006 014 9.341e+01
E 006 016 1.900e+01
E 006 018 7.630e+01
E 007 008 9.348e+01
E 007 009 7.826e+01
E 007 010 2.500e+01
E 008 012 6.332e+01
E 008 013 5.174e+01
E 008 017 6.665e+01
E 008 018 1.032e+02
E 009 016 5.778e+01
E 009 019 6.825e+01
E 009 015 2.640e+01
E 010 011 1.921e+01
E 010 013 2.832e+01
E 010 015 3.801e+01
E 010 018 3.314e+01
E 011 016 4.360e+01
E 012 013 2.780e+01
E 012 014 8.184e+01
E 012 015 3.493e+01
E 013 014 5.404e+01
E 013 016 3.225e+01
E 013 017 2.625e+01
E 017 018 3.748e+01
