N 000 010 070 3.088e-01
N 001 072 022 2.078e-01
N 002 092 058 9.931e-02
N 003 024 060 4.836e-01
N 004 093 089 4.667e-02
N 005 098 018 3.453e-01
N 006 029 009 3.513e-01
N 007 060 038 3.516e-01
N 008 027 049 2.555e-01
N 009 056 059 5.908e-01
N 010 002 036 6.579e-01
N 011 000 008 6.673e-01
N 012 078 068 4.918e-01
N 013 082 013 6.998e-01
N 014 086 060 7.085e-01
N 015 080 069 1.420e-01
N 016 098 014 6.345e-01
N 017 007 050 2.167e-01
N 018 010 065 8.052e-01
N 019 026 018 2.851e-01
E 000 002 8.287e+01
E 000 003 1.720e+01
E 000 004 8.515e+01
E 000 005 1.022e+02
E 000 006 6.389e+01
E 000 010 3.493e+01
E 000 014 7.666e+01
E 000 016 1.043e+02
E 001 018 7.545e+01
E 001 002 4.118e+01
E 001 003 6.122e+01
E 001 013 1.345e+01
E 001 007 2.000e+01
E 002 003 6.803e+01
E 002 004 3.102e+01
E 002 005 4.045e+01
E 002 006 7.981e+01
E 002 008 6.562e+01
E 002 013 4.610e+01
E 002 019 7.718e+01
E 003 009 3.202e+01
E 003 010 3.256e+01
E 003 012 5.459e+01
E 003 014 6.200e+01
E 003 016 8.713e+01
E 004 005 7.118e+01
E 004 013 7.679e+01
E 004 014 2.983e+01
E 004 016 7.517e+01
E 005 009 5.869e+01
E 006 017 4.653e+01
E 006 013 5.315e+01
E 006 014 7.649e+01
E 007 008 3.479e+01
E 007 018 5.682e+01
E 007 011 6.708e+01
E 008 009 3.068e+01
E 008 015 5.665e+01
E 008 016 7.916e+01
E 008 017 2.002e+01
E 008 018 2.335e+01
E 009 010 5.869e+01
E 009 015 2.600e+01
E 009 018 4.639e+01
E 010 018 3.008e+01
E 010 017 1.487e+01
E 011 017 4.258e+01
E 011 018 5.787e+01
E 011 013 8.215e+01
E 011 014 1.005e+02
E 012 014 1.131e+01
E 012 015 2.236e+00
E 012 016 5.758e+01
E 012 018 6.807e+01
E 012 019 7.214e+01
E 013 014 4.717e+01
E 013 018 8.881e+01
E 014 015 1.082e+01
E 016 018 1.017e+02
E 017 018 1.530e+01
