N 000 065 014 4.932e-01
N 001 008 035 4.437e-01
N 002 066 087 1.344e-01
N 003 047 065 8.898e-01
N 004 074 088 5.476e-01
N 005 005 015 1.192e-01
N 006 036 082 7.854e-01
N 007 095 046 3.613e-01
N 008 069 005 4.766e-01
N 009 009 004 7.231e-01
N 010 015 012 2.714e-01
N 011 077 026 2.934e-01
N 012 050 050 2.002e-01
N 013 040 031 8.488e-02
N 014 085 002 6.675e-02
N 015 074 091 8.350e-01
N 016 040 000 7.028e-01
N 017 048 047 8.977e-01
N 018 070 098 8.103e-01
N 019 098 039 5.636e-01
E 000 002 7.301e+01
E 000 003 5.408e+01
E 000 007 4.386e+01
E 000 009 5.689e+01
E 000 010 5.004e+01
E 000 015 7.752e+01
E 000 016 2.865e+01
E 000 018 8.415e+01
E 001 009 3.102e+01
E 001 003 4.920e+01
E 001 013 3.225e+01
E 001 015 8.656e+01
E 002 016 9.080e+01
E 002 010 9.070e+01
E 002 011 6.198e+01
E 002 015 8.944e+00
E 003 007 5.162e+01
E 003 010 6.191e+01
E 003 011 4.920e+01
E 003 013 3.471e+01
E 003 016 6.538e+01
E 004 005 1.004e+02
E 004 006 3.847e+01
E 004 009 1.062e+02
E 004 011 6.207e+01
E 004 012 4.494e+01
E 004 014 8.670e+01
E 005 008 6.478e+01
E 005 015 1.026e+02
E 005 016 3.808e+01
E 005 017 5.360e+01
E 005 019 9.605e+01
E 006 009 8.254e+01
E 006 011 6.940e+01
E 006 013 5.116e+01
E 007 009 9.571e+01
E 007 018 5.770e+01
E 007 012 4.518e+01
E 008 010 5.445e+01
E 008 011 2.247e+01
E 008 015 8.615e+01
E 009 011 7.147e+01
E 009 015 1.086e+02
E 009 017 5.805e+01
E 010 012 5.166e+01
E 010 014 7.071e+01
E 010 016 2.773e+01
E 011 012 3.612e+01
E 012 016 5.099e+01
E 012 018 5.200e+01
E 013 014 5.354e+01
E 013 015 6.896e+01
E 013 018 7.341e+01
E 014 015 8.968e+01
E 014 017 5.826e+01
E 014 018 9.716e+01
E 014 019 3.922e+01
E 016 018 1.025e+02
E 017 019 5.064e+01
E 018 019 6.531e+01
