N 000 036 058 8.244e-02
N 001 082 036 4.965e-01
N 002 090 072 3.783e-01
N 003 038 087 8.113e-01
N 004 079 052 1.128e-01
N 005 083 023 7.121e-01
N 006 082 062 5.163e-01
N 007 092 017 5.876e-01
N 008 008 066 5.596e-01
N 009 035 060 6.880e-01
N 010 085 045 5.230e-01
N 011 003 015 5.200e-01
N 012 011 042 4.310e-01
N 013 067 095 3.099e-01
N 014 016 034 4.908e-01
N 015 076 026 4.262e-01
N 016 058 005 1.629e-02
N 017 068 085 8.866e-03
N 018 022 003 9.697e-01
N 019 043 035 8.344e-01
E 000 009 2.236e+00
E 000 002 5.579e+01
E 000 019 2.404e+01
E 000 005 5.860e+01
E 000 017 4.187e+01
E 001 008 7.985e+01
E 001 009 5.277e+01
E 001 010 9.487e+00
E 001 015 1.166e+01
E 001 007 2.147e+01
E 002 009 5.629e+01
E 003 016 8.440e+01
E 003 011 8.006e+01
E 003 014 5.738e+01
E 004 016 5.148e+01
E 004 012 6.873e+01
E 004 005 2.927e+01
E 005 008 8.645e+01
E 005 015 7.616e+00
E 005 016 3.081e+01
E 005 017 6.379e+01
E 005 018 6.420e+01
E 006 008 7.411e+01
E 006 013 3.625e+01
E 007 009 7.140e+01
E 007 010 2.886e+01
E 007 011 8.902e+01
E 007 014 7.788e+01
E 007 017 7.211e+01
E 007 019 5.220e+01
E 008 010 7.981e+01
E 008 017 6.294e+01
E 008 018 6.454e+01
E 009 014 3.220e+01
E 009 015 5.326e+01
E 009 016 5.962e+01
E 009 018 5.846e+01
E 009 019 2.625e+01
E 010 011 8.732e+01
E 010 012 7.406e+01
E 010 015 2.102e+01
E 010 017 4.346e+01
E 010 019 4.317e+01
E 011 019 4.472e+01
E 012 013 7.710e+01
E 012 014 9.434e+00
E 012 016 5.982e+01
E 012 017 7.140e+01
E 012 019 3.276e+01
E 013 016 9.045e+01
E 013 017 1.005e+01
E 014 016 5.104e+01
E 014 017 7.284e+01
E 014 019 2.702e+01
E 015 016 2.766e+01
E 015 017 5.954e+01
E 015 018 5.869e+01
E 015 019 3.421e+01
E 016 018 3.606e+01
E 017 019 5.590e+01
