N 000 031 042 5.129e-02
N 001 019 055 1.003e-01
N 002 028 021 5.574e-01
N 003 095 033 4.791e-01
N 004 019 060 4.774e-01
N 005 078 069 5.323e-01
N 006 044 017 3.643e-01
N 007 066 008 9.617e-01
N 008 002 020 4.995e-01
N 009 068 024 4.001e-01
N 010 080 038 4.528e-01
N 011 038 041 3.702e-01
N 012 073 037 1.195e-01
N 013 090 026 2.694e-02
N 014 032 056 7.952e-01
N 015 064 083 8.578e-01
N 016 088 051 7.008e-01
N 017 022 070 5.102e-01
N 018 064 007 8.426e-01
N 019 060 019 9.688e-01
E 000 009 4.115e+01
E 000 010 4.916e+01
E 000 011 7.071e+00
E 000 012 4.230e+01
E 000 014 1.404e+01
E 000 015 5.263e+01
E 001 004 5.000e+00
E 001 007 6.647e+01
E 001 009 5.798e+01
E 001 010 6.332e+01
E 001 011 2.360e+01
E 001 017 1.530e+01
E 001 018 6.580e+01
E 002 004 4.002e+01
E 002 005 6.931e+01
E 002 007 4.016e+01
E 002 009 4.011e+01
E 002 010 5.471e+01
E 002 011 2.236e+01
E 002 013 6.220e+01
E 002 019 3.206e+01
E 003 008 9.390e+01
E 003 016 1.931e+01
E 003 010 1.581e+01
E 004 018 6.953e+01
E 004 007 7.009e+01
E 005 019 5.314e+01
E 005 017 5.601e+01
E 005 011 4.883e+01
E 005 013 4.464e+01
E 006 016 5.561e+01
E 006 017 5.738e+01
E 006 011 2.474e+01
E 006 012 3.523e+01
E 007 008 6.512e+01
E 007 009 1.612e+01
E 007 010 3.311e+01
E 007 018 2.236e+00
E 007 019 1.253e+01
E 008 011 4.168e+01
E 008 015 8.839e+01
E 008 016 9.142e+01
E 008 018 6.335e+01
E 009 010 1.844e+01
E 009 012 1.393e+01
E 009 015 5.914e+01
E 009 017 6.505e+01
E 010 012 7.071e+00
E 010 017 6.624e+01
E 011 012 3.523e+01
E 012 014 4.519e+01
E 012 016 2.052e+01
E 013 019 3.081e+01
E 014 019 4.640e+01
E 015 019 6.412e+01
E 015 017 4.397e+01
E 016 017 6.868e+01
E 016 019 4.252e+01
E 017 019 6.360e+01
E 018 019 1.265e+01
