N 000 048 049 2.902e-01
N 001 008 031 9.033e-01
N 002 072 036 6.161e-01
N 003 097 074 4.479e-01
N 004 010 017 7.803e-01
N 005 043 005 1.028e-01
N 006 058 035 1.548e-01
N 007 057 088 5.283e-01
N 008 071 081 4.699e-01
N 009 024 024 7.825e-01
N 010 061 014 1.132e-01
N 011 064 031 5.012e-02
N 012 077 073 5.520e-01
N 013 064 008 3.117e-01
N 014 078 042 1.019e-01
N 015 070 046 2.625e-01
N 016 066 066 4.669e-01
N 017 024 098 5.166e-01
N 018 023 029 7.419e-01
N 019 035 007 6.652e-01
E 000 016 2.476e+01
E 000 005 4.428e+01
E 000 014 3.081e+01
E 000 015 2.220e+01
E 001 002 6.420e+01
E 001 003 9.884e+01
E 001 006 5.016e+01
E 001 008 8.043e+01
E 001 009 1.746e+01
E 001 010 5.566e+01
E 001 011 5.600e+01
E 001 012 8.078e+01
E 001 013 6.054e+01
E 001 014 7.086e+01
E 001 015 6.379e+01
E 002 003 4.549e+01
E 002 004 6.485e+01
E 002 005 4.245e+01
E 002 006 1.404e+01
E 002 007 5.412e+01
E 002 012 3.734e+01
E 002 013 2.912e+01
E 002 017 7.841e+01
E 003 004 1.040e+02
E 003 011 5.420e+01
E 003 017 7.684e+01
E 003 019 9.129e+01
E 004 005 3.511e+01
E 004 006 5.126e+01
E 004 007 8.515e+01
E 004 009 1.565e+01
E 004 014 7.245e+01
E 004 015 6.664e+01
E 004 018 1.769e+01
E 004 019 2.693e+01
E 005 006 3.354e+01
E 005 011 3.342e+01
E 005 012 7.603e+01
E 005 014 5.093e+01
E 005 015 4.909e+01
E 006 011 7.211e+00
E 007 008 1.565e+01
E 007 009 7.201e+01
E 007 018 6.810e+01
E 008 017 4.998e+01
E 009 011 4.061e+01
E 009 017 7.400e+01
E 010 016 5.224e+01
E 010 012 6.113e+01
E 010 014 3.276e+01
E 011 014 1.780e+01
E 011 016 3.506e+01
E 011 019 3.764e+01
E 012 013 6.629e+01
E 012 015 2.789e+01
E 013 014 3.677e+01
E 013 015 3.847e+01
E 013 019 2.902e+01
E 014 017 7.779e+01
E 017 019 9.166e+01
