N 000 008 098 5.696e-01
N 001 084 059 6.482e-01
N 002 077 020 8.629e-03
N 003 010 074 9.451e-01
N 004 018 042 7.964e-01
N 005 046 067 8.688e-01
N 006 057 034 7.513e-01
N 007 032 021 3.216e-01
N 008 028 087 5.294e-01
N 009 024 042 7.003e-01
N 010 003 063 2.496e-01
N 011 022 018 2.385e-01
N 012 045 095 9.738e-01
N 013 051 073 7.999e-01
N 014 077 079 7.496e-01
N 015 018 041 8.688e-01
N 016 089 054 2.696e-01
N 017 082 066 1.366e-01
N 018 027 023 1.578e-01
N 019 036 094 6.976e-01
E 000 008 2.283e+01
E 000 010 3.536e+01
E 000 011 8.122e+01
E 000 015 5.787e+01
E 000 018 7.737e+01
E 000 019 2.828e+01
E 001 003 7.550e+01
E 001 006 3.680e+01
E 001 007 6.440e+01
E 001 010 8.110e+01
E 001 015 6.841e+01
E 001 018 6.742e+01
E 001 019 5.941e+01
E 002 019 8.460e+01
E 002 017 4.627e+01
E 002 003 8.605e+01
E 002 013 5.903e+01
E 002 015 6.263e+01
E 003 016 8.149e+01
E 003 019 3.280e+01
E 003 017 7.244e+01
E 004 016 7.201e+01
E 004 018 2.102e+01
E 004 012 5.948e+01
E 004 005 3.754e+01
E 005 016 4.492e+01
E 005 012 2.802e+01
E 005 006 3.479e+01
E 005 007 4.808e+01
E 006 018 3.195e+01
E 006 009 3.396e+01
E 007 008 6.612e+01
E 007 011 1.044e+01
E 007 015 2.441e+01
E 007 017 6.727e+01
E 007 018 5.385e+00
E 008 019 1.063e+01
E 008 015 4.707e+01
E 008 013 2.693e+01
E 009 011 2.408e+01
E 009 014 6.464e+01
E 009 015 6.083e+00
E 009 016 6.610e+01
E 009 018 1.924e+01
E 009 019 5.337e+01
E 010 011 4.885e+01
E 010 012 5.280e+01
E 010 016 8.647e+01
E 010 018 4.665e+01
E 010 019 4.528e+01
E 011 013 6.218e+01
E 011 017 7.684e+01
E 011 018 7.071e+00
E 012 013 2.280e+01
E 013 019 2.581e+01
E 014 018 7.507e+01
E 014 019 4.366e+01
E 015 016 7.218e+01
E 017 018 6.981e+01
E 017 019 5.385e+01
