N 000 028 086 7.334e-01
N 001 021 046 2.539e-01
N 002 065 086 2.436e-01
N 003 084 057 6.322e-01
N 004 003 085 5.359e-01
N 005 098 066 9.258e-01
N 006 081 008 5.211e-01
N 007 051 062 3.450e-01
N 008 023 031 6.057e-01
N 009 083 056 9.738e-01
N 010 053 060 6.564e-01
N 011 016 039 2.322e-01
N 012 075 018 1.217e-01
N 013 064 095 6.863e-02
N 014 042 075 8.534e-01
N 015 068 082 4.377e-01
N 016 068 056 4.412e-01
N 017 013 055 9.089e-01
N 018 026 078 3.208e-01
N 019 069 074 4.116e-01
E 000 001 4.061e+01
E 000 002 3.700e+01
E 000 014 1.780e+01
E 000 015 4.020e+01
E 000 016 5.000e+01
E 000 019 4.272e+01
E 001 004 4.295e+01
E 001 006 7.102e+01
E 001 008 1.513e+01
E 001 014 3.581e+01
E 001 015 5.920e+01
E 001 016 4.805e+01
E 001 017 1.204e+01
E 001 019 5.557e+01
E 002 010 2.864e+01
E 002 003 3.467e+01
E 002 012 6.873e+01
E 002 006 7.962e+01
E 003 016 1.603e+01
E 003 011 7.034e+01
E 003 013 4.294e+01
E 003 006 4.909e+01
E 004 016 7.118e+01
E 004 018 2.404e+01
E 004 013 6.181e+01
E 004 017 3.162e+01
E 005 017 8.571e+01
E 005 018 7.299e+01
E 005 006 6.044e+01
E 006 008 6.239e+01
E 006 009 4.804e+01
E 006 014 7.752e+01
E 006 015 7.513e+01
E 006 018 8.902e+01
E 007 008 4.177e+01
E 007 009 3.256e+01
E 007 010 2.828e+00
E 007 012 5.012e+01
E 007 013 3.547e+01
E 008 009 6.500e+01
E 008 010 4.173e+01
E 008 013 7.601e+01
E 008 014 4.793e+01
E 008 018 4.710e+01
E 008 019 6.297e+01
E 009 010 3.027e+01
E 010 013 3.669e+01
E 010 014 1.860e+01
E 010 016 1.552e+01
E 011 016 5.471e+01
E 011 017 1.628e+01
E 011 014 4.441e+01
E 012 013 7.778e+01
E 012 014 6.586e+01
E 013 015 1.360e+01
E 013 018 4.163e+01
E 015 016 2.600e+01
E 015 017 6.127e+01
E 015 019 8.062e+00
E 016 019 1.803e+01
