N 000 068 021 3.611e-01
N 001 044 088 2.741e-01
N 002 033 084 3.494e-01
N 003 045 093 8.911e-01
N 004 049 006 5.384e-01
N 005 090 046 6.426e-01
N 006 018 068 1.265e-02
N 007 011 056 2.768e-01
N 008 005 074 7.408e-01
N 009 050 080 5.416e-01
N 010 082 051 2.761e-01
N 011 054 010 3.897e-01
N 012 062 004 2.690e-01
N 013 023 024 2.343e-01
N 014 093 012 6.833e-01
N 015 009 062 9.996e-01
N 016 038 063 1.439e-01
N 017 091 068 9.145e-01
N 018 006 039 4.600e-01
N 019 059 021 8.979e-01
E 000 003 7.558e+01
E 000 007 6.689e+01
E 000 011 1.780e+01
E 000 015 7.185e+01
E 000 016 5.161e+01
E 000 019 9.000e+00
E 001 017 5.108e+01
E 001 003 5.099e+00
E 001 012 8.591e+01
E 001 005 6.229e+01
E 001 013 6.736e+01
E 002 003 1.500e+01
E 002 010 5.908e+01
E 002 012 8.509e+01
E 002 014 9.372e+01
E 002 017 6.017e+01
E 002 018 5.248e+01
E 003 004 8.709e+01
E 003 005 6.507e+01
E 003 010 5.597e+01
E 003 011 8.349e+01
E 003 012 9.061e+01
E 003 014 9.415e+01
E 004 005 5.728e+01
E 004 006 6.932e+01
E 004 013 3.162e+01
E 004 016 5.805e+01
E 004 018 5.420e+01
E 005 006 7.529e+01
E 005 010 9.434e+00
E 005 016 5.471e+01
E 005 017 2.202e+01
E 006 007 1.389e+01
E 006 008 1.432e+01
E 006 009 3.418e+01
E 006 012 7.767e+01
E 006 013 4.428e+01
E 006 014 9.360e+01
E 006 016 2.062e+01
E 007 017 8.089e+01
E 007 013 3.418e+01
E 008 018 3.501e+01
E 008 012 9.027e+01
E 008 013 5.314e+01
E 008 015 1.265e+01
E 009 010 4.319e+01
E 009 011 7.011e+01
E 009 012 7.694e+01
E 010 012 5.108e+01
E 011 012 1.000e+01
E 011 019 1.208e+01
E 012 013 4.383e+01
E 012 016 6.369e+01
E 012 018 6.604e+01
E 012 019 1.726e+01
E 013 019 3.612e+01
E 014 019 3.517e+01
E 016 019 4.696e+01
E 017 018 8.981e+01
E 017 019 5.686e+01
