N 000 002 071 3.242e-01
N 001 018 047 3.680e-01
N 002 059 069 4.437e-02
N 003 014 033 6.934e-01
N 004 005 084 2.799e-01
N 005 048 026 9.422e-01
N 006 097 034 5.525e-01
N 007 090 038 5.713e-01
N 008 079 018 5.049e-01
N 009 061 065 4.952e-01
N 010 045 068 2.172e-01
N 011 098 041 3.017e-02
N 012 048 043 5.601e-01
N 013 061 017 4.437e-01
N 014 080 076 2.399e-01
N 015 038 070 7.860e-01
N 016 026 018 4.036e-02
N 017 055 051 5.396e-01
N 018 024 000 1.559e-01
N 019 024 044 8.481e-01
E 000 001 2.884e+01
E 000 002 5.704e+01
E 000 003 3.985e+01
E 000 008 9.348e+01
E 000 012 5.385e+01
E 000 017 5.665e+01
E 001 002 4.653e+01
E 001 005 3.662e+01
E 001 009 4.662e+01
E 001 010 3.421e+01
E 001 011 8.022e+01
E 001 012 3.027e+01
E 001 013 5.243e+01
E 001 017 3.722e+01
E 002 008 5.478e+01
E 002 009 4.472e+00
E 002 010 1.404e+01
E 002 011 4.801e+01
E 002 013 5.204e+01
E 002 017 1.844e+01
E 003 017 4.478e+01
E 003 004 5.179e+01
E 003 005 3.471e+01
E 003 015 4.410e+01
E 004 018 8.612e+01
E 004 006 1.047e+02
E 005 006 4.965e+01
E 005 008 3.202e+01
E 005 011 5.220e+01
E 005 012 1.700e+01
E 005 014 5.936e+01
E 005 017 2.596e+01
E 006 009 4.751e+01
E 006 017 4.531e+01
E 007 016 6.705e+01
E 007 017 3.734e+01
E 008 009 5.033e+01
E 008 010 6.046e+01
E 008 017 4.080e+01
E 008 019 6.084e+01
E 009 015 2.354e+01
E 009 017 1.523e+01
E 009 018 7.479e+01
E 010 013 5.345e+01
E 010 014 3.590e+01
E 010 016 5.349e+01
E 010 019 3.189e+01
E 011 013 4.410e+01
E 012 013 2.907e+01
E 012 015 2.879e+01
E 012 016 3.330e+01
E 012 017 1.063e+01
E 013 018 4.072e+01
E 014 016 7.925e+01
E 014 018 9.440e+01
E 014 015 4.243e+01
E 015 018 7.139e+01
E 016 018 1.811e+01
E 017 018 5.968e+01
E 018 019 4.400e+01
