N 000 061 019 2.396e-01
N 001 051 023 9.081e-01
N 002 083 047 6.313e-01
N 003 019 076 7.363e-01
N 004 055 048 6.086e-01
N 005 065 033 7.751e-01
N 006 099 043 2.458e-01
N 007 019 099 3.912e-01
N 008 007 010 8.818e-01
N 009 060 009 2.741e-01
N 010 016 069 1.766e-01
N 011 092 002 7.195e-01
N 012 045 039 9.259e-01
N 013 038 011 8.751e-01
N 014 040 071 7.103e-01
N 015 056 080 1.888e-02
N 016 053 088 2.379e-01
N 017 027 089 6.897e-01
N 018 043 094 9.409e-02
N 019 026 094 3.027e-01
E 000 001 1.077e+01
E 000 002 3.561e+01
E 000 012 2.561e+01
E 000 018 7.713e+01
E 001 011 4.607e+01
E 001 012 1.709e+01
E 001 006 5.200e+01
E 002 003 7.026e+01
E 002 008 8.453e+01
E 002 010 7.052e+01
E 002 011 4.589e+01
E 002 018 6.172e+01
E 003 007 2.300e+01
E 003 008 6.708e+01
E 003 011 1.039e+02
E 003 015 3.722e+01
E 003 019 1.931e+01
E 004 005 1.803e+01
E 004 010 4.429e+01
E 004 015 3.202e+01
E 004 016 4.005e+01
E 004 018 4.754e+01
E 004 019 5.438e+01
E 005 007 8.045e+01
E 005 009 2.452e+01
E 005 012 2.088e+01
E 005 013 3.483e+01
E 005 014 4.549e+01
E 005 015 4.785e+01
E 005 016 5.629e+01
E 005 017 6.768e+01
E 005 019 7.240e+01
E 006 016 6.435e+01
E 007 008 8.981e+01
E 007 011 1.214e+02
E 007 012 6.539e+01
E 007 015 4.159e+01
E 008 012 4.780e+01
E 008 015 8.545e+01
E 008 019 8.612e+01
E 009 015 7.111e+01
E 009 011 3.276e+01
E 009 013 2.209e+01
E 010 016 4.159e+01
E 010 017 2.283e+01
E 010 019 2.693e+01
E 011 013 5.474e+01
E 011 018 1.042e+02
E 012 013 2.886e+01
E 012 016 4.965e+01
E 012 018 5.504e+01
E 012 019 5.819e+01
E 014 016 2.140e+01
E 014 017 2.220e+01
E 014 018 2.319e+01
E 014 019 2.693e+01
E 015 017 3.036e+01
E 015 018 1.910e+01
E 016 018 1.166e+01
E 017 018 1.676e+01
