N 000 066 035 5.034e-01
N 001 053 001 4.004e-01
N 002 013 061 2.058e-01
N 003 080 051 8.659e-01
N 004 035 032 8.706e-02
N 005 074 035 7.999e-01
N 006 007 034 6.171e-01
N 007 016 097 1.923e-01
N 008 012 071 6.012e-01
N 009 089 079 7.228e-02
N 010 002 056 7.927e-01
N 011 069 008 8.277e-01
N 012 079 048 2.788e-01
N 013 036 095 6.098e-01
N 014 012 059 4.443e-01
N 015 001 022 2.586e-02
N 016 073 002 8.068e-02
N 017 086 056 5.793e-01
N 018 039 093 3.219e-01
N 019 061 099 3.025e-01
E 000 016 3.373e+01
E 000 001 3.640e+01
E 000 014 5.909e+01
E 001 002 7.211e+01
E 001 004 3.585e+01
E 001 006 5.661e+01
E 001 007 1.029e+02
E 001 011 1.746e+01
E 001 012 5.371e+01
E 001 013 9.552e+01
E 001 017 6.414e+01
E 001 019 9.833e+01
E 002 005 6.631e+01
E 002 009 7.810e+01
E 002 011 7.710e+01
E 002 013 4.105e+01
E 002 016 8.415e+01
E 002 018 4.123e+01
E 003 004 4.885e+01
E 003 006 7.495e+01
E 003 007 7.882e+01
E 003 009 2.941e+01
E 003 012 3.162e+00
E 003 014 6.847e+01
E 003 015 8.415e+01
E 003 016 4.950e+01
E 003 017 7.810e+00
E 003 019 5.162e+01
E 004 005 3.912e+01
E 004 009 7.159e+01
E 004 014 3.547e+01
E 004 016 4.841e+01
E 004 018 6.113e+01
E 005 016 3.302e+01
E 005 012 1.393e+01
E 005 006 6.701e+01
E 006 010 2.256e+01
E 006 013 6.754e+01
E 006 018 6.712e+01
E 006 019 8.450e+01
E 007 016 1.108e+02
E 007 013 2.010e+01
E 007 015 7.649e+01
E 008 012 7.084e+01
E 008 014 1.200e+01
E 008 015 5.022e+01
E 009 015 1.048e+02
E 009 018 5.192e+01
E 009 019 3.441e+01
E 010 013 5.174e+01
E 011 018 9.014e+01
E 011 013 9.305e+01
E 011 017 5.092e+01
E 012 016 4.639e+01
E 012 017 1.063e+01
E 013 017 6.341e+01
E 014 015 3.860e+01
E 015 017 9.155e+01
E 016 017 5.554e+01
E 017 018 5.982e+01
