N 000 027 096 7.725e-01
N 001 045 094 8.154e-01
N 002 096 078 1.061e-01
N 003 065 019 6.621e-01
N 004 010 046 7.389e-01
N 005 037 060 2.217e-01
N 006 014 079 9.338e-02
N 007 093 007 2.104e-01
N 008 099 053 1.342e-01
N 009 094 021 1.381e-01
N 010 071 028 3.473e-01
N 011 059 060 2.152e-01
N 012 038 026 9.942e-01
N 013 073 093 7.380e-01
N 014 018 094 9.110e-01
N 015 010 029 1.626e-01
N 016 043 001 3.714e-02
N 017 029 039 6.254e-01
N 018 037 075 4.532e-01
N 019 072 036 7.800e-01
E 000 003 8.587e+01
E 000 004 5.281e+01
E 000 005 3.736e+01
E 000 007 1.108e+02
E 000 009 1.006e+02
E 000 014 9.220e+00
E 000 017 5.704e+01
E 000 019 7.500e+01
E 001 002 5.345e+01
E 001 006 3.444e+01
E 001 007 9.936e+01
E 001 010 7.094e+01
E 001 011 3.677e+01
E 001 014 2.700e+01
E 001 015 7.382e+01
E 001 016 9.302e+01
E 001 017 5.728e+01
E 002 003 6.665e+01
E 002 011 4.115e+01
E 002 013 2.746e+01
E 002 014 7.962e+01
E 002 018 5.908e+01
E 003 004 6.127e+01
E 003 007 3.046e+01
E 003 010 1.082e+01
E 003 011 4.144e+01
E 003 013 7.443e+01
E 003 015 5.590e+01
E 003 016 2.843e+01
E 003 017 4.118e+01
E 004 006 3.324e+01
E 004 008 8.927e+01
E 004 009 8.764e+01
E 004 019 6.280e+01
E 005 008 6.239e+01
E 005 017 2.247e+01
E 005 009 6.907e+01
E 007 013 8.829e+01
E 007 017 7.155e+01
E 008 016 7.642e+01
E 008 014 9.079e+01
E 008 015 9.218e+01
E 010 011 3.418e+01
E 010 012 3.306e+01
E 010 015 6.101e+01
E 010 016 3.890e+01
E 010 017 4.342e+01
E 011 012 3.996e+01
E 011 017 3.662e+01
E 011 018 2.663e+01
E 011 019 2.729e+01
E 012 018 4.901e+01
E 013 016 9.677e+01
E 013 019 5.701e+01
E 014 015 6.549e+01
E 014 016 9.630e+01
E 014 018 2.687e+01
E 014 019 7.925e+01
E 016 019 4.545e+01
E 018 019 5.240e+01
