N 000 083 094 1.172e-01
N 001 028 008 5.565e-02
N 002 044 064 8.017e-01
N 003 079 070 8.974e-01
N 004 030 072 8.050e-01
N 005 008 097 7.870e-01
N 006 073 026 5.792e-01
N 007 086 012 7.762e-01
N 008 024 046 6.987e-01
N 009 027 027 8.168e-01
N 010 092 047 1.941e-01
N 011 031 042 5.357e-01
N 012 097 086 8.017e-01
N 013 081 064 7.359e-01
N 014 034 090 5.490e-01
N 015 046 094 5.626e-02
N 016 016 067 9.586e-01
N 017 071 076 6.990e-01
N 018 054 075 5.785e-02
N 019 019 085 4.346e-01
E 000 009 8.732e+01
E 000 010 4.785e+01
E 000 011 7.354e+01
E 000 004 5.738e+01
E 000 013 3.007e+01
E 001 002 5.824e+01
E 001 010 7.495e+01
E 001 004 6.403e+01
E 001 005 9.122e+01
E 001 015 8.786e+01
E 002 004 1.612e+01
E 002 007 6.684e+01
E 002 010 5.092e+01
E 002 012 5.738e+01
E 002 015 3.007e+01
E 002 018 1.487e+01
E 003 005 7.596e+01
E 003 006 4.441e+01
E 003 007 5.842e+01
E 003 011 5.557e+01
E 003 013 6.325e+00
E 003 014 4.924e+01
E 003 017 1.000e+01
E 004 009 4.510e+01
E 004 013 5.162e+01
E 004 017 4.119e+01
E 005 007 1.154e+02
E 005 009 7.253e+01
E 005 011 5.962e+01
E 005 013 8.011e+01
E 005 014 2.693e+01
E 005 016 3.105e+01
E 005 019 1.628e+01
E 006 010 2.832e+01
E 006 012 6.462e+01
E 006 014 7.495e+01
E 006 015 7.316e+01
E 006 016 7.021e+01
E 007 017 6.573e+01
E 007 012 7.481e+01
E 008 011 8.062e+00
E 008 013 5.977e+01
E 008 014 4.512e+01
E 008 016 2.247e+01
E 008 017 5.576e+01
E 008 018 4.173e+01
E 009 011 1.552e+01
E 009 016 4.148e+01
E 009 017 6.586e+01
E 011 017 5.250e+01
E 011 019 4.464e+01
E 012 013 2.720e+01
E 013 014 5.371e+01
E 013 015 4.610e+01
E 013 016 6.507e+01
E 014 016 2.921e+01
E 014 018 2.500e+01
E 014 019 1.581e+01
E 017 018 1.703e+01
E 017 019 5.277e+01
