N 000 064 046 2.112e-01
N 001 088 013 3.271e-03
N 002 087 015 5.940e-01
N 003 067 048 5.669e-01
N 004 000 003 9.150e-01
N 005 096 096 3.485e-01
N 006 086 047 5.212e-01
N 007 078 097 9.631e-01
N 008 035 066 3.609e-01
N 009 074 056 9.064e-01
N 010 057 071 9.992e-02
N 011 054 023 3.403e-01
N 012 088 022 2.580e-01
N 013 000 060 2.478e-01
N 014 005 050 9.650e-02
N 015 069 024 1.143e-01
N 016 027 053 1.043e-02
N 017 008 012 3.121e-01
N 018 014 078 8.004e-01
N 019 035 046 3.628e-01
E 000 008 3.523e+01
E 000 010 2.596e+01
E 000 004 7.710e+01
E 000 018 5.936e+01
E 000 006 2.202e+01
E 001 002 2.236e+00
E 001 008 7.495e+01
E 001 009 4.522e+01
E 001 010 6.576e+01
E 001 012 9.000e+00
E 001 014 9.087e+01
E 001 016 7.295e+01
E 001 019 6.243e+01
E 002 008 7.284e+01
E 002 003 3.859e+01
E 002 012 7.071e+00
E 002 017 7.906e+01
E 003 018 6.090e+01
E 003 005 5.608e+01
E 004 009 9.102e+01
E 004 018 7.630e+01
E 004 011 5.758e+01
E 004 016 5.682e+01
E 005 016 8.130e+01
E 005 006 5.001e+01
E 006 011 4.000e+01
E 006 012 2.508e+01
E 006 015 2.860e+01
E 007 008 5.301e+01
E 007 010 3.342e+01
E 007 012 7.566e+01
E 007 013 8.633e+01
E 007 017 1.101e+02
E 007 019 6.671e+01
E 008 011 4.701e+01
E 008 016 1.526e+01
E 008 017 6.037e+01
E 008 018 2.419e+01
E 008 019 2.000e+01
E 009 010 2.267e+01
E 009 013 7.411e+01
E 009 014 6.926e+01
E 010 013 5.805e+01
E 010 016 3.499e+01
E 011 013 6.546e+01
E 011 017 4.730e+01
E 011 018 6.801e+01
E 011 019 2.983e+01
E 012 013 9.585e+01
E 012 015 1.910e+01
E 012 017 8.062e+01
E 013 014 1.118e+01
E 013 016 2.789e+01
E 014 019 3.027e+01
E 014 015 6.908e+01
E 015 017 6.217e+01
E 016 018 2.818e+01
E 016 019 1.063e+01
E 017 018 6.627e+01
E 017 019 4.342e+01
