N 000 036 074 9.591e-01
N 001 062 024 5.264e-01
N 002 018 047 6.128e-01
N 003 075 043 3.072e-01
N 004 060 088 7.623e-01
N 005 052 095 1.153e-01
N 006 047 072 8.798e-01
N 007 001 098 4.622e-01
N 008 034 095 5.931e-01
N 009 089 058 2.216e-01
N 010 071 082 2.605e-01
N 011 036 088 7.649e-01
N 012 008 022 2.501e-01
N 013 082 028 4.571e-01
N 014 084 015 2.763e-02
N 015 013 010 7.925e-02
N 016 019 053 2.149e-01
N 017 045 088 5.991e-02
N 018 033 084 6.026e-01
N 019 058 029 6.284e-02
E 000 001 5.636e+01
E 000 004 2.778e+01
E 000 013 6.505e+01
E 000 014 7.606e+01
E 000 015 6.801e+01
E 001 003 2.302e+01
E 001 005 7.170e+01
E 001 008 7.632e+01
E 001 010 5.869e+01
E 001 016 5.187e+01
E 001 017 6.622e+01
E 001 018 6.664e+01
E 002 008 5.060e+01
E 002 009 7.185e+01
E 002 003 5.714e+01
E 002 013 6.676e+01
E 002 019 4.386e+01
E 003 004 4.743e+01
E 003 009 2.052e+01
E 003 011 5.955e+01
E 003 013 1.655e+01
E 004 006 2.062e+01
E 004 011 2.400e+01
E 004 016 5.391e+01
E 004 018 2.729e+01
E 004 019 5.903e+01
E 005 019 6.627e+01
E 005 014 8.616e+01
E 006 009 4.427e+01
E 006 012 6.341e+01
E 006 016 3.384e+01
E 006 017 1.612e+01
E 006 018 1.844e+01
E 007 009 9.666e+01
E 007 018 3.493e+01
E 007 013 1.071e+02
E 007 015 8.881e+01
E 008 018 1.105e+01
E 008 013 8.242e+01
E 009 011 6.090e+01
E 009 012 8.864e+01
E 010 019 5.457e+01
E 010 013 5.511e+01
E 010 014 6.825e+01
E 011 012 7.169e+01
E 011 014 8.737e+01
E 011 019 6.297e+01
E 012 015 1.300e+01
E 012 017 7.566e+01
E 012 018 6.685e+01
E 013 014 1.315e+01
E 013 015 7.131e+01
E 013 017 7.049e+01
E 014 015 7.118e+01
E 014 018 8.580e+01
E 014 019 2.953e+01
E 015 016 4.342e+01
E 015 017 8.431e+01
E 017 018 1.265e+01
E 018 019 6.042e+01
