N 000 069 090 1.177e-01
N 001 071 085 1.756e-01
N 002 070 033 9.709e-01
N 003 082 065 6.398e-01
N 004 031 063 7.212e-01
N 005 007 090 3.823e-01
N 006 097 041 6.053e-01
N 007 031 097 7.829e-01
N 008 040 037 1.964e-01
N 009 029 044 7.953e-01
N 010 052 094 1.480e-01
N 011 011 037 6.519e-01
N 012 096 039 6.929e-02
N 013 044 025 9.922e-01
N 014 002 078 4.784e-01
N 015 096 083 5.200e-01
N 016 059 080 9.070e-01
N 017 055 029 7.859e-01
N 018 065 040 8.730e-01
N 019 071 077 5.432e-01
E 000 001 5.385e+00
E 000 011 7.857e+01
E 000 004 4.662e+01
E 001 002 5.201e+01
E 001 003 2.283e+01
E 001 004 4.565e+01
E 001 005 6.420e+01
E 001 006 5.111e+01
E 001 007 4.176e+01
E 001 008 5.714e+01
E 001 011 7.684e+01
E 002 007 7.495e+01
E 002 010 6.360e+01
E 002 011 5.914e+01
E 002 012 2.668e+01
E 002 013 2.720e+01
E 002 014 8.154e+01
E 002 016 4.827e+01
E 002 017 1.552e+01
E 002 019 4.401e+01
E 003 005 7.906e+01
E 003 013 5.517e+01
E 003 015 2.280e+01
E 003 017 4.500e+01
E 003 018 3.023e+01
E 003 019 1.628e+01
E 004 006 6.957e+01
E 004 008 2.751e+01
E 004 010 3.744e+01
E 004 011 3.280e+01
E 004 012 6.929e+01
E 004 015 6.801e+01
E 005 008 6.243e+01
E 006 018 3.202e+01
E 006 015 4.201e+01
E 006 007 8.656e+01
E 007 010 2.121e+01
E 007 011 6.325e+01
E 007 012 8.711e+01
E 007 015 6.649e+01
E 008 010 5.825e+01
E 008 013 1.265e+01
E 008 016 4.701e+01
E 009 016 4.686e+01
E 009 010 5.504e+01
E 009 019 5.341e+01
E 009 015 7.752e+01
E 010 012 7.043e+01
E 010 018 5.554e+01
E 011 013 3.511e+01
E 011 016 6.444e+01
E 011 019 7.211e+01
E 012 013 5.385e+01
E 012 017 4.220e+01
E 013 014 6.762e+01
E 013 016 5.701e+01
E 013 017 1.170e+01
E 015 016 3.712e+01
E 015 017 6.780e+01
E 017 019 5.060e+01
