N 000 071 098 8.204e-01
N 001 040 069 5.569e-01
N 002 051 062 2.477e-01
N 003 090 036 2.848e-02
N 004 028 057 2.494e-01
N 005 066 084 3.302e-01
N 006 004 093 1.863e-01
N 007 073 059 6.293e-01
N 008 006 053 4.642e-01
N 009 075 000 4.910e-01
N 010 055 068 5.172e-01
N 011 027 073 1.455e-01
N 012 037 056 1.455e-01
N 013 081 007 4.708e-01
N 014 038 049 3.845e-01
N 015 025 077 8.677e-01
N 016 012 047 7.505e-02
N 017 004 014 9.319e-01
N 018 070 073 6.785e-01
N 019 060 026 3.186e-01
E 000 002 4.118e+01
E 000 006 6.719e+01
E 000 007 3.905e+01
E 000 012 5.404e+01
E 000 013 9.155e+01
E 000 015 5.057e+01
E 001 002 1.304e+01
E 001 004 1.697e+01
E 001 005 3.002e+01
E 001 009 7.737e+01
E 001 013 7.433e+01
E 001 016 3.561e+01
E 001 017 6.573e+01
E 001 018 3.027e+01
E 002 003 4.687e+01
E 002 005 2.663e+01
E 002 007 2.220e+01
E 002 009 6.648e+01
E 002 011 2.640e+01
E 003 004 6.546e+01
E 003 010 4.742e+01
E 003 011 7.306e+01
E 003 015 7.685e+01
E 003 016 7.877e+01
E 003 017 8.877e+01
E 004 012 9.055e+00
E 004 015 2.022e+01
E 005 019 5.831e+01
E 005 018 1.170e+01
E 005 006 6.265e+01
E 006 015 2.640e+01
E 006 014 5.561e+01
E 006 007 7.692e+01
E 007 008 6.727e+01
E 007 009 5.903e+01
E 007 013 5.261e+01
E 007 015 5.126e+01
E 007 019 3.547e+01
E 008 012 3.114e+01
E 008 013 8.798e+01
E 008 014 3.225e+01
E 008 015 3.061e+01
E 008 016 8.485e+00
E 008 018 6.705e+01
E 008 019 6.037e+01
E 009 011 8.737e+01
E 009 013 9.220e+00
E 009 015 9.181e+01
E 009 018 7.317e+01
E 010 016 4.785e+01
E 011 018 4.300e+01
E 012 014 7.071e+00
E 013 015 8.964e+01
E 013 017 7.732e+01
E 013 019 2.832e+01
E 014 015 3.087e+01
E 014 017 4.880e+01
E 014 018 4.000e+01
E 015 019 6.185e+01
E 016 018 6.356e+01
