N 000 049 038 5.851e-01
N 001 089 019 4.775e-01
N 002 080 034 5.293e-01
N 003 075 090 2.629e-01
N 004 034 004 1.733e-01
N 005 094 040 5.616e-01
N 006 008 043 3.733e-01
N 007 064 097 9.350e-01
N 008 077 065 6.274e-01
N 009 013 024 2.316e-01
N 010 052 086 7.690e-01
N 011 043 098 7.843e-01
N 012 078 035 1.514e-02
N 013 046 057 3.838e-03
N 014 023 013 6.724e-02
N 015 073 030 6.797e-04
N 016 013 039 4.413e-01
N 017 051 091 2.681e-02
N 018 043 097 3.395e-01
N 019 096 066 8.871e-01
E 000 002 3.126e+01
E 000 003 5.814e+01
E 000 007 6.088e+01
E 000 013 1.924e+01
E 000 015 2.530e+01
E 000 019 5.471e+01
E 001 003 7.237e+01
E 001 004 5.701e+01
E 001 007 8.191e+01
E 001 011 9.142e+01
E 001 014 6.627e+01
E 001 015 1.942e+01
E 001 018 9.055e+01
E 002 005 1.523e+01
E 002 008 3.114e+01
E 002 011 7.393e+01
E 002 012 2.236e+00
E 002 014 6.075e+01
E 002 016 6.719e+01
E 002 019 3.578e+01
E 003 004 9.527e+01
E 003 005 5.349e+01
E 003 007 1.304e+01
E 003 011 3.298e+01
E 003 017 2.402e+01
E 004 007 9.772e+01
E 004 009 2.900e+01
E 004 014 1.421e+01
E 004 018 9.343e+01
E 005 008 3.023e+01
E 005 010 6.229e+01
E 005 012 1.676e+01
E 005 014 7.596e+01
E 005 018 7.649e+01
E 006 017 6.444e+01
E 006 011 6.519e+01
E 006 007 7.779e+01
E 007 010 1.628e+01
E 007 011 2.102e+01
E 007 012 6.356e+01
E 007 014 9.347e+01
E 007 019 4.455e+01
E 008 016 6.908e+01
E 008 015 3.523e+01
E 009 016 1.500e+01
E 009 015 6.030e+01
E 010 012 5.725e+01
E 010 014 7.855e+01
E 010 016 6.107e+01
E 010 018 1.421e+01
E 011 012 7.207e+01
E 011 016 6.619e+01
E 012 019 3.585e+01
E 013 016 3.759e+01
E 013 017 3.437e+01
E 014 016 2.786e+01
E 015 016 6.067e+01
E 015 018 7.341e+01
E 016 017 6.440e+01
E 017 018 1.000e+01
