N 000 099 098 1.201e-01
N 001 079 068 3.508e-01
N 002 033 055 1.678e-01
N 003 022 031 1.985e-01
N 004 010 088 6.336e-01
N 005 079 082 1.063e-01
N 006 030 064 9.622e-01
N 007 073 079 4.004e-01
N 008 018 085 5.694e-01
N 009 059 065 9.821e-01
N 010 051 007 1.236e-01
N 011 027 020 2.583e-01
N 012 049 049 1.540e-02
N 013 018 054 2.607e-01
N 014 073 005 4.742e-01
N 015 058 084 2.580e-01
N 016 038 024 7.935e-01
N 017 071 091 3.049e-01
N 018 027 042 8.308e-01
N 019 025 075 6.575e-01
E 000 008 8.204e+01
E 000 004 8.956e+01
E 000 014 9.657e+01
E 000 006 7.692e+01
E 000 007 3.220e+01
E 001 002 4.780e+01
E 001 012 3.551e+01
E 001 006 4.916e+01
E 001 007 1.253e+01
E 002 004 4.022e+01
E 002 006 9.487e+00
E 002 009 2.786e+01
E 002 011 3.551e+01
E 002 015 3.829e+01
E 003 005 7.649e+01
E 003 006 3.396e+01
E 003 012 3.245e+01
E 003 013 2.335e+01
E 003 018 1.208e+01
E 003 019 4.410e+01
E 004 010 9.079e+01
E 004 007 6.364e+01
E 005 008 6.107e+01
E 005 011 8.092e+01
E 005 014 7.723e+01
E 005 015 2.110e+01
E 005 016 7.103e+01
E 005 018 6.560e+01
E 006 012 2.421e+01
E 006 013 1.562e+01
E 006 016 4.079e+01
E 006 017 4.909e+01
E 006 019 1.208e+01
E 008 009 4.562e+01
E 008 016 6.420e+01
E 008 017 5.334e+01
E 008 018 4.393e+01
E 009 011 5.522e+01
E 009 015 1.903e+01
E 009 017 2.864e+01
E 009 018 3.941e+01
E 009 019 3.544e+01
E 010 019 7.280e+01
E 010 012 4.205e+01
E 010 011 2.729e+01
E 011 013 3.517e+01
E 011 014 4.838e+01
E 011 015 7.111e+01
E 011 016 1.170e+01
E 011 017 8.353e+01
E 011 019 5.504e+01
E 012 016 2.731e+01
E 013 018 1.500e+01
E 013 014 7.366e+01
E 014 019 8.488e+01
E 015 016 6.325e+01
E 015 018 5.220e+01
E 016 017 7.469e+01
E 016 019 5.263e+01
E 017 019 4.870e+01
