N 000 058 083 4.490e-02
N 001 010 052 3.746e-01
N 002 005 044 1.829e-01
N 003 097 021 9.191e-02
N 004 000 028 2.279e-01
N 005 002 013 9.464e-01
N 006 034 083 9.601e-01
N 007 029 058 8.901e-01
N 008 009 018 1.525e-01
N 009 086 071 9.842e-01
N 010 041 066 9.901e-02
N 011 006 060 3.646e-01
N 012 013 030 5.360e-01
N 013 022 070 7.463e-01
N 014 086 075 3.709e-03
N 015 016 053 1.812e-01
N 016 070 084 1.931e-01
N 017 025 089 3.544e-01
N 018 032 062 7.739e-01
N 019 073 077 3.053e-01
E 000 001 5.714e+01
E 000 002 6.580e+01
E 000 005 8.964e+01
E 000 009 3.046e+01
E 001 004 2.600e+01
E 001 005 3.981e+01
E 001 006 3.920e+01
E 001 009 7.834e+01
E 001 010 3.401e+01
E 001 014 7.940e+01
E 001 015 6.083e+00
E 001 019 6.778e+01
E 002 005 3.114e+01
E 002 008 2.631e+01
E 002 011 1.603e+01
E 002 013 3.106e+01
E 002 015 1.421e+01
E 003 009 5.120e+01
E 003 010 7.184e+01
E 003 017 9.904e+01
E 003 018 7.685e+01
E 003 007 7.741e+01
E 004 005 1.513e+01
E 004 006 6.466e+01
E 004 014 9.801e+01
E 004 016 8.964e+01
E 004 017 6.592e+01
E 004 019 8.792e+01
E 005 006 7.697e+01
E 005 008 8.602e+00
E 005 016 9.831e+01
E 005 018 5.745e+01
E 006 008 6.964e+01
E 006 012 5.701e+01
E 006 017 1.082e+01
E 006 018 2.110e+01
E 007 008 4.472e+01
E 007 009 5.846e+01
E 007 013 1.389e+01
E 007 014 5.948e+01
E 007 019 4.793e+01
E 008 012 1.265e+01
E 008 019 8.705e+01
E 009 013 6.401e+01
E 009 016 2.062e+01
E 009 017 6.360e+01
E 009 018 5.474e+01
E 010 013 1.942e+01
E 010 014 4.589e+01
E 010 017 2.802e+01
E 011 013 1.887e+01
E 011 014 8.139e+01
E 011 015 1.221e+01
E 013 018 1.281e+01
E 013 019 5.148e+01
E 014 016 1.836e+01
E 015 016 6.227e+01
E 015 017 3.711e+01
E 017 019 4.948e+01
E 018 019 4.366e+01
