N 000 080 097 2.965e-01
N 001 034 077 7.784e-01
N 002 010 023 7.373e-01
N 003 060 014 6.663e-02
N 004 095 091 7.954e-01
N 005 097 010 1.921e-01
N 006 027 052 9.364e-01
N 007 016 035 8.028e-01
N 008 016 018 2.631e-02
N 009 078 067 7.636e-01
N 010 069 029 8.819e-01
N 011 072 075 7.116e-01
N 012 084 044 6.268e-01
N 013 063 066 9.486e-03
N 014 030 063 7.803e-02
N 015 049 038 4.023e-01
N 016 057 036 5.005e-01
N 017 071 033 6.250e-01
N 018 032 008 2.284e-01
N 019 098 094 7.627e-01
E 000 001 5.016e+01
E 000 003 8.538e+01
E 000 007 8.911e+01
E 000 012 5.315e+01
E 000 014 6.046e+01
E 000 016 6.519e+01
E 001 006 2.596e+01
E 001 009 4.512e+01
E 001 011 3.805e+01
E 001 016 4.701e+01
E 001 017 5.749e+01
E 002 008 7.810e+00
E 002 009 8.099e+01
E 002 018 2.663e+01
E 002 013 6.825e+01
E 003 008 4.418e+01
E 003 018 2.864e+01
E 003 004 8.458e+01
E 003 009 5.597e+01
E 004 005 8.102e+01
E 004 006 7.839e+01
E 004 007 9.683e+01
E 004 011 2.802e+01
E 004 013 4.061e+01
E 004 014 7.077e+01
E 004 015 7.018e+01
E 004 016 6.685e+01
E 004 017 6.277e+01
E 004 018 1.042e+02
E 005 008 8.139e+01
E 005 009 6.008e+01
E 005 014 8.543e+01
E 005 015 5.557e+01
E 005 016 4.771e+01
E 005 019 8.401e+01
E 006 016 3.400e+01
E 006 015 2.608e+01
E 006 007 2.025e+01
E 007 009 6.977e+01
E 007 013 5.630e+01
E 007 014 3.130e+01
E 007 015 3.314e+01
E 007 018 3.138e+01
E 008 010 5.413e+01
E 008 012 7.280e+01
E 008 013 6.718e+01
E 008 014 4.713e+01
E 009 011 1.000e+01
E 009 014 4.817e+01
E 009 016 3.744e+01
E 009 017 3.471e+01
E 010 016 1.389e+01
E 010 019 7.118e+01
E 010 012 2.121e+01
E 010 013 3.748e+01
E 011 015 4.357e+01
E 012 016 2.816e+01
E 013 018 6.576e+01
E 014 017 5.080e+01
E 015 019 7.441e+01
