N 000 077 041 2.209e-01
N 001 071 094 9.290e-01
N 002 020 077 1.239e-01
N 003 021 065 2.865e-01
N 004 020 014 8.560e-02
N 005 050 096 2.516e-01
N 006 049 087 9.889e-01
N 007 080 004 7.948e-01
N 008 085 039 7.612e-01
N 009 077 030 7.968e-01
N 010 039 050 3.411e-01
N 011 070 057 1.142e-01
N 012 050 087 2.637e-01
N 013 078 078 8.995e-01
N 014 035 098 3.442e-01
N 015 080 017 8.385e-01
N 016 049 045 7.257e-01
N 017 066 077 8.054e-01
N 018 036 054 1.144e-01
N 019 018 085 7.398e-01
E 000 001 5.334e+01
E 000 003 6.093e+01
E 000 008 8.246e+00
E 000 010 3.905e+01
E 000 012 5.334e+01
E 000 018 4.301e+01
E 000 019 7.360e+01
E 001 003 5.780e+01
E 001 005 2.110e+01
E 001 007 9.045e+01
E 001 008 5.675e+01
E 001 015 7.752e+01
E 001 019 5.376e+01
E 002 008 7.529e+01
E 002 012 3.162e+01
E 002 004 6.300e+01
E 002 014 2.581e+01
E 002 017 4.600e+01
E 003 004 5.101e+01
E 003 005 4.245e+01
E 003 008 6.908e+01
E 003 010 2.343e+01
E 003 011 4.965e+01
E 003 012 3.640e+01
E 004 006 7.855e+01
E 004 009 5.920e+01
E 004 016 4.245e+01
E 004 019 7.103e+01
E 005 006 9.055e+00
E 005 010 4.730e+01
E 005 011 4.383e+01
E 005 014 1.513e+01
E 005 015 8.450e+01
E 005 018 4.427e+01
E 006 009 6.351e+01
E 006 010 3.833e+01
E 006 013 3.036e+01
E 006 017 1.972e+01
E 006 018 3.547e+01
E 007 008 3.536e+01
E 007 010 6.162e+01
E 007 009 2.617e+01
E 008 013 3.962e+01
E 008 015 2.256e+01
E 009 012 6.307e+01
E 009 018 4.751e+01
E 010 016 1.118e+01
E 011 016 2.419e+01
E 011 019 5.906e+01
E 012 014 1.860e+01
E 012 019 3.206e+01
E 013 014 4.742e+01
E 014 017 3.744e+01
E 014 018 4.401e+01
E 014 019 2.140e+01
E 015 016 4.177e+01
E 016 017 3.624e+01
E 016 019 5.061e+01
E 017 018 3.780e+01
E 018 019 3.585e+01
