N 000 084 067 6.196e-01
N 001 010 085 4.028e-01
N 002 099 013 8.797e-01
N 003 060 019 3.781e-01
N 004 085 006 5.233e-01
N 005 039 076 4.268e-01
N 006 040 037 6.754e-01
N 007 056 020 1.851e-01
N 008 038 051 3.884e-01
N 009 076 072 4.382e-02
N 010 048 036 4.409e-01
N 011 019 036 5.043e-01
N 012 076 030 8.432e-01
N 013 006 055 1.353e-01
N 014 002 027 8.559e-01
N 015 075 047 3.154e-01
N 016 037 046 3.511e-01
N 017 072 018 3.503e-01
N 018 083 069 9.059e-01
N 019 032 026 7.017e-01
E 000 002 5.604e+01
E 000 019 6.622e+01
E 000 012 3.785e+01
E 000 013 7.892e+01
E 001 010 6.201e+01
E 001 012 8.591e+01
E 001 013 3.027e+01
E 001 014 5.855e+01
E 001 015 7.529e+01
E 001 017 9.129e+01
E 002 011 8.324e+01
E 002 014 9.801e+01
E 002 006 6.369e+01
E 003 006 2.691e+01
E 003 007 4.123e+00
E 003 008 3.883e+01
E 003 010 2.081e+01
E 003 011 4.438e+01
E 003 013 6.490e+01
E 003 015 3.176e+01
E 003 016 3.547e+01
E 003 018 5.504e+01
E 004 016 6.248e+01
E 004 011 7.250e+01
E 004 013 9.296e+01
E 004 007 3.220e+01
E 005 018 4.455e+01
E 005 011 4.472e+01
E 005 007 5.852e+01
E 006 007 2.335e+01
E 006 010 8.062e+00
E 006 015 3.640e+01
E 006 016 9.487e+00
E 006 018 5.360e+01
E 007 009 5.571e+01
E 007 012 2.236e+01
E 007 015 3.302e+01
E 007 017 1.612e+01
E 008 011 2.421e+01
E 008 017 4.738e+01
E 009 010 4.561e+01
E 009 011 6.742e+01
E 009 014 8.661e+01
E 010 013 4.610e+01
E 010 014 4.687e+01
E 010 019 1.887e+01
E 011 012 5.731e+01
E 011 014 1.924e+01
E 011 018 7.201e+01
E 012 013 7.433e+01
E 012 016 4.215e+01
E 012 019 4.418e+01
E 013 014 2.828e+01
E 013 017 7.566e+01
E 013 019 3.895e+01
E 014 019 3.002e+01
E 015 019 4.785e+01
E 016 017 4.482e+01
E 016 018 5.143e+01
E 016 019 2.062e+01
