N 000 088 089 2.518e-01
N 001 079 085 2.504e-01
N 002 053 010 1.223e-01
N 003 049 046 7.033e-01
N 004 056 021 1.763e-01
N 005 033 091 6.257e-01
N 006 019 066 2.419e-02
N 007 032 056 2.851e-01
N 008 061 041 1.604e-01
N 009 033 095 8.311e-01
N 010 097 093 4.559e-01
N 011 032 002 3.491e-01
N 012 089 095 3.068e-01
N 013 080 007 6.052e-02
N 014 048 052 7.744e-01
N 015 061 023 3.247e-02
N 016 009 018 6.732e-01
N 017 076 092 1.331e-01
N 018 020 090 4.764e-01
N 019 031 035 9.423e-01
E 000 004 7.515e+01
E 000 005 5.504e+01
E 000 006 7.273e+01
E 000 007 6.500e+01
E 000 011 1.035e+02
E 000 017 1.237e+01
E 001 003 4.920e+01
E 001 006 6.294e+01
E 001 008 4.754e+01
E 001 012 1.414e+01
E 001 013 7.801e+01
E 001 014 4.528e+01
E 001 017 7.616e+00
E 001 019 6.931e+01
E 002 008 3.202e+01
E 002 017 8.516e+01
E 002 010 9.394e+01
E 002 004 1.140e+01
E 002 005 8.343e+01
E 003 005 4.776e+01
E 003 006 3.606e+01
E 003 007 1.972e+01
E 003 008 1.300e+01
E 003 012 6.325e+01
E 003 013 4.982e+01
E 003 016 4.883e+01
E 004 006 5.826e+01
E 004 007 4.244e+01
E 004 008 2.062e+01
E 004 009 7.749e+01
E 004 013 2.778e+01
E 004 019 2.865e+01
E 005 010 6.403e+01
E 005 011 8.901e+01
E 005 012 5.614e+01
E 005 013 9.625e+01
E 005 015 7.354e+01
E 006 008 4.888e+01
E 007 008 3.265e+01
E 007 015 4.393e+01
E 008 011 4.860e+01
E 008 014 1.703e+01
E 008 018 6.389e+01
E 009 010 6.403e+01
E 009 019 6.003e+01
E 009 013 9.976e+01
E 009 014 4.554e+01
E 010 012 8.246e+00
E 010 018 7.706e+01
E 010 019 8.786e+01
E 011 014 5.250e+01
E 011 013 4.826e+01
E 012 014 5.941e+01
E 013 015 2.484e+01
E 013 019 5.644e+01
E 014 015 3.178e+01
E 014 016 5.174e+01
E 015 017 7.061e+01
E 016 018 7.284e+01
E 017 019 7.262e+01
