N 000 095 064 9.328e-01
N 001 046 007 9.267e-02
N 002 035 098 3.806e-01
N 003 094 016 9.808e-01
N 004 087 083 6.292e-01
N 005 085 064 5.715e-01
N 006 094 028 3.025e-01
N 007 054 011 2.311e-01
N 008 053 023 3.142e-01
N 009 042 029 1.731e-01
N 010 049 083 5.020e-02
N 011 070 092 7.049e-01
N 012 059 080 5.309e-01
N 013 005 089 4.514e-01
N 014 012 009 9.913e-01
N 015 038 007 7.148e-01
N 016 002 016 1.881e-01
N 017 057 028 5.827e-01
N 018 007 064 3.668e-01
N 019 025 010 6.520e-01
E 000 002 6.896e+01
E 000 003 4.801e+01
E 000 006 3.601e+01
E 000 008 5.869e+01
E 000 012 3.940e+01
E 000 013 9.341e+01
E 000 017 5.235e+01
E 000 018 8.800e+01
E 001 016 4.491e+01
E 001 019 2.121e+01
E 001 012 7.415e+01
E 002 005 6.046e+01
E 002 006 9.155e+01
E 002 008 7.713e+01
E 002 012 3.000e+01
E 002 014 9.192e+01
E 003 004 6.736e+01
E 003 009 5.360e+01
E 003 013 1.151e+02
E 003 016 9.200e+01
E 003 017 3.890e+01
E 004 005 1.910e+01
E 004 006 5.544e+01
E 004 008 6.896e+01
E 004 012 2.816e+01
E 004 017 6.265e+01
E 005 008 5.201e+01
E 005 012 3.053e+01
E 005 013 8.382e+01
E 005 016 9.588e+01
E 005 017 4.561e+01
E 006 008 4.130e+01
E 006 016 9.278e+01
E 006 018 9.415e+01
E 007 008 1.204e+01
E 007 016 5.224e+01
E 007 010 7.217e+01
E 008 009 1.253e+01
E 008 011 7.106e+01
E 008 013 8.161e+01
E 008 015 2.193e+01
E 008 019 3.087e+01
E 009 014 3.606e+01
E 009 015 2.236e+01
E 009 017 1.503e+01
E 009 019 2.550e+01
E 010 019 7.684e+01
E 010 015 7.679e+01
E 010 013 4.441e+01
E 010 014 8.273e+01
E 011 018 6.894e+01
E 011 019 9.354e+01
E 011 013 6.507e+01
E 012 013 5.474e+01
E 012 015 7.596e+01
E 013 017 8.016e+01
E 013 019 8.149e+01
E 015 018 6.488e+01
E 016 018 4.826e+01
E 017 019 3.672e+01
