N 000 007 088 2.805e-01
N 001 010 083 6.415e-01
N 002 004 081 9.739e-01
N 003 086 050 3.971e-01
N 004 045 075 5.904e-01
N 005 011 061 7.886e-01
N 006 003 012 2.066e-01
N 007 091 029 6.814e-01
N 008 060 056 2.208e-01
N 009 021 009 4.348e-01
N 010 007 054 7.338e-01
N 011 013 086 8.911e-01
N 012 020 071 7.755e-02
N 013 068 020 1.339e-01
N 014 000 045 9.513e-01
N 015 070 082 7.333e-01
N 016 063 099 5.294e-02
N 017 030 004 3.946e-01
N 018 045 079 2.902e-01
N 019 056 033 8.845e-01
E 000 004 4.016e+01
E 000 007 1.026e+02
E 000 008 6.191e+01
E 000 011 6.325e+00
E 000 012 2.140e+01
E 000 015 6.329e+01
E 000 016 5.707e+01
E 000 017 8.709e+01
E 001 016 5.536e+01
E 001 009 7.481e+01
E 001 014 3.929e+01
E 002 005 2.119e+01
E 002 006 6.901e+01
E 002 009 7.398e+01
E 002 012 1.887e+01
E 002 013 8.841e+01
E 002 015 6.601e+01
E 002 018 4.105e+01
E 003 008 2.668e+01
E 003 009 7.685e+01
E 003 019 3.448e+01
E 003 004 4.802e+01
E 003 017 7.247e+01
E 004 005 3.677e+01
E 004 009 7.023e+01
E 004 012 2.532e+01
E 004 017 7.257e+01
E 005 006 4.965e+01
E 005 007 8.616e+01
E 005 009 5.295e+01
E 005 010 8.062e+00
E 005 012 1.345e+01
E 005 016 6.440e+01
E 005 017 6.008e+01
E 005 018 3.847e+01
E 006 007 8.963e+01
E 006 012 6.140e+01
E 006 017 2.816e+01
E 006 018 7.908e+01
E 007 008 4.111e+01
E 007 010 8.764e+01
E 008 019 2.335e+01
E 009 010 4.713e+01
E 009 011 7.741e+01
E 009 013 4.827e+01
E 009 014 4.168e+01
E 009 017 1.030e+01
E 010 016 7.184e+01
E 010 017 5.504e+01
E 011 014 4.301e+01
E 011 017 8.374e+01
E 012 013 7.004e+01
E 013 016 7.916e+01
E 013 017 4.123e+01
E 014 018 5.640e+01
E 015 016 1.838e+01
E 015 018 2.518e+01
E 015 017 8.766e+01
E 016 017 1.006e+02
E 016 018 2.691e+01
