N 000 003 078 1.049e-01
N 001 002 034 3.798e-01
N 002 006 034 1.412e-01
N 003 046 022 3.765e-01
N 004 099 071 7.804e-01
N 005 039 086 9.307e-01
N 006 069 045 4.199e-02
N 007 032 070 6.775e-01
N 008 058 003 2.085e-01
N 009 097 064 3.534e-01
N 010 072 037 8.849e-01
N 011 030 058 4.137e-04
N 012 042 037 8.509e-01
N 013 076 076 6.000e-01
N 014 043 080 5.835e-01
N 015 080 088 1.017e-01
N 016 002 080 5.532e-01
N 017 055 015 5.188e-01
N 018 074 064 7.121e-01
N 019 068 012 4.855e-01
E 000 001 4.401e+01
E 000 002 4.410e+01
E 000 007 3.008e+01
E 000 010 8.026e+01
E 000 017 8.169e+01
E 000 018 7.237e+01
E 001 002 4.000e+00
E 001 003 4.561e+01
E 001 004 1.038e+02
E 001 006 6.790e+01
E 001 007 4.686e+01
E 001 008 6.401e+01
E 001 010 7.006e+01
E 001 012 4.011e+01
E 001 014 6.162e+01
E 001 015 9.487e+01
E 001 018 7.800e+01
E 002 007 4.441e+01
E 002 009 9.582e+01
E 002 015 9.161e+01
E 002 018 7.432e+01
E 003 018 5.048e+01
E 003 004 7.218e+01
E 003 012 1.552e+01
E 003 015 7.424e+01
E 004 009 7.280e+00
E 004 011 7.021e+01
E 004 012 6.637e+01
E 004 018 2.596e+01
E 005 008 8.515e+01
E 005 016 3.748e+01
E 005 018 4.134e+01
E 005 019 7.948e+01
E 006 008 4.342e+01
E 006 009 3.384e+01
E 006 012 2.816e+01
E 006 014 4.360e+01
E 006 015 4.438e+01
E 007 009 6.528e+01
E 007 018 4.243e+01
E 007 019 6.826e+01
E 008 011 6.172e+01
E 008 012 3.758e+01
E 008 017 1.237e+01
E 008 018 6.306e+01
E 009 016 9.634e+01
E 009 017 6.454e+01
E 009 019 5.954e+01
E 010 012 3.000e+01
E 010 014 5.187e+01
E 010 015 5.162e+01
E 011 012 2.419e+01
E 011 016 3.561e+01
E 012 016 5.873e+01
E 013 017 6.451e+01
E 014 016 4.100e+01
E 014 017 6.610e+01
E 015 016 7.841e+01
E 015 017 7.716e+01
E 015 019 7.694e+01
