N 000 060 012 3.579e-01
N 001 064 076 4.685e-01
N 002 019 028 1.681e-01
N 003 066 087 7.324e-01
N 004 009 097 9.675e-02
N 005 035 015 3.569e-01
N 006 068 054 3.779e-01
N 007 067 023 7.007e-01
N 008 041 045 9.576e-01
N 009 034 018 1.043e-01
N 010 089 055 9.651e-01
N 011 035 081 3.335e-01
N 012 020 072 9.305e-01
N 013 016 057 5.617e-01
N 014 080 098 9.325e-01
N 015 025 047 2.900e-01
N 016 002 015 9.740e-01
N 017 050 051 5.209e-01
N 018 048 094 9.080e-01
N 019 069 071 1.740e-01
E 000 016 5.808e+01
E 000 010 5.187e+01
E 000 015 4.950e+01
E 000 012 7.211e+01
E 000 007 1.304e+01
E 001 002 6.580e+01
E 001 006 2.236e+01
E 001 009 6.530e+01
E 001 010 3.265e+01
E 001 013 5.162e+01
E 001 018 2.408e+01
E 002 004 6.972e+01
E 002 007 4.826e+01
E 002 010 7.503e+01
E 002 012 4.401e+01
E 002 017 3.860e+01
E 002 019 6.595e+01
E 003 009 7.606e+01
E 003 011 3.158e+01
E 003 004 5.787e+01
E 004 010 9.035e+01
E 004 012 2.731e+01
E 004 013 4.061e+01
E 004 015 5.250e+01
E 004 016 8.230e+01
E 004 019 6.539e+01
E 005 006 5.109e+01
E 005 007 3.298e+01
E 005 011 6.600e+01
E 005 012 5.894e+01
E 005 013 4.610e+01
E 005 017 3.900e+01
E 005 018 8.006e+01
E 006 019 1.703e+01
E 006 011 4.264e+01
E 006 015 4.357e+01
E 007 008 3.406e+01
E 007 009 3.338e+01
E 007 015 4.837e+01
E 007 017 3.276e+01
E 008 010 4.903e+01
E 008 011 3.650e+01
E 008 013 2.773e+01
E 008 014 6.580e+01
E 009 010 6.629e+01
E 009 014 9.228e+01
E 009 015 3.036e+01
E 009 018 7.728e+01
E 010 013 7.303e+01
E 010 016 9.575e+01
E 010 017 3.920e+01
E 011 016 7.379e+01
E 013 015 1.345e+01
E 014 016 1.139e+02
E 015 018 5.233e+01
E 015 019 5.012e+01
E 016 017 6.000e+01
E 016 018 9.142e+01
E 017 019 2.759e+01
E 018 019 3.114e+01
