N 000 004 005 8.603e-01
N 001 086 031 9.033e-01
N 002 044 006 8.545e-01
N 003 086 027 7.192e-01
N 004 099 023 1.019e-01
N 005 090 068 2.001e-01
N 006 082 056 4.990e-01
N 007 079 046 1.880e-01
N 008 006 072 9.663e-01
N 009 085 038 5.032e-01
N 010 057 063 2.782e-01
N 011 049 037 2.010e-01
N 012 030 018 6.901e-01
N 013 061 088 4.002e-01
N 014 046 045 1.353e-01
N 015 099 071 8.373e-01
N 016 080 003 1.740e-01
N 017 065 010 6.999e-01
N 018 021 006 8.293e-01
N 019 012 000 8.399e-01
E 000 016 7.603e+01
E 000 001 8.602e+01
E 000 002 4.001e+01
E 000 004 9.669e+01
E 000 007 8.548e+01
E 001 006 2.532e+01
E 001 010 4.319e+01
E 001 011 3.748e+01
E 001 012 5.749e+01
E 001 013 6.224e+01
E 001 015 4.206e+01
E 001 018 6.964e+01
E 001 019 8.023e+01
E 002 016 3.612e+01
E 002 003 4.696e+01
E 002 013 8.374e+01
E 002 015 8.515e+01
E 003 017 2.702e+01
E 003 011 3.833e+01
E 003 013 6.592e+01
E 003 006 2.927e+01
E 004 006 3.712e+01
E 004 008 1.051e+02
E 004 011 5.192e+01
E 004 013 7.529e+01
E 004 014 5.738e+01
E 004 015 4.800e+01
E 004 019 8.999e+01
E 005 007 2.460e+01
E 005 010 3.338e+01
E 005 011 5.140e+01
E 005 012 7.810e+01
E 005 013 3.523e+01
E 005 014 4.965e+01
E 005 015 9.487e+00
E 006 007 1.044e+01
E 006 008 7.767e+01
E 006 013 3.828e+01
E 007 010 2.780e+01
E 007 011 3.132e+01
E 007 013 4.569e+01
E 007 014 3.302e+01
E 007 016 4.301e+01
E 007 019 8.127e+01
E 008 014 4.826e+01
E 008 019 7.225e+01
E 008 013 5.728e+01
E 009 013 5.546e+01
E 010 012 5.248e+01
E 011 014 8.544e+00
E 011 015 6.046e+01
E 012 017 3.590e+01
E 012 013 7.656e+01
E 013 016 8.710e+01
E 013 017 7.810e+01
E 015 018 1.015e+02
E 015 019 1.123e+02
E 016 017 1.655e+01
E 016 019 6.807e+01
E 018 019 1.082e+01
