N 000 043 003 1.554e-01
N 001 008 076 1.675e-01
N 002 022 026 7.314e-01
N 003 014 036 4.105e-01
N 004 046 088 4.242e-01
N 005 079 034 4.131e-01
N 006 093 076 4.496e-01
N 007 087 073 8.356e-01
N 008 022 088 4.205e-01
N 009 029 065 9.852e-01
N 010 037 058 6.474e-01
N 011 023 078 8.003e-01
N 012 085 023 6.691e-01
N 013 074 068 7.696e-01
N 014 055 069 2.837e-01
N 015 086 053 9.831e-02
N 016 099 053 8.923e-01
N 017 085 089 7.635e-01
N 018 096 060 7.094e-01
N 019 027 068 8.031e-01
E 000 004 8.505e+01
E 000 007 8.268e+01
E 000 009 6.356e+01
E 000 011 7.762e+01
E 000 013 7.201e+01
E 000 019 6.694e+01
E 001 009 2.371e+01
E 001 018 8.944e+01
E 001 003 4.045e+01
E 001 017 7.809e+01
E 002 009 3.962e+01
E 002 012 6.307e+01
E 002 013 6.684e+01
E 003 006 8.855e+01
E 003 007 8.184e+01
E 003 008 5.261e+01
E 003 010 3.183e+01
E 003 012 7.218e+01
E 003 015 7.398e+01
E 003 018 8.544e+01
E 004 011 2.508e+01
E 004 012 7.580e+01
E 005 007 3.981e+01
E 005 009 5.883e+01
E 005 010 4.837e+01
E 005 011 7.122e+01
E 005 013 3.437e+01
E 005 014 4.244e+01
E 005 015 2.025e+01
E 005 017 5.533e+01
E 005 018 3.106e+01
E 006 016 2.377e+01
E 006 019 6.648e+01
E 007 010 5.220e+01
E 007 012 5.004e+01
E 007 013 1.393e+01
E 007 014 3.225e+01
E 007 017 1.612e+01
E 008 011 1.005e+01
E 008 016 8.458e+01
E 008 019 2.062e+01
E 009 010 1.063e+01
E 009 014 2.631e+01
E 009 015 5.825e+01
E 010 012 5.941e+01
E 010 014 2.110e+01
E 011 013 5.197e+01
E 011 016 8.001e+01
E 011 018 7.519e+01
E 011 019 1.077e+01
E 012 014 5.492e+01
E 012 015 3.002e+01
E 012 017 6.600e+01
E 012 018 3.860e+01
E 013 015 1.921e+01
E 013 016 2.915e+01
E 013 017 2.371e+01
E 015 018 1.221e+01
E 015 019 6.088e+01
E 016 017 3.863e+01
