N 000 093 038 5.295e-01
N 001 085 079 2.318e-01
N 002 011 060 1.607e-01
N 003 084 093 2.383e-01
N 004 038 069 4.246e-02
N 005 068 022 3.740e-01
N 006 007 020 4.495e-01
N 007 044 031 4.499e-01
N 008 022 095 2.978e-01
N 009 048 054 9.991e-01
N 010 052 000 4.802e-01
N 011 064 047 5.741e-01
N 012 096 027 4.604e-01
N 013 019 063 7.364e-01
N 014 057 002 3.494e-01
N 015 013 040 5.776e-01
N 016 075 068 8.350e-01
N 017 031 016 3.983e-01
N 018 074 039 3.185e-01
N 019 022 010 7.406e-01
E 000 001 4.177e+01
E 000 002 8.490e+01
E 000 005 2.968e+01
E 000 006 8.786e+01
E 000 007 4.950e+01
E 000 014 5.091e+01
E 000 017 6.579e+01
E 000 019 7.632e+01
E 001 008 6.500e+01
E 001 010 8.562e+01
E 001 012 5.315e+01
E 001 017 8.298e+01
E 002 003 8.011e+01
E 002 009 3.748e+01
E 002 015 2.010e+01
E 002 016 6.450e+01
E 002 017 4.833e+01
E 002 019 5.120e+01
E 003 018 5.492e+01
E 003 015 8.860e+01
E 003 010 9.835e+01
E 003 007 7.378e+01
E 004 009 1.803e+01
E 004 011 3.406e+01
E 004 012 7.161e+01
E 004 014 6.964e+01
E 005 006 6.103e+01
E 005 008 8.628e+01
E 005 013 6.389e+01
E 005 014 2.283e+01
E 005 015 5.787e+01
E 005 016 4.653e+01
E 005 019 4.754e+01
E 006 010 4.924e+01
E 006 011 6.307e+01
E 006 012 8.927e+01
E 006 013 4.464e+01
E 006 019 1.803e+01
E 007 008 6.768e+01
E 007 018 3.105e+01
E 008 010 9.962e+01
E 008 014 9.937e+01
E 009 019 5.111e+01
E 009 011 1.746e+01
E 009 018 3.002e+01
E 010 013 7.112e+01
E 010 014 5.385e+00
E 010 018 4.478e+01
E 011 017 4.528e+01
E 012 013 8.500e+01
E 012 016 4.607e+01
E 012 017 6.592e+01
E 012 018 2.506e+01
E 013 018 6.001e+01
E 013 019 5.308e+01
E 014 016 6.841e+01
E 014 017 2.953e+01
E 015 019 3.132e+01
E 015 017 3.000e+01
E 017 018 4.876e+01
