N 000 041 064 9.849e-01
N 001 052 016 9.628e-01
N 002 065 068 6.964e-01
N 003 019 061 6.328e-01
N 004 041 027 8.544e-02
N 005 027 094 2.270e-01
N 006 061 040 4.383e-01
N 007 000 006 5.096e-01
N 008 048 003 1.171e-01
N 009 005 076 4.969e-01
N 010 023 086 5.244e-02
N 011 062 058 8.134e-01
N 012 019 003 5.008e-01
N 013 032 089 5.723e-01
N 014 015 039 7.850e-01
N 015 013 075 3.739e-01
N 016 061 023 3.706e-01
N 017 060 014 4.143e-01
N 018 064 044 6.405e-01
N 019 032 001 2.251e-01
E 000 011 2.184e+01
E 000 019 6.364e+01
E 000 018 3.048e+01
E 000 003 2.220e+01
E 000 007 7.103e+01
E 001 010 7.577e+01
E 001 019 2.500e+01
E 001 015 7.072e+01
E 002 008 6.719e+01
E 002 010 4.569e+01
E 002 004 4.751e+01
E 002 007 8.983e+01
E 003 004 4.050e+01
E 003 005 3.396e+01
E 003 011 4.310e+01
E 003 016 5.664e+01
E 003 017 6.237e+01
E 003 019 6.139e+01
E 004 005 6.845e+01
E 004 008 2.500e+01
E 004 010 6.168e+01
E 004 017 2.302e+01
E 004 018 2.860e+01
E 004 019 2.751e+01
E 005 009 2.843e+01
E 005 012 9.135e+01
E 005 014 5.629e+01
E 005 018 6.220e+01
E 005 019 9.313e+01
E 006 019 4.860e+01
E 006 011 1.803e+01
E 006 013 5.694e+01
E 006 014 4.601e+01
E 007 008 4.809e+01
E 007 011 8.092e+01
E 007 012 1.924e+01
E 007 013 8.896e+01
E 007 015 7.021e+01
E 007 017 6.053e+01
E 007 018 7.443e+01
E 007 019 3.239e+01
E 008 012 2.900e+01
E 008 013 8.748e+01
E 008 015 8.006e+01
E 009 019 7.971e+01
E 009 015 8.062e+00
E 010 013 9.487e+00
E 010 015 1.487e+01
E 010 019 8.548e+01
E 011 013 4.314e+01
E 011 015 5.187e+01
E 011 016 3.501e+01
E 012 017 4.245e+01
E 012 015 7.225e+01
E 013 017 8.006e+01
E 013 019 8.800e+01
E 015 017 7.701e+01
E 015 018 5.968e+01
E 015 019 7.640e+01
E 017 018 3.027e+01
