N 000 052 084 3.296e-01
N 001 068 066 2.172e-01
N 002 035 055 7.544e-01
N 003 006 065 6.340e-01
N 004 033 046 9.435e-02
N 005 014 067 1.916e-02
N 006 041 067 5.506e-01
N 007 085 057 2.793e-01
N 008 080 022 1.248e-01
N 009 060 063 9.490e-01
N 010 035 016 8.935e-01
N 011 045 057 4.812e-01
N 012 012 005 3.571e-01
N 013 097 053 4.904e-01
N 014 003 065 9.381e-01
N 015 039 097 6.213e-01
N 016 068 068 4.681e-01
N 017 020 070 3.479e-01
N 018 040 050 1.079e-01
N 019 015 003 1.569e-01
E 000 003 4.977e+01
E 000 004 4.249e+01
E 000 011 2.789e+01
E 000 012 8.855e+01
E 000 014 5.255e+01
E 000 017 3.493e+01
E 001 003 6.201e+01
E 001 006 2.702e+01
E 001 007 1.924e+01
E 001 013 3.178e+01
E 001 014 6.501e+01
E 001 015 4.245e+01
E 001 016 2.000e+00
E 001 018 3.225e+01
E 002 008 5.580e+01
E 002 010 3.900e+01
E 002 014 3.353e+01
E 002 006 1.342e+01
E 002 015 4.219e+01
E 003 005 8.246e+00
E 003 006 3.506e+01
E 003 010 5.694e+01
E 003 012 6.030e+01
E 003 014 3.000e+00
E 003 016 6.207e+01
E 003 018 3.716e+01
E 004 008 5.277e+01
E 004 007 5.315e+01
E 005 006 2.700e+01
E 005 011 3.257e+01
E 005 012 6.203e+01
E 005 014 1.118e+01
E 005 016 5.401e+01
E 006 009 1.942e+01
E 006 012 6.845e+01
E 006 014 3.805e+01
E 007 016 2.025e+01
E 007 019 8.841e+01
E 008 012 7.009e+01
E 008 014 8.819e+01
E 009 017 4.061e+01
E 009 010 5.324e+01
E 009 012 7.529e+01
E 009 015 3.996e+01
E 010 011 4.220e+01
E 010 012 2.550e+01
E 010 016 6.159e+01
E 010 019 2.385e+01
E 011 019 6.177e+01
E 011 014 4.276e+01
E 012 013 9.762e+01
E 012 014 6.067e+01
E 012 017 6.549e+01
E 012 019 3.606e+00
E 013 018 5.708e+01
E 013 014 9.476e+01
E 014 016 6.507e+01
E 014 018 3.992e+01
E 015 018 4.701e+01
E 017 019 6.719e+01
