N 000 085 058 6.920e-01
N 001 084 094 1.874e-01
N 002 021 056 4.899e-01
N 003 043 010 8.742e-01
N 004 011 017 3.633e-01
N 005 077 067 6.033e-01
N 006 038 049 2.602e-01
N 007 057 007 5.561e-01
N 008 084 020 5.846e-02
N 009 068 029 3.136e-01
N 010 037 090 2.861e-01
N 011 024 013 2.061e-01
N 012 021 031 6.175e-01
N 013 040 015 5.883e-01
N 014 028 005 3.224e-01
N 015 000 094 8.436e-01
N 016 084 023 6.989e-01
N 017 096 084 6.563e-01
N 018 072 054 7.731e-01
N 019 004 018 2.487e-01
E 000 017 2.823e+01
E 000 018 1.360e+01
E 000 019 9.034e+01
E 000 013 6.224e+01
E 000 007 5.818e+01
E 001 010 4.717e+01
E 001 006 6.435e+01
E 001 015 8.400e+01
E 002 004 4.026e+01
E 002 005 5.707e+01
E 002 006 1.838e+01
E 002 007 6.080e+01
E 002 008 7.256e+01
E 002 011 4.310e+01
E 002 015 4.342e+01
E 002 018 5.104e+01
E 003 008 4.220e+01
E 003 018 5.270e+01
E 003 015 9.437e+01
E 003 004 3.276e+01
E 003 007 1.432e+01
E 004 005 8.280e+01
E 004 008 7.306e+01
E 004 010 7.749e+01
E 004 012 1.720e+01
E 004 013 2.907e+01
E 004 017 1.082e+02
E 005 018 1.393e+01
E 005 013 6.382e+01
E 005 015 8.160e+01
E 006 018 3.437e+01
E 006 011 3.863e+01
E 006 013 3.406e+01
E 007 008 2.997e+01
E 007 016 3.138e+01
E 007 019 5.413e+01
E 008 010 8.431e+01
E 008 011 6.041e+01
E 008 018 3.606e+01
E 008 019 8.002e+01
E 009 019 6.494e+01
E 009 011 4.682e+01
E 009 012 4.704e+01
E 009 013 3.130e+01
E 009 014 4.665e+01
E 010 012 6.113e+01
E 010 013 7.506e+01
E 010 015 3.722e+01
E 010 016 8.184e+01
E 011 014 8.944e+00
E 012 013 2.484e+01
E 012 014 2.693e+01
E 013 014 1.562e+01
E 013 015 8.855e+01
E 013 016 4.472e+01
E 013 017 8.887e+01
E 015 017 9.652e+01
E 016 017 6.217e+01
E 017 019 1.132e+02
E 018 019 7.694e+01
