N 000 034 001 1.028e-01
N 001 050 076 1.867e-01
N 002 033 066 9.698e-01
N 003 029 088 2.268e-01
N 004 007 021 5.315e-02
N 005 000 099 8.733e-01
N 006 076 091 9.865e-01
N 007 017 016 3.389e-01
N 008 036 016 9.844e-01
N 009 000 079 7.060e-01
N 010 093 045 8.079e-01
N 011 068 016 7.116e-01
N 012 003 048 8.207e-01
N 013 013 095 5.909e-02
N 014 035 061 1.132e-01
N 015 017 042 8.416e-01
N 016 068 029 2.885e-01
N 017 016 036 5.202e-02
N 018 009 037 3.595e-01
N 019 091 057 9.344e-01
E 000 001 7.669e+01
E 000 002 6.501e+01
E 000 004 3.360e+01
E 000 007 2.267e+01
E 000 011 3.716e+01
E 000 012 5.630e+01
E 000 015 4.438e+01
E 000 016 4.405e+01
E 000 017 3.936e+01
E 000 018 4.383e+01
E 000 019 7.991e+01
E 001 008 6.161e+01
E 001 010 5.301e+01
E 001 013 4.159e+01
E 001 015 4.738e+01
E 001 016 5.033e+01
E 002 004 5.197e+01
E 002 007 5.250e+01
E 002 011 6.103e+01
E 002 015 2.884e+01
E 002 018 3.764e+01
E 003 006 4.710e+01
E 003 007 7.299e+01
E 003 010 7.710e+01
E 003 016 7.072e+01
E 003 018 5.478e+01
E 003 019 6.932e+01
E 004 017 1.749e+01
E 004 005 7.831e+01
E 005 008 9.047e+01
E 005 010 1.075e+02
E 005 011 1.073e+02
E 005 015 5.948e+01
E 005 018 6.265e+01
E 006 009 7.694e+01
E 006 010 4.904e+01
E 006 013 6.313e+01
E 006 014 5.080e+01
E 006 015 7.669e+01
E 006 016 6.251e+01
E 006 018 8.605e+01
E 007 009 6.525e+01
E 007 011 5.100e+01
E 007 012 3.493e+01
E 007 016 5.263e+01
E 007 017 2.002e+01
E 008 010 6.395e+01
E 008 015 3.220e+01
E 010 012 9.005e+01
E 010 013 9.434e+01
E 010 019 1.217e+01
E 011 016 1.300e+01
E 011 019 4.701e+01
E 012 016 6.772e+01
E 012 013 4.805e+01
E 014 015 2.617e+01
E 015 017 6.083e+00
E 015 019 7.550e+01
E 017 019 7.788e+01
E 018 019 8.440e+01
