N 000 035 071 1.083e-01
N 001 033 074 5.953e-01
N 002 091 028 3.322e-01
N 003 065 055 4.776e-01
N 004 031 069 9.580e-01
N 005 082 095 1.963e-01
N 006 059 019 8.137e-02
N 007 001 091 9.730e-01
N 008 091 047 7.334e-01
N 009 039 014 3.317e-01
N 010 053 013 6.021e-01
N 011 042 035 2.780e-01
N 012 026 093 7.805e-01
N 013 077 097 5.590e-01
N 014 087 006 2.519e-01
N 015 039 096 7.246e-01
N 016 016 092 4.167e-01
N 017 003 052 1.781e-02
N 018 060 074 5.047e-02
N 019 000 018 5.401e-02
E 000 018 2.518e+01
E 000 012 2.377e+01
E 000 006 5.727e+01
E 001 016 2.476e+01
E 001 019 6.500e+01
E 001 004 5.385e+00
E 001 013 4.965e+01
E 002 003 3.748e+01
E 002 005 6.760e+01
E 002 008 1.900e+01
E 002 009 5.385e+01
E 002 010 4.085e+01
E 002 013 7.041e+01
E 002 019 9.155e+01
E 003 008 2.720e+01
E 003 009 4.855e+01
E 003 012 5.445e+01
E 003 013 4.368e+01
E 003 014 5.371e+01
E 003 015 4.855e+01
E 004 009 5.558e+01
E 004 011 3.574e+01
E 004 012 2.452e+01
E 004 013 5.385e+01
E 004 017 3.276e+01
E 005 013 5.385e+00
E 005 006 7.940e+01
E 006 007 9.246e+01
E 006 010 8.485e+00
E 006 015 7.956e+01
E 006 017 6.500e+01
E 007 016 1.503e+01
E 007 010 9.374e+01
E 007 011 6.940e+01
E 007 015 3.833e+01
E 008 019 9.551e+01
E 008 015 7.145e+01
E 009 011 2.121e+01
E 009 012 8.006e+01
E 009 015 8.200e+01
E 009 017 5.235e+01
E 009 019 3.920e+01
E 010 019 5.324e+01
E 011 019 4.531e+01
E 011 012 6.017e+01
E 012 013 5.116e+01
E 012 015 1.334e+01
E 012 016 1.005e+01
E 012 019 7.938e+01
E 013 014 9.155e+01
E 013 015 3.801e+01
E 013 016 6.120e+01
E 013 018 2.860e+01
E 013 019 1.103e+02
E 014 016 1.115e+02
E 014 015 1.020e+02
E 015 016 2.335e+01
E 015 018 3.041e+01
E 017 018 6.110e+01
E 018 019 8.207e+01
