N 000 068 002 2.965e-01
N 001 098 053 9.318e-01
N 002 045 068 6.324e-01
N 003 060 016 3.690e-01
N 004 090 094 3.916e-01
N 005 000 076 7.756e-02
N 006 063 032 2.542e-01
N 007 048 075 4.328e-01
N 008 019 037 9.961e-02
N 009 052 093 9.876e-01
N 010 085 026 8.686e-01
N 011 021 049 3.170e-01
N 012 007 002 7.531e-01
N 013 032 057 5.214e-01
N 014 028 093 9.444e-01
N 015 033 040 6.883e-01
N 016 045 068 4.110e-01
N 017 089 089 8.404e-02
N 018 001 055 4.478e-01
N 019 029 072 4.036e-01
E 000 003 1.612e+01
E 000 014 9.940e+01
E 000 007 7.569e+01
E 001 002 5.508e+01
E 001 010 2.997e+01
E 001 012 1.043e+02
E 001 013 6.612e+01
E 001 014 8.062e+01
E 001 018 9.702e+01
E 002 016 0.000e+00
E 002 012 7.616e+01
E 002 013 1.703e+01
E 003 008 4.607e+01
E 003 010 2.693e+01
E 003 013 4.965e+01
E 003 018 7.072e+01
E 003 019 6.401e+01
E 004 019 6.485e+01
E 004 011 8.238e+01
E 004 015 7.852e+01
E 005 008 4.338e+01
E 005 019 2.927e+01
E 005 014 3.276e+01
E 005 006 7.684e+01
E 005 015 4.884e+01
E 006 012 6.353e+01
E 006 007 4.554e+01
E 007 010 6.140e+01
E 007 015 3.808e+01
E 007 018 5.108e+01
E 007 019 1.924e+01
E 008 009 6.500e+01
E 008 010 6.691e+01
E 008 011 1.217e+01
E 008 015 1.432e+01
E 008 017 8.720e+01
E 008 018 2.546e+01
E 008 019 3.640e+01
E 009 017 3.722e+01
E 009 010 7.469e+01
E 009 019 3.114e+01
E 009 013 4.118e+01
E 010 011 6.801e+01
E 010 013 6.140e+01
E 010 015 5.385e+01
E 010 017 6.313e+01
E 011 012 4.904e+01
E 011 013 1.360e+01
E 011 017 7.889e+01
E 011 018 2.088e+01
E 012 014 9.339e+01
E 012 016 7.616e+01
E 012 017 1.196e+02
E 013 015 1.703e+01
E 013 018 3.106e+01
E 013 019 1.530e+01
E 014 018 4.662e+01
E 015 017 7.441e+01
E 015 018 3.534e+01
E 016 018 4.588e+01
