N 000 041 023 3.804e-01
N 001 098 034 3.930e-01
N 002 088 060 6.232e-01
N 003 041 085 2.542e-01
N 004 006 063 7.083e-01
N 005 077 051 1.689e-01
N 006 006 065 2.096e-01
N 007 090 053 5.213e-01
N 008 021 008 7.744e-01
N 009 052 095 6.449e-02
N 010 067 069 5.431e-01
N 011 037 024 9.669e-01
N 012 064 075 4.790e-02
N 013 072 021 7.239e-02
N 014 062 036 1.062e-01
N 015 085 072 7.500e-02
N 016 079 053 3.448e-01
N 017 033 086 2.539e-01
N 018 026 006 9.868e-01
N 019 037 052 5.956e-01
E 000 005 4.561e+01
E 000 007 5.745e+01
E 000 008 2.500e+01
E 000 011 4.123e+00
E 000 012 5.686e+01
E 000 015 6.586e+01
E 001 004 9.646e+01
E 001 006 9.708e+01
E 001 007 2.062e+01
E 001 009 7.640e+01
E 001 011 6.181e+01
E 001 014 3.606e+01
E 001 016 2.687e+01
E 001 017 8.324e+01
E 002 005 1.421e+01
E 002 008 8.481e+01
E 002 009 5.021e+01
E 002 010 2.285e+01
E 002 011 6.243e+01
E 002 016 1.140e+01
E 002 019 5.162e+01
E 003 016 4.968e+01
E 003 017 8.062e+00
E 003 019 3.324e+01
E 003 014 5.331e+01
E 004 006 2.000e+00
E 004 009 5.604e+01
E 004 012 5.923e+01
E 004 014 6.217e+01
E 004 015 7.951e+01
E 004 016 7.368e+01
E 004 018 6.041e+01
E 005 018 6.801e+01
E 005 011 4.826e+01
E 005 013 3.041e+01
E 006 008 5.894e+01
E 006 009 5.492e+01
E 006 010 6.113e+01
E 006 018 6.230e+01
E 007 008 8.238e+01
E 007 011 6.042e+01
E 007 016 1.100e+01
E 007 018 7.940e+01
E 008 009 9.236e+01
E 008 011 2.263e+01
E 008 015 9.051e+01
E 008 018 5.385e+00
E 009 011 7.257e+01
E 009 012 2.332e+01
E 010 017 3.801e+01
E 010 012 6.708e+00
E 010 013 4.826e+01
E 011 015 6.788e+01
E 011 018 2.110e+01
E 012 014 3.905e+01
E 012 015 2.121e+01
E 013 017 7.580e+01
E 015 019 5.200e+01
E 017 019 3.423e+01
E 018 019 4.730e+01
