N 000 061 017 1.526e-02
N 001 082 004 3.628e-01
N 002 095 007 6.146e-01
N 003 006 062 6.269e-01
N 004 051 033 4.654e-01
N 005 074 025 3.310e-01
N 006 058 034 5.124e-01
N 007 083 027 9.264e-01
N 008 061 083 6.022e-01
N 009 053 046 6.252e-01
N 010 040 035 6.713e-01
N 011 012 074 3.031e-01
N 012 031 049 4.283e-01
N 013 023 085 7.632e-01
N 014 055 059 6.415e-01
N 015 027 044 4.798e-01
N 016 004 072 9.623e-01
N 017 093 038 1.337e-01
N 018 055 074 3.348e-01
N 019 003 071 4.885e-01
E 000 001 2.470e+01
E 000 003 7.106e+01
E 000 005 1.526e+01
E 000 006 1.726e+01
E 000 016 7.921e+01
E 000 018 5.731e+01
E 001 016 1.035e+02
E 001 011 9.899e+01
E 001 006 3.842e+01
E 002 004 5.111e+01
E 002 008 8.326e+01
E 002 009 5.731e+01
E 002 010 6.172e+01
E 002 012 7.655e+01
E 002 013 1.062e+02
E 002 016 1.118e+02
E 002 019 1.121e+02
E 003 008 5.887e+01
E 003 018 5.045e+01
E 004 005 2.435e+01
E 004 012 2.561e+01
E 004 014 2.631e+01
E 004 015 2.640e+01
E 004 018 4.119e+01
E 005 009 2.970e+01
E 005 011 7.903e+01
E 005 013 7.875e+01
E 005 014 3.895e+01
E 005 018 5.255e+01
E 006 013 6.185e+01
E 007 016 9.092e+01
E 007 010 4.374e+01
E 007 011 8.515e+01
E 007 013 8.345e+01
E 008 010 5.239e+01
E 008 011 4.982e+01
E 008 012 4.534e+01
E 008 014 2.474e+01
E 008 017 5.522e+01
E 008 018 1.082e+01
E 009 013 4.920e+01
E 009 014 1.315e+01
E 009 017 4.079e+01
E 009 018 2.807e+01
E 010 012 1.664e+01
E 010 013 5.281e+01
E 010 015 1.581e+01
E 010 016 5.162e+01
E 011 013 1.556e+01
E 011 014 4.554e+01
E 011 016 8.246e+00
E 012 014 2.600e+01
E 012 016 3.547e+01
E 013 015 4.119e+01
E 013 017 8.431e+01
E 014 019 5.337e+01
E 015 018 4.104e+01
E 017 018 5.235e+01
E 017 019 9.586e+01
E 018 019 5.209e+01
