N 000 065 052 5.161e-01
N 001 058 032 2.488e-01
N 002 081 043 5.729e-01
N 003 086 046 9.332e-01
N 004 028 086 5.914e-01
N 005 054 052 8.773e-01
N 006 015 092 4.102e-01
N 007 041 046 4.158e-01
N 008 038 021 6.783e-02
N 009 027 075 2.823e-02
N 010 005 010 1.069e-01
N 011 086 039 4.675e-01
N 012 079 033 3.166e-01
N 013 009 077 4.870e-01
N 014 053 052 6.960e-01
N 015 036 093 8.787e-02
N 016 065 075 6.280e-01
N 017 053 081 2.471e-01
N 018 041 013 2.373e-01
N 019 099 085 5.768e-01
E 000 016 2.300e+01
E 000 001 2.119e+01
E 000 011 2.470e+01
E 000 004 5.025e+01
E 000 014 1.200e+01
E 001 010 5.738e+01
E 001 018 2.550e+01
E 001 005 2.040e+01
E 001 014 2.062e+01
E 002 008 4.830e+01
E 002 013 7.962e+01
E 002 014 2.941e+01
E 002 015 6.727e+01
E 002 018 5.000e+01
E 002 019 4.569e+01
E 003 005 3.256e+01
E 003 006 8.460e+01
E 003 007 4.500e+01
E 003 009 6.574e+01
E 003 010 8.864e+01
E 003 017 4.810e+01
E 004 007 4.206e+01
E 004 009 1.105e+01
E 004 011 7.465e+01
E 004 012 7.355e+01
E 004 013 2.102e+01
E 005 011 3.454e+01
E 005 009 3.547e+01
E 006 011 8.860e+01
E 006 010 8.261e+01
E 006 018 8.317e+01
E 007 009 3.220e+01
E 007 013 4.455e+01
E 007 017 3.700e+01
E 007 018 3.300e+01
E 008 011 5.126e+01
E 008 012 4.272e+01
E 008 018 8.544e+00
E 009 012 6.684e+01
E 009 013 1.811e+01
E 009 014 3.471e+01
E 009 015 2.012e+01
E 009 016 3.800e+01
E 010 011 8.603e+01
E 010 012 7.749e+01
E 010 014 6.378e+01
E 010 018 3.612e+01
E 011 013 8.587e+01
E 011 018 5.197e+01
E 012 013 8.268e+01
E 012 017 5.459e+01
E 014 017 2.900e+01
E 014 019 5.661e+01
E 015 016 3.413e+01
E 015 019 6.351e+01
E 015 017 2.081e+01
E 016 018 6.648e+01
E 016 019 3.544e+01
E 017 019 4.617e+01
E 018 019 9.246e+01
