N 000 051 091 8.482e-01
N 001 056 018 2.234e-02
N 002 079 046 1.694e-01
N 003 037 026 3.671e-01
N 004 070 063 1.097e-02
N 005 071 014 7.527e-01
N 006 067 091 4.271e-01
N 007 068 074 5.889e-01
N 008 064 006 9.858e-01
N 009 057 027 5.909e-01
N 010 089 054 8.496e-02
N 011 085 076 6.694e-02
N 012 048 060 2.192e-01
N 013 002 027 7.346e-01
N 014 095 061 4.710e-01
N 015 060 077 3.613e-01
N 016 017 034 2.651e-01
N 017 003 046 9.744e-01
N 018 022 044 4.860e-01
N 019 083 089 7.718e-01
E 000 016 6.637e+01
E 000 017 6.580e+01
E 000 019 3.206e+01
E 000 014 5.325e+01
E 000 006 1.600e+01
E 001 008 1.442e+01
E 001 017 5.994e+01
E 001 018 4.280e+01
E 001 007 5.727e+01
E 002 003 4.652e+01
E 002 006 4.657e+01
E 002 013 7.931e+01
E 002 016 6.315e+01
E 002 017 7.600e+01
E 002 019 4.319e+01
E 003 008 3.360e+01
E 003 013 3.501e+01
E 003 014 6.774e+01
E 003 017 3.945e+01
E 003 018 2.343e+01
E 004 009 3.828e+01
E 004 011 1.985e+01
E 004 006 2.816e+01
E 004 007 1.118e+01
E 005 007 6.007e+01
E 005 008 1.063e+01
E 005 009 1.910e+01
E 005 011 6.356e+01
E 005 012 5.143e+01
E 005 013 7.021e+01
E 005 015 6.395e+01
E 005 017 7.515e+01
E 006 008 8.505e+01
E 006 011 2.343e+01
E 006 014 4.104e+01
E 006 015 1.565e+01
E 006 016 7.582e+01
E 007 008 6.812e+01
E 007 016 6.482e+01
E 007 018 5.492e+01
E 008 018 5.664e+01
E 008 019 8.515e+01
E 009 016 4.061e+01
E 009 010 4.187e+01
E 010 017 8.637e+01
E 010 015 3.701e+01
E 011 012 4.031e+01
E 011 017 8.732e+01
E 011 019 1.315e+01
E 012 015 2.081e+01
E 013 014 9.902e+01
E 013 017 1.903e+01
E 013 018 2.625e+01
E 014 018 7.495e+01
E 015 016 6.081e+01
E 015 017 6.488e+01
E 016 018 1.118e+01
E 016 019 8.591e+01
E 017 018 1.910e+01
E 017 019 9.082e+01
