N 000 005 063 3.836e-02
N 001 053 022 8.264e-01
N 002 091 054 8.647e-01
N 003 005 052 5.509e-01
N 004 021 006 6.160e-01
N 005 098 006 5.180e-01
N 006 013 027 4.637e-02
N 007 055 068 2.892e-01
N 008 020 040 2.176e-01
N 009 082 000 3.041e-01
N 010 032 096 4.591e-01
N 011 012 010 2.261e-01
N 012 066 058 8.865e-01
N 013 025 075 8.100e-01
N 014 053 028 9.477e-01
N 015 022 001 4.723e-01
N 016 046 005 1.833e-01
N 017 085 005 8.888e-01
N 018 027 052 9.222e-01
N 019 090 043 2.716e-01
E 000 007 5.025e+01
E 000 010 4.264e+01
E 000 012 6.120e+01
E 000 013 2.332e+01
E 000 014 5.941e+01
E 000 015 6.429e+01
E 000 017 9.881e+01
E 000 019 8.732e+01
E 001 009 3.640e+01
E 001 005 4.776e+01
E 001 006 4.031e+01
E 002 012 2.532e+01
E 002 018 6.403e+01
E 002 003 8.602e+01
E 002 004 8.488e+01
E 002 017 4.937e+01
E 003 007 5.250e+01
E 003 009 9.291e+01
E 003 012 6.129e+01
E 003 018 2.200e+01
E 003 019 8.548e+01
E 004 005 7.700e+01
E 004 006 2.247e+01
E 004 014 3.883e+01
E 004 015 5.099e+00
E 004 019 7.829e+01
E 005 010 1.116e+02
E 005 006 8.756e+01
E 005 009 1.709e+01
E 006 010 7.157e+01
E 006 007 5.869e+01
E 007 010 3.624e+01
E 007 013 3.081e+01
E 007 016 6.364e+01
E 008 018 1.389e+01
E 009 011 7.071e+01
E 009 012 6.017e+01
E 009 013 9.420e+01
E 009 015 6.001e+01
E 009 018 7.569e+01
E 009 019 4.374e+01
E 010 011 8.829e+01
E 010 013 2.214e+01
E 010 014 7.117e+01
E 010 015 9.552e+01
E 010 017 1.053e+02
E 011 012 7.225e+01
E 011 013 6.629e+01
E 012 014 3.270e+01
E 012 017 5.630e+01
E 012 018 3.946e+01
E 012 019 2.830e+01
E 013 015 7.406e+01
E 013 017 9.220e+01
E 014 015 4.111e+01
E 014 016 2.404e+01
E 014 019 3.992e+01
E 015 018 5.124e+01
E 015 019 7.992e+01
E 016 019 5.814e+01
