N 000 094 010 1.099e-01
N 001 088 075 1.058e-01
N 002 086 083 8.362e-01
N 003 053 023 2.101e-01
N 004 005 036 4.662e-01
N 005 082 045 4.503e-01
N 006 055 060 4.117e-01
N 007 068 015 3.053e-01
N 008 071 029 4.870e-01
N 009 060 072 9.576e-01
N 010 007 076 7.113e-02
N 011 094 010 3.249e-01
N 012 024 067 6.503e-01
N 013 015 014 9.523e-01
N 014 092 003 2.167e-01
N 015 072 049 5.295e-02
N 016 089 088 8.652e-01
N 017 072 042 8.029e-01
N 018 087 014 6.316e-01
N 019 075 098 3.032e-01
E 000 017 3.883e+01
E 000 002 7.344e+01
E 000 003 4.301e+01
E 000 006 6.341e+01
E 001 003 6.268e+01
E 001 004 9.171e+01
E 001 007 6.325e+01
E 001 009 2.816e+01
E 001 011 6.528e+01
E 001 016 1.304e+01
E 001 018 6.101e+01
E 002 008 5.604e+01
E 002 012 6.403e+01
E 002 013 9.901e+01
E 002 014 8.022e+01
E 002 019 1.860e+01
E 003 008 1.897e+01
E 003 015 3.220e+01
E 004 005 7.752e+01
E 004 006 5.546e+01
E 004 012 3.636e+01
E 004 016 9.879e+01
E 004 019 9.351e+01
E 005 007 3.311e+01
E 005 008 1.942e+01
E 005 017 1.044e+01
E 005 018 3.140e+01
E 005 019 5.346e+01
E 006 017 2.476e+01
E 006 013 6.096e+01
E 006 015 2.025e+01
E 007 010 8.627e+01
E 007 011 2.648e+01
E 007 012 6.812e+01
E 007 013 5.301e+01
E 007 014 2.683e+01
E 007 018 1.903e+01
E 008 009 4.438e+01
E 008 010 7.940e+01
E 008 012 6.044e+01
E 008 014 3.342e+01
E 008 015 2.002e+01
E 008 017 1.304e+01
E 008 018 2.193e+01
E 009 011 7.071e+01
E 009 016 3.312e+01
E 009 015 2.594e+01
E 010 015 7.038e+01
E 010 013 6.251e+01
E 010 014 1.120e+02
E 011 019 9.003e+01
E 011 017 3.883e+01
E 012 015 5.126e+01
E 012 016 6.831e+01
E 014 015 5.016e+01
E 014 018 1.208e+01
E 015 017 7.000e+00
E 015 018 3.808e+01
E 016 017 4.904e+01
E 017 018 3.176e+01
