N 000 073 088 9.491e-01
N 001 079 074 2.541e-02
N 002 010 028 4.919e-01
N 003 036 043 1.343e-01
N 004 017 071 8.622e-02
N 005 015 045 9.253e-01
N 006 097 047 5.203e-01
N 007 054 099 9.948e-01
N 008 031 014 1.528e-01
N 009 062 053 2.269e-01
N 010 045 090 7.166e-01
N 011 099 097 2.830e-01
N 012 032 020 1.564e-01
N 013 063 051 3.123e-01
N 014 046 044 2.559e-01
N 015 038 022 4.717e-01
N 016 020 035 9.725e-01
N 017 045 063 7.901e-01
N 018 004 056 9.522e-02
N 019 086 004 1.903e-01
E 000 003 5.826e+01
E 000 008 8.509e+01
E 000 010 2.807e+01
E 000 012 7.940e+01
E 000 015 7.471e+01
E 000 018 7.606e+01
E 001 017 3.574e+01
E 001 010 3.758e+01
E 001 011 3.048e+01
E 001 004 6.207e+01
E 001 014 4.460e+01
E 002 003 3.002e+01
E 002 007 8.353e+01
E 002 008 2.524e+01
E 002 010 7.120e+01
E 002 012 2.341e+01
E 002 015 2.864e+01
E 002 018 2.864e+01
E 003 008 2.943e+01
E 003 011 8.298e+01
E 004 005 2.608e+01
E 004 009 4.847e+01
E 004 010 3.384e+01
E 004 012 5.316e+01
E 004 018 1.985e+01
E 005 008 3.489e+01
E 005 009 4.768e+01
E 005 016 1.118e+01
E 006 008 7.379e+01
E 006 010 6.748e+01
E 006 015 6.408e+01
E 006 007 6.748e+01
E 007 010 1.273e+01
E 007 012 8.201e+01
E 007 013 4.884e+01
E 007 014 5.558e+01
E 008 009 4.982e+01
E 008 012 6.083e+00
E 008 014 3.354e+01
E 008 018 4.993e+01
E 008 019 5.590e+01
E 009 014 1.836e+01
E 009 015 3.920e+01
E 010 011 5.445e+01
E 010 012 7.120e+01
E 011 012 1.021e+02
E 011 013 5.841e+01
E 011 014 7.495e+01
E 011 015 9.667e+01
E 011 017 6.381e+01
E 011 019 9.390e+01
E 012 015 6.325e+00
E 012 018 4.561e+01
E 012 019 5.632e+01
E 013 016 4.588e+01
E 014 016 2.751e+01
E 014 018 4.368e+01
E 014 019 5.657e+01
E 015 017 4.159e+01
E 015 019 5.126e+01
