N 000 077 088 1.946e-01
N 001 003 027 4.959e-01
N 002 000 067 2.228e-02
N 003 085 093 1.103e-02
N 004 031 071 9.571e-01
N 005 047 095 1.752e-01
N 006 094 048 1.540e-01
N 007 054 008 6.955e-01
N 008 055 024 1.030e-01
N 009 097 029 5.055e-01
N 010 043 073 9.574e-01
N 011 040 007 7.664e-01
N 012 057 034 7.303e-01
N 013 005 061 7.768e-01
N 014 059 069 2.368e-02
N 015 091 088 7.316e-01
N 016 076 076 8.901e-01
N 017 071 020 4.827e-01
N 018 005 005 8.176e-01
N 019 005 011 5.211e-01
E 000 003 9.434e+00
E 000 006 4.346e+01
E 000 008 6.768e+01
E 000 012 5.758e+01
E 000 017 6.826e+01
E 000 018 1.099e+02
E 001 002 4.011e+01
E 001 003 1.053e+02
E 001 004 5.215e+01
E 001 007 5.442e+01
E 001 008 5.209e+01
E 001 009 9.402e+01
E 001 011 4.206e+01
E 001 012 5.445e+01
E 001 013 3.406e+01
E 001 015 1.071e+02
E 001 019 1.612e+01
E 002 005 5.471e+01
E 002 006 9.590e+01
E 002 007 7.998e+01
E 002 011 7.211e+01
E 002 015 9.339e+01
E 002 017 8.515e+01
E 003 007 9.048e+01
E 003 009 6.512e+01
E 003 015 7.810e+00
E 003 016 1.924e+01
E 004 008 5.277e+01
E 004 011 6.463e+01
E 004 013 2.786e+01
E 004 016 4.528e+01
E 004 019 6.539e+01
E 005 016 3.467e+01
E 005 009 8.280e+01
E 005 011 8.828e+01
E 005 018 9.932e+01
E 006 019 9.638e+01
E 006 012 3.956e+01
E 006 010 5.680e+01
E 007 008 1.603e+01
E 007 010 6.592e+01
E 007 013 7.218e+01
E 007 015 8.814e+01
E 007 017 2.081e+01
E 008 009 4.230e+01
E 008 012 1.020e+01
E 008 014 4.518e+01
E 009 012 4.031e+01
E 009 015 5.930e+01
E 009 019 9.374e+01
E 010 018 7.790e+01
E 010 012 4.144e+01
E 011 012 3.191e+01
E 011 015 9.572e+01
E 012 018 5.954e+01
E 013 014 5.459e+01
E 013 017 7.770e+01
E 013 018 5.600e+01
E 013 019 5.000e+01
E 014 015 3.722e+01
