N 000 005 072 4.665e-01
N 001 072 054 1.244e-01
N 002 009 015 2.814e-01
N 003 095 083 7.700e-01
N 004 019 090 5.305e-02
N 005 032 051 1.720e-01
N 006 079 095 2.467e-01
N 007 012 098 1.294e-01
N 008 080 083 3.489e-02
N 009 069 058 5.565e-02
N 010 080 058 5.973e-01
N 011 028 091 4.319e-01
N 012 039 037 5.261e-01
N 013 031 082 7.053e-01
N 014 033 042 8.176e-01
N 015 025 093 8.243e-02
N 016 072 000 2.403e-01
N 017 027 082 1.615e-01
N 018 048 096 3.493e-01
N 019 023 055 7.423e-01
E 000 001 6.938e+01
E 000 010 7.630e+01
E 000 003 9.067e+01
E 000 017 2.417e+01
E 001 002 7.409e+01
E 001 003 3.701e+01
E 001 004 6.407e+01
E 001 007 7.440e+01
E 001 010 8.944e+00
E 001 018 4.837e+01
E 002 007 8.305e+01
E 002 009 7.382e+01
E 002 012 3.720e+01
E 002 013 7.052e+01
E 002 017 6.938e+01
E 003 004 7.632e+01
E 003 009 3.607e+01
E 003 011 6.748e+01
E 003 013 6.401e+01
E 004 011 9.055e+00
E 005 006 6.438e+01
E 005 011 4.020e+01
E 005 013 3.102e+01
E 005 014 9.055e+00
E 005 016 6.482e+01
E 005 017 3.140e+01
E 006 008 1.204e+01
E 006 009 3.833e+01
E 006 010 3.701e+01
E 006 013 4.973e+01
E 006 017 5.360e+01
E 006 019 6.882e+01
E 007 009 6.963e+01
E 007 011 1.746e+01
E 007 013 2.484e+01
E 007 019 4.438e+01
E 008 017 5.301e+01
E 008 018 3.454e+01
E 008 011 5.261e+01
E 008 014 6.237e+01
E 010 011 6.159e+01
E 010 012 4.607e+01
E 010 016 5.855e+01
E 010 019 5.708e+01
E 011 012 5.511e+01
E 011 013 9.487e+00
E 011 015 3.606e+00
E 011 019 3.635e+01
E 012 013 4.571e+01
E 012 014 7.810e+00
E 012 015 5.772e+01
E 012 018 5.968e+01
E 013 015 1.253e+01
E 013 019 2.816e+01
E 014 018 5.604e+01
E 014 015 5.162e+01
E 015 016 1.042e+02
E 015 017 1.118e+01
E 016 017 9.354e+01
E 016 019 7.366e+01
