N 000 055 017 8.397e-01
N 001 049 034 7.790e-01
N 002 084 085 6.060e-01
N 003 060 044 5.663e-01
N 004 020 086 9.388e-01
N 005 065 019 6.737e-01
N 006 023 070 4.479e-02
N 007 048 057 9.186e-01
N 008 089 028 5.602e-01
N 009 047 014 6.507e-01
N 010 038 098 4.521e-01
N 011 004 045 5.879e-02
N 012 038 072 9.977e-01
N 013 044 021 3.892e-01
N 014 028 056 9.672e-01
N 015 010 096 2.364e-01
N 016 013 025 2.510e-01
N 017 064 080 5.131e-01
N 018 013 065 6.296e-01
N 019 000 020 2.365e-01
E 000 002 7.393e+01
E 000 003 2.746e+01
E 000 007 4.061e+01
E 000 010 8.276e+01
E 000 011 5.818e+01
E 000 013 1.170e+01
E 000 017 6.364e+01
E 000 018 6.378e+01
E 001 004 5.954e+01
E 001 005 2.193e+01
E 002 004 6.401e+01
E 002 006 6.282e+01
E 002 008 5.722e+01
E 002 010 4.780e+01
E 002 014 6.306e+01
E 002 017 2.062e+01
E 002 019 1.062e+02
E 003 009 3.270e+01
E 003 018 5.148e+01
E 003 019 6.462e+01
E 003 012 3.561e+01
E 004 005 8.071e+01
E 004 011 4.401e+01
E 004 013 6.929e+01
E 004 015 1.414e+01
E 005 018 6.943e+01
E 005 014 5.233e+01
E 005 012 5.948e+01
E 006 008 7.823e+01
E 006 009 6.093e+01
E 006 013 5.331e+01
E 006 018 1.118e+01
E 006 019 5.504e+01
E 007 017 2.802e+01
E 007 011 4.561e+01
E 007 014 2.002e+01
E 008 010 8.661e+01
E 008 011 8.668e+01
E 008 012 6.736e+01
E 008 013 4.554e+01
E 008 015 1.042e+02
E 008 016 7.606e+01
E 008 018 8.453e+01
E 009 014 4.610e+01
E 009 013 7.616e+00
E 010 016 7.716e+01
E 011 012 4.342e+01
E 011 015 5.135e+01
E 011 018 2.193e+01
E 011 019 2.532e+01
E 012 015 3.688e+01
E 012 016 5.324e+01
E 013 014 3.848e+01
E 013 015 8.235e+01
E 013 017 6.230e+01
E 014 017 4.327e+01
E 014 018 1.749e+01
E 016 018 4.000e+01
E 017 018 5.316e+01
E 018 019 4.684e+01
