N 000 054 048 9.629e-01
N 001 010 017 3.981e-01
N 002 087 040 6.639e-01
N 003 053 016 7.286e-01
N 004 098 068 1.925e-01
N 005 090 081 5.068e-01
N 006 047 044 1.639e-01
N 007 088 070 2.059e-01
N 008 099 099 5.491e-01
N 009 018 085 2.856e-01
N 010 083 045 7.074e-01
N 011 056 040 9.771e-01
N 012 039 082 8.643e-01
N 013 010 021 8.140e-01
N 014 008 033 5.418e-01
N 015 038 055 3.809e-01
N 016 015 052 3.414e-01
N 017 017 073 5.267e-01
N 018 066 046 7.135e-01
N 019 043 070 6.325e-01
E 000 019 2.460e+01
E 000 002 3.396e+01
E 000 011 8.246e+00
E 000 018 1.217e+01
E 000 014 4.838e+01
E 001 018 6.306e+01
E 001 003 4.301e+01
E 001 004 1.017e+02
E 001 007 9.430e+01
E 002 004 3.008e+01
E 002 005 4.111e+01
E 002 007 3.002e+01
E 002 011 3.100e+01
E 002 013 7.931e+01
E 002 016 7.299e+01
E 002 017 7.739e+01
E 002 018 2.184e+01
E 002 019 5.325e+01
E 003 006 2.864e+01
E 003 008 9.489e+01
E 003 011 2.419e+01
E 003 015 4.179e+01
E 003 017 6.742e+01
E 003 018 3.270e+01
E 004 012 6.064e+01
E 004 017 8.115e+01
E 005 016 8.041e+01
E 005 011 5.326e+01
E 005 006 5.673e+01
E 006 011 9.849e+00
E 006 007 4.855e+01
E 007 014 8.814e+01
E 007 016 7.519e+01
E 007 018 3.256e+01
E 008 016 9.625e+01
E 008 017 8.602e+01
E 008 018 6.243e+01
E 009 019 2.915e+01
E 009 017 1.204e+01
E 009 011 5.890e+01
E 010 017 7.169e+01
E 010 011 2.746e+01
E 010 012 5.749e+01
E 010 013 7.684e+01
E 010 014 7.595e+01
E 011 012 4.531e+01
E 011 014 4.851e+01
E 011 016 4.272e+01
E 011 019 3.270e+01
E 012 015 2.702e+01
E 012 016 3.842e+01
E 012 017 2.377e+01
E 012 019 1.265e+01
E 013 019 5.908e+01
E 014 016 2.025e+01
E 014 017 4.100e+01
E 015 016 2.319e+01
E 015 018 2.941e+01
E 016 018 5.135e+01
E 017 018 5.595e+01
