N 000 046 052 8.286e-01
N 001 088 026 6.694e-01
N 002 000 016 4.518e-01
N 003 098 080 4.275e-01
N 004 033 077 4.775e-01
N 005 054 004 6.574e-01
N 006 005 025 6.088e-01
N 007 027 054 5.327e-01
N 008 053 061 9.738e-01
N 009 062 006 4.649e-01
N 010 023 072 9.747e-01
N 011 078 052 6.920e-02
N 012 022 094 2.552e-01
N 013 077 063 6.659e-02
N 014 049 009 6.006e-01
N 015 022 040 5.246e-01
N 016 042 074 8.504e-01
N 017 046 074 2.570e-01
N 018 079 042 4.121e-01
N 019 098 083 7.722e-01
E 000 008 1.140e+01
E 000 009 4.870e+01
E 000 005 4.866e+01
E 000 006 4.909e+01
E 001 018 1.836e+01
E 001 003 5.492e+01
E 001 006 8.301e+01
E 001 007 6.712e+01
E 002 004 6.935e+01
E 002 005 5.532e+01
E 002 007 4.662e+01
E 002 009 6.280e+01
E 002 013 9.021e+01
E 002 014 4.950e+01
E 002 016 7.161e+01
E 003 005 8.782e+01
E 003 010 7.543e+01
E 003 014 8.627e+01
E 003 015 8.588e+01
E 003 019 3.000e+00
E 004 008 2.561e+01
E 004 010 1.118e+01
E 004 014 6.986e+01
E 005 012 9.552e+01
E 005 014 7.071e+00
E 005 017 7.046e+01
E 006 008 6.000e+01
E 006 009 6.008e+01
E 006 011 7.783e+01
E 006 012 7.106e+01
E 006 013 8.141e+01
E 007 009 5.941e+01
E 007 013 5.080e+01
E 007 014 5.009e+01
E 007 017 2.759e+01
E 008 010 3.195e+01
E 008 015 3.744e+01
E 008 018 3.220e+01
E 008 019 5.009e+01
E 009 018 3.981e+01
E 009 019 8.500e+01
E 010 011 5.852e+01
E 010 014 6.815e+01
E 011 013 1.105e+01
E 011 014 5.187e+01
E 011 016 4.219e+01
E 011 017 3.883e+01
E 011 018 1.005e+01
E 011 019 3.689e+01
E 012 014 8.919e+01
E 012 015 5.400e+01
E 012 016 2.828e+01
E 012 017 3.124e+01
E 013 019 2.900e+01
E 014 016 6.538e+01
E 015 017 4.162e+01
E 015 019 8.732e+01
E 016 017 4.000e+00
E 017 018 4.597e+01
E 018 019 4.519e+01
