N 000 076 063 6.686e-01
N 001 075 081 8.663e-01
N 002 015 079 2.231e-01
N 003 017 002 9.863e-01
N 004 093 039 4.152e-01
N 005 095 030 6.055e-01
N 006 025 090 2.452e-01
N 007 088 085 8.752e-01
N 008 006 079 2.786e-01
N 009 006 098 2.507e-01
N 010 068 064 5.030e-01
N 011 093 078 5.300e-01
N 012 093 051 9.231e-01
N 013 052 005 2.898e-01
N 014 012 027 3.428e-01
N 015 009 022 9.238e-01
N 016 045 027 1.542e-02
N 017 056 068 5.767e-01
N 018 000 090 7.742e-01
N 019 036 006 9.204e-01
E 000 002 6.306e+01
E 000 003 8.486e+01
E 000 013 6.277e+01
E 000 015 7.855e+01
E 000 017 2.062e+01
E 000 018 8.065e+01
E 000 019 6.963e+01
E 001 013 7.940e+01
E 002 006 1.487e+01
E 002 011 7.801e+01
E 002 012 8.287e+01
E 002 014 5.209e+01
E 002 016 6.003e+01
E 003 009 9.663e+01
E 003 018 8.963e+01
E 003 004 8.453e+01
E 003 012 9.043e+01
E 004 005 9.220e+00
E 004 006 8.500e+01
E 004 010 3.536e+01
E 004 011 3.900e+01
E 004 012 1.200e+01
E 004 013 5.326e+01
E 005 007 5.544e+01
E 005 009 1.120e+02
E 005 011 4.804e+01
E 005 012 2.110e+01
E 005 013 4.974e+01
E 005 015 8.637e+01
E 005 017 5.445e+01
E 006 016 6.610e+01
E 006 018 2.500e+01
E 006 007 6.320e+01
E 007 009 8.302e+01
E 007 011 8.602e+00
E 007 013 8.773e+01
E 007 015 1.010e+02
E 007 017 3.624e+01
E 007 019 9.458e+01
E 008 017 5.120e+01
E 008 010 6.379e+01
E 008 019 7.892e+01
E 008 012 9.139e+01
E 009 011 8.927e+01
E 010 016 4.357e+01
E 010 019 6.624e+01
E 010 017 1.265e+01
E 011 012 2.700e+01
E 011 014 9.572e+01
E 011 019 9.183e+01
E 012 014 8.448e+01
E 012 015 8.887e+01
E 012 017 4.072e+01
E 013 015 4.624e+01
E 013 019 1.603e+01
E 014 019 3.189e+01
E 015 016 3.635e+01
E 015 019 3.138e+01
E 016 018 7.742e+01
E 017 018 6.017e+01
