N 000 063 067 4.363e-01
N 001 007 096 2.518e-02
N 002 061 021 5.231e-01
N 003 036 045 6.852e-01
N 004 056 077 1.036e-01
N 005 078 052 1.455e-02
N 006 095 060 7.561e-01
N 007 094 083 9.308e-01
N 008 030 053 2.508e-01
N 009 070 050 8.034e-01
N 010 002 090 7.533e-01
N 011 038 078 2.349e-01
N 012 053 023 8.899e-01
N 013 063 073 1.903e-01
N 014 040 052 7.787e-01
N 015 003 095 5.899e-01
N 016 063 015 6.636e-02
N 017 005 013 2.362e-01
N 018 058 028 3.852e-01
N 019 060 017 4.349e-01
E 000 008 3.585e+01
E 000 015 6.621e+01
E 000 007 3.489e+01
E 001 004 5.255e+01
E 001 007 8.797e+01
E 001 010 7.810e+00
E 001 011 3.585e+01
E 001 013 6.054e+01
E 001 014 5.500e+01
E 002 017 5.657e+01
E 002 018 7.616e+00
E 002 005 3.536e+01
E 002 015 9.402e+01
E 003 004 3.774e+01
E 003 005 4.258e+01
E 003 007 6.934e+01
E 003 012 2.780e+01
E 003 014 8.062e+00
E 003 019 3.688e+01
E 004 008 3.538e+01
E 004 012 5.408e+01
E 004 017 8.184e+01
E 004 018 4.904e+01
E 004 019 6.013e+01
E 005 007 3.489e+01
E 005 009 8.246e+00
E 005 013 2.581e+01
E 005 015 8.645e+01
E 005 017 8.276e+01
E 005 019 3.936e+01
E 006 016 5.522e+01
E 006 012 5.597e+01
E 006 014 5.558e+01
E 006 015 9.843e+01
E 007 015 9.179e+01
E 007 017 1.132e+02
E 007 018 6.573e+01
E 007 019 7.424e+01
E 008 009 4.011e+01
E 008 010 4.640e+01
E 009 010 7.889e+01
E 009 014 3.007e+01
E 009 015 8.071e+01
E 009 016 3.569e+01
E 009 019 3.448e+01
E 010 013 6.332e+01
E 011 014 2.608e+01
E 011 015 3.891e+01
E 011 017 7.290e+01
E 011 018 5.385e+01
E 011 019 6.485e+01
E 012 013 5.099e+01
E 012 015 8.766e+01
E 012 016 1.281e+01
E 012 017 4.903e+01
E 013 014 3.114e+01
E 013 019 5.608e+01
E 014 017 5.240e+01
E 015 018 8.668e+01
E 016 019 3.606e+00
