N 000 094 065 4.306e-01
N 001 037 024 2.028e-02
N 002 010 049 9.667e-01
N 003 078 058 5.912e-01
N 004 029 086 7.577e-01
N 005 038 067 5.920e-02
N 006 025 018 5.216e-01
N 007 028 001 7.409e-01
N 008 087 002 6.873e-01
N 009 065 006 5.265e-01
N 010 021 066 2.568e-01
N 011 093 079 7.532e-01
N 012 050 068 3.666e-02
N 013 069 086 8.244e-02
N 014 048 020 1.336e-01
N 015 081 022 1.256e-01
N 016 049 019 6.297e-01
N 017 044 071 2.025e-03
N 018 066 026 5.207e-01
N 019 026 033 9.381e-02
E 000 019 7.515e+01
E 000 003 1.746e+01
E 000 012 4.410e+01
E 000 015 4.492e+01
E 001 004 6.251e+01
E 001 006 1.342e+01
E 001 007 2.470e+01
E 001 014 1.170e+01
E 001 016 1.300e+01
E 001 017 4.752e+01
E 001 018 2.907e+01
E 002 018 6.054e+01
E 002 012 4.428e+01
E 002 013 6.964e+01
E 002 014 4.780e+01
E 003 004 5.644e+01
E 003 005 4.100e+01
E 003 008 5.672e+01
E 003 012 2.973e+01
E 003 016 4.860e+01
E 003 017 3.640e+01
E 003 019 5.770e+01
E 004 010 2.154e+01
E 004 013 4.000e+01
E 004 017 2.121e+01
E 004 018 7.049e+01
E 005 006 5.070e+01
E 005 010 1.703e+01
E 005 013 3.636e+01
E 005 015 6.224e+01
E 005 017 7.211e+00
E 006 018 4.177e+01
E 006 015 5.614e+01
E 006 009 4.176e+01
E 007 010 6.538e+01
E 007 011 1.015e+02
E 007 012 7.052e+01
E 007 013 9.437e+01
E 007 014 2.759e+01
E 008 009 2.236e+01
E 008 011 7.723e+01
E 008 014 4.295e+01
E 008 017 8.130e+01
E 008 018 3.189e+01
E 009 011 7.819e+01
E 009 012 6.379e+01
E 009 013 8.010e+01
E 009 016 2.062e+01
E 009 019 4.743e+01
E 010 016 5.471e+01
E 011 012 4.438e+01
E 011 017 4.965e+01
E 012 014 4.804e+01
E 013 017 2.915e+01
E 014 015 3.306e+01
E 014 016 1.414e+00
E 016 017 5.224e+01
E 016 019 2.693e+01
E 017 019 4.205e+01
E 018 019 4.061e+01
