N 000 041 039 5.932e-01
N 001 043 033 6.879e-01
N 002 072 088 5.076e-01
N 003 001 033 8.266e-01
N 004 066 023 1.331e-01
N 005 052 009 1.606e-01
N 006 095 032 3.566e-01
N 007 006 049 1.993e-02
N 008 024 000 8.364e-01
N 009 079 091 1.629e-02
N 010 065 009 4.335e-01
N 011 054 080 8.291e-02
N 012 093 048 5.420e-01
N 013 075 012 1.304e-02
N 014 088 019 5.304e-01
N 015 065 001 8.619e-01
N 016 087 032 4.211e-01
N 017 086 074 3.197e-01
N 018 015 068 4.177e-01
N 019 021 022 5.734e-01
E 000 002 5.798e+01
E 000 005 3.195e+01
E 000 007 3.640e+01
E 000 009 6.440e+01
E 000 011 4.301e+01
E 000 012 5.277e+01
E 000 016 4.653e+01
E 001 017 5.941e+01
E 001 011 4.827e+01
E 001 012 5.220e+01
E 001 007 4.031e+01
E 002 003 8.981e+01
E 002 008 1.002e+02
E 002 011 1.970e+01
E 002 013 7.606e+01
E 002 016 5.797e+01
E 002 017 1.980e+01
E 003 004 6.576e+01
E 003 006 9.401e+01
E 003 010 6.835e+01
E 003 017 9.437e+01
E 003 018 3.770e+01
E 004 007 6.539e+01
E 004 008 4.789e+01
E 004 013 1.421e+01
E 004 014 2.236e+01
E 004 015 2.202e+01
E 005 009 8.633e+01
E 005 010 1.300e+01
E 005 007 6.096e+01
E 006 007 9.061e+01
E 006 008 7.788e+01
E 006 011 6.313e+01
E 006 013 2.828e+01
E 006 014 1.476e+01
E 006 018 8.773e+01
E 007 008 5.220e+01
E 007 013 7.829e+01
E 007 018 2.102e+01
E 007 019 3.089e+01
E 008 011 8.544e+01
E 008 013 5.239e+01
E 008 016 7.066e+01
E 008 019 2.220e+01
E 009 010 8.319e+01
E 009 011 2.731e+01
E 009 015 9.108e+01
E 009 016 5.954e+01
E 009 017 1.838e+01
E 010 011 7.185e+01
E 010 015 8.000e+00
E 011 014 6.984e+01
E 011 017 3.256e+01
E 012 017 2.693e+01
E 013 014 1.476e+01
E 013 015 1.487e+01
E 014 015 2.921e+01
E 014 017 5.504e+01
E 014 018 8.792e+01
E 014 019 6.707e+01
