N 000 049 075 6.182e-01
N 001 044 011 1.045e-01
N 002 048 033 1.349e-01
N 003 060 023 2.016e-01
N 004 038 031 6.538e-01
N 005 001 031 1.179e-01
N 006 038 005 9.722e-01
N 007 001 018 4.486e-01
N 008 004 036 3.940e-01
N 009 094 062 7.434e-01
N 010 056 050 4.957e-01
N 011 016 066 4.760e-01
N 012 077 065 8.866e-01
N 013 018 050 5.555e-01
N 014 068 096 6.150e-01
N 015 040 001 6.662e-01
N 016 037 040 3.349e-01
N 017 028 089 5.179e-01
N 018 009 070 9.446e-01
N 019 008 066 5.593e-01
E 000 002 4.201e+01
E 000 003 5.315e+01
E 000 005 6.512e+01
E 000 007 7.452e+01
E 001 003 2.000e+01
E 001 007 4.357e+01
E 001 011 6.172e+01
E 001 013 4.687e+01
E 001 014 8.832e+01
E 001 017 7.962e+01
E 001 018 6.860e+01
E 002 003 1.562e+01
E 002 004 1.020e+01
E 002 009 5.438e+01
E 002 010 1.879e+01
E 002 013 3.448e+01
E 002 017 5.946e+01
E 003 008 5.749e+01
E 003 009 5.174e+01
E 003 011 6.152e+01
E 003 013 4.993e+01
E 003 015 2.973e+01
E 003 018 6.935e+01
E 004 007 3.922e+01
E 004 008 3.437e+01
E 004 012 5.174e+01
E 004 014 7.159e+01
E 004 017 5.886e+01
E 005 006 4.522e+01
E 005 009 9.803e+01
E 005 013 2.550e+01
E 005 017 6.398e+01
E 005 018 3.981e+01
E 006 008 4.601e+01
E 006 017 8.459e+01
E 006 019 6.798e+01
E 006 015 4.472e+00
E 007 008 1.825e+01
E 007 009 1.029e+02
E 007 010 6.363e+01
E 007 012 8.936e+01
E 007 014 1.028e+02
E 008 009 9.368e+01
E 008 014 8.773e+01
E 008 015 5.021e+01
E 009 013 7.694e+01
E 009 014 4.280e+01
E 010 017 4.801e+01
E 010 012 2.581e+01
E 010 014 4.754e+01
E 011 016 3.342e+01
E 011 019 8.000e+00
E 011 015 6.929e+01
E 012 019 6.901e+01
E 013 016 2.147e+01
E 014 019 6.708e+01
E 015 017 8.881e+01
E 016 019 3.895e+01
E 017 018 2.687e+01
E 018 019 4.123e+00
