N 000 011 039 9.071e-01
N 001 074 028 1.369e-01
N 002 054 060 8.548e-01
N 003 031 061 1.524e-01
N 004 028 064 8.664e-01
N 005 095 086 9.414e-02
N 006 028 091 8.628e-01
N 007 019 003 9.946e-01
N 008 014 022 7.562e-01
N 009 077 048 3.360e-01
N 010 098 087 7.651e-01
N 011 002 079 1.602e-01
N 012 047 054 6.733e-01
N 013 055 003 2.883e-01
N 014 046 091 5.836e-01
N 015 046 053 5.704e-01
N 016 071 026 3.151e-01
N 017 034 037 8.832e-01
N 018 045 014 7.797e-02
N 019 094 004 1.927e-01
E 000 002 4.785e+01
E 000 005 9.625e+01
E 000 007 3.688e+01
E 000 009 6.661e+01
E 000 013 5.685e+01
E 000 015 3.770e+01
E 000 016 6.139e+01
E 000 018 4.220e+01
E 000 019 9.008e+01
E 001 002 3.774e+01
E 001 003 5.420e+01
E 001 005 6.168e+01
E 001 008 6.030e+01
E 001 009 2.022e+01
E 001 010 6.369e+01
E 001 013 3.140e+01
E 002 004 2.631e+01
E 002 012 9.220e+00
E 002 018 4.687e+01
E 002 019 6.882e+01
E 003 007 5.923e+01
E 003 008 4.254e+01
E 003 012 1.746e+01
E 003 013 6.277e+01
E 003 014 3.354e+01
E 003 016 5.315e+01
E 004 008 4.427e+01
E 004 016 5.738e+01
E 004 018 5.281e+01
E 005 019 8.201e+01
E 005 009 4.205e+01
E 006 017 5.433e+01
E 006 015 4.205e+01
E 006 012 4.159e+01
E 006 007 8.846e+01
E 007 010 1.153e+02
E 007 015 5.682e+01
E 007 017 3.716e+01
E 007 018 2.823e+01
E 008 012 4.597e+01
E 008 013 4.519e+01
E 008 014 7.606e+01
E 008 016 5.714e+01
E 008 017 2.500e+01
E 008 019 8.200e+01
E 009 011 8.115e+01
E 009 013 5.009e+01
E 009 017 4.438e+01
E 010 015 6.213e+01
E 010 011 9.633e+01
E 010 019 8.310e+01
E 011 014 4.561e+01
E 011 015 5.111e+01
E 011 016 8.701e+01
E 011 019 1.187e+02
E 012 013 5.162e+01
E 012 014 3.701e+01
E 014 015 3.800e+01
E 015 016 3.680e+01
E 017 018 2.550e+01
