N 000 028 012 4.562e-01
N 001 097 070 6.158e-02
N 002 026 032 9.706e-01
N 003 039 062 5.490e-01
N 004 090 089 8.085e-01
N 005 021 041 8.777e-01
N 006 075 014 2.225e-01
N 007 062 045 3.239e-01
N 008 021 070 3.085e-01
N 009 091 037 8.221e-01
N 010 002 067 1.934e-01
N 011 041 082 5.754e-01
N 012 074 053 7.751e-01
N 013 040 027 1.364e-01
N 014 019 012 2.176e-01
N 015 067 059 2.942e-01
N 016 051 077 3.542e-01
N 017 015 041 8.141e-01
N 018 008 029 6.386e-01
N 019 007 057 5.722e-01
E 000 002 2.010e+01
E 000 006 4.704e+01
E 000 009 6.778e+01
E 000 010 6.084e+01
E 000 013 1.921e+01
E 000 014 9.000e+00
E 000 017 3.178e+01
E 000 018 2.625e+01
E 001 017 8.698e+01
E 001 002 8.053e+01
E 002 003 3.270e+01
E 002 013 1.487e+01
E 002 014 2.119e+01
E 002 015 4.909e+01
E 002 016 5.148e+01
E 002 018 1.825e+01
E 003 006 6.000e+01
E 003 008 1.970e+01
E 003 010 3.734e+01
E 003 016 1.921e+01
E 003 018 4.528e+01
E 003 019 3.239e+01
E 004 016 4.080e+01
E 004 006 7.649e+01
E 005 006 6.037e+01
E 005 007 4.119e+01
E 005 009 7.011e+01
E 005 011 4.562e+01
E 005 013 2.360e+01
E 005 017 6.000e+00
E 006 011 7.603e+01
E 006 016 6.742e+01
E 006 019 8.045e+01
E 007 008 4.802e+01
E 007 011 4.254e+01
E 007 013 2.843e+01
E 007 015 1.487e+01
E 007 017 4.717e+01
E 007 019 5.629e+01
E 008 012 5.566e+01
E 008 013 4.701e+01
E 008 016 3.081e+01
E 008 019 1.910e+01
E 009 016 5.657e+01
E 009 017 7.611e+01
E 009 013 5.197e+01
E 010 017 2.907e+01
E 010 018 3.847e+01
E 010 014 5.757e+01
E 011 013 5.501e+01
E 012 018 7.023e+01
E 012 013 4.280e+01
E 012 014 6.860e+01
E 013 014 2.581e+01
E 013 015 4.187e+01
E 013 016 5.120e+01
E 014 015 6.718e+01
E 014 018 2.025e+01
E 015 018 6.619e+01
E 015 019 6.003e+01
