N 000 032 072 8.058e-01
N 001 004 000 8.039e-01
N 002 007 056 4.561e-01
N 003 005 044 8.060e-01
N 004 052 029 6.970e-02
N 005 023 033 5.147e-01
N 006 094 014 8.698e-01
N 007 062 064 5.453e-01
N 008 011 095 2.520e-01
N 009 086 099 8.959e-01
N 010 023 034 9.490e-01
N 011 040 015 7.038e-01
N 012 049 081 7.789e-01
N 013 039 006 3.376e-01
N 014 035 028 2.543e-01
N 015 033 088 2.347e-01
N 016 016 032 9.154e-01
N 017 077 042 7.652e-01
N 018 051 022 5.391e-01
N 019 096 018 7.228e-02
E 000 009 6.037e+01
E 000 018 5.349e+01
E 000 003 3.890e+01
E 000 013 6.637e+01
E 000 007 3.105e+01
E 001 016 3.418e+01
E 001 005 3.808e+01
E 001 007 8.637e+01
E 002 017 7.139e+01
E 002 010 2.720e+01
E 002 011 5.263e+01
E 002 013 5.936e+01
E 002 007 5.558e+01
E 003 004 4.934e+01
E 003 005 2.110e+01
E 003 006 9.392e+01
E 003 010 2.059e+01
E 003 011 4.545e+01
E 003 013 5.099e+01
E 003 014 3.400e+01
E 003 019 9.464e+01
E 004 007 3.640e+01
E 004 010 2.943e+01
E 004 011 1.844e+01
E 004 013 2.642e+01
E 004 014 1.703e+01
E 004 015 6.198e+01
E 004 018 7.071e+00
E 004 019 4.535e+01
E 005 015 5.590e+01
E 006 016 8.005e+01
E 006 010 7.376e+01
E 006 018 4.374e+01
E 007 008 5.968e+01
E 007 009 4.244e+01
E 007 017 2.663e+01
E 007 018 4.342e+01
E 008 010 6.217e+01
E 008 018 8.324e+01
E 008 013 9.330e+01
E 008 014 7.117e+01
E 009 015 5.413e+01
E 009 012 4.115e+01
E 009 014 8.742e+01
E 010 011 2.550e+01
E 010 019 7.473e+01
E 011 012 6.661e+01
E 011 016 2.941e+01
E 012 014 5.482e+01
E 012 015 1.746e+01
E 012 018 5.903e+01
E 012 019 7.860e+01
E 013 018 2.000e+01
E 014 016 1.942e+01
E 015 018 6.841e+01
E 015 019 9.418e+01
E 016 019 8.122e+01
E 017 019 3.061e+01
E 017 018 3.280e+01
E 018 019 4.518e+01
