N 000 042 036 1.313e-01
N 001 066 060 8.022e-01
N 002 067 096 9.986e-01
N 003 081 088 6.272e-01
N 004 083 010 2.609e-01
N 005 072 070 4.499e-01
N 006 065 057 8.906e-01
N 007 013 039 5.249e-01
N 008 055 055 6.772e-02
N 009 095 044 4.151e-01
N 010 018 036 1.735e-01
N 011 025 075 5.163e-01
N 012 066 024 4.597e-01
N 013 004 050 5.618e-01
N 014 077 061 8.755e-01
N 015 040 005 9.645e-01
N 016 096 006 5.881e-01
N 017 078 041 2.437e-01
N 018 042 042 2.322e-01
N 019 011 084 2.955e-01
E 000 002 6.500e+01
E 000 005 4.534e+01
E 000 007 2.915e+01
E 000 009 5.360e+01
E 000 011 4.254e+01
E 000 013 4.050e+01
E 000 016 6.177e+01
E 000 017 3.635e+01
E 000 018 6.000e+00
E 001 008 1.208e+01
E 001 016 6.177e+01
E 001 018 3.000e+01
E 001 004 5.281e+01
E 002 008 4.272e+01
E 002 016 9.456e+01
E 002 014 3.640e+01
E 002 015 9.492e+01
E 003 008 4.201e+01
E 003 017 4.710e+01
E 003 019 7.011e+01
E 003 013 8.587e+01
E 004 005 6.100e+01
E 004 006 5.033e+01
E 004 007 7.577e+01
E 004 009 3.606e+01
E 004 011 8.711e+01
E 004 014 5.135e+01
E 004 015 4.329e+01
E 004 018 5.201e+01
E 005 008 2.267e+01
E 005 010 6.381e+01
E 005 011 4.727e+01
E 006 011 4.386e+01
E 007 009 8.215e+01
E 007 012 5.508e+01
E 008 009 4.148e+01
E 008 011 3.606e+01
E 008 014 2.280e+01
E 008 016 6.389e+01
E 008 017 2.693e+01
E 008 018 1.838e+01
E 008 019 5.270e+01
E 009 011 7.656e+01
E 009 016 3.801e+01
E 009 017 1.726e+01
E 010 016 8.357e+01
E 010 011 3.962e+01
E 010 015 3.801e+01
E 011 017 6.297e+01
E 012 015 3.220e+01
E 013 017 7.455e+01
E 013 019 3.471e+01
E 013 015 5.763e+01
E 014 015 6.712e+01
E 014 016 5.819e+01
E 014 018 3.982e+01
E 014 019 6.989e+01
E 015 017 5.235e+01
E 015 019 8.415e+01
E 017 018 3.601e+01
