N 000 052 018 4.338e-01
N 001 085 074 2.897e-01
N 002 002 076 7.659e-01
N 003 071 050 9.365e-01
N 004 047 064 8.339e-01
N 005 020 066 3.337e-01
N 006 005 012 8.077e-01
N 007 010 013 1.316e-01
N 008 007 013 5.290e-01
N 009 001 044 3.727e-01
N 010 078 015 8.646e-01
N 011 034 003 7.689e-01
N 012 023 027 3.907e-01
N 013 027 096 7.235e-01
N 014 079 051 6.033e-01
N 015 085 077 4.696e-01
N 016 030 017 8.158e-01
N 017 010 083 6.733e-01
N 018 014 011 6.237e-01
N 019 099 076 7.064e-01
E 000 002 7.658e+01
E 000 006 4.738e+01
E 000 010 2.617e+01
E 000 011 2.343e+01
E 000 012 3.036e+01
E 000 017 7.739e+01
E 001 008 9.902e+01
E 001 012 7.780e+01
E 001 004 3.929e+01
E 001 005 6.549e+01
E 001 007 9.667e+01
E 002 003 7.374e+01
E 002 005 2.059e+01
E 002 009 3.202e+01
E 002 010 9.745e+01
E 002 011 7.971e+01
E 002 014 8.096e+01
E 002 017 1.063e+01
E 002 019 9.700e+01
E 003 004 2.778e+01
E 003 007 7.134e+01
E 003 008 7.393e+01
E 003 009 7.026e+01
E 003 017 6.935e+01
E 003 018 6.907e+01
E 004 005 2.707e+01
E 004 007 6.301e+01
E 004 010 5.798e+01
E 004 012 4.410e+01
E 004 013 3.774e+01
E 004 015 4.016e+01
E 004 016 4.998e+01
E 005 006 5.604e+01
E 005 009 2.907e+01
E 005 012 3.912e+01
E 005 016 5.001e+01
E 006 008 2.236e+00
E 006 010 7.306e+01
E 006 018 9.055e+00
E 008 014 8.141e+01
E 008 015 1.009e+02
E 008 018 7.280e+00
E 008 019 1.115e+02
E 009 019 1.031e+02
E 009 013 5.814e+01
E 010 011 4.561e+01
E 010 013 9.572e+01
E 010 015 6.239e+01
E 010 018 6.412e+01
E 010 019 6.451e+01
E 011 012 2.640e+01
E 011 014 6.580e+01
E 011 016 1.456e+01
E 011 017 8.352e+01
E 012 019 9.043e+01
E 014 019 3.202e+01
E 015 017 7.524e+01
E 015 018 9.694e+01
E 016 019 9.079e+01
E 017 019 8.927e+01
