N 000 099 026 9.366e-01
N 001 090 034 4.280e-01
N 002 075 053 2.429e-01
N 003 045 021 9.741e-01
N 004 022 013 4.058e-01
N 005 066 093 4.471e-01
N 006 091 009 1.753e-01
N 007 007 000 9.768e-01
N 008 053 004 8.403e-01
N 009 024 007 8.980e-01
N 010 059 097 9.500e-01
N 011 021 047 7.623e-01
N 012 004 065 1.838e-01
N 013 025 042 1.331e-01
N 014 030 058 8.937e-01
N 015 030 004 8.287e-01
N 016 013 062 8.389e-01
N 017 069 040 8.709e-01
N 018 027 013 2.164e-01
N 019 082 028 3.201e-01
E 000 001 1.204e+01
E 000 003 5.423e+01
E 000 005 7.469e+01
E 000 008 5.099e+01
E 000 014 7.606e+01
E 000 016 9.323e+01
E 000 017 3.311e+01
E 001 005 6.369e+01
E 001 008 4.763e+01
E 001 010 7.021e+01
E 001 012 9.142e+01
E 001 013 6.549e+01
E 002 011 5.433e+01
E 002 010 4.682e+01
E 002 003 4.386e+01
E 002 004 6.640e+01
E 003 004 2.435e+01
E 003 005 7.500e+01
E 003 006 4.754e+01
E 003 010 7.728e+01
E 003 011 3.538e+01
E 003 015 2.267e+01
E 003 017 3.061e+01
E 003 018 1.970e+01
E 004 007 1.985e+01
E 004 011 3.401e+01
E 004 014 4.571e+01
E 004 017 5.420e+01
E 004 018 5.000e+00
E 004 019 6.185e+01
E 005 006 8.764e+01
E 005 009 9.571e+01
E 005 011 6.435e+01
E 005 013 6.544e+01
E 005 018 8.900e+01
E 006 011 7.965e+01
E 006 013 7.379e+01
E 007 016 6.229e+01
E 007 017 7.378e+01
E 008 009 2.915e+01
E 008 010 9.319e+01
E 008 011 5.360e+01
E 008 015 2.300e+01
E 008 016 7.046e+01
E 008 018 2.751e+01
E 008 019 3.764e+01
E 009 018 6.708e+00
E 010 011 6.280e+01
E 010 012 6.363e+01
E 010 014 4.860e+01
E 010 016 5.780e+01
E 011 014 1.421e+01
E 011 015 4.393e+01
E 011 016 1.700e+01
E 011 017 4.851e+01
E 012 018 5.686e+01
E 012 017 6.964e+01
E 014 015 5.400e+01
E 014 018 4.510e+01
E 016 018 5.096e+01
