N 000 018 047 7.218e-01
N 001 082 028 3.297e-01
N 002 013 036 2.039e-01
N 003 016 099 3.194e-01
N 004 091 038 9.966e-01
N 005 010 026 9.569e-01
N 006 039 099 3.592e-01
N 007 019 030 7.221e-01
N 008 030 022 1.796e-01
N 009 097 024 1.963e-01
N 010 021 037 3.059e-02
N 011 047 037 9.637e-01
N 012 020 075 2.148e-01
N 013 050 053 1.769e-01
N 014 094 007 9.870e-01
N 015 013 032 1.776e-02
N 016 000 026 8.702e-01
N 017 090 043 5.904e-01
N 018 020 075 2.552e-01
N 019 024 092 4.120e-01
E 000 004 7.355e+01
E 000 005 2.247e+01
E 000 006 5.608e+01
E 000 007 1.703e+01
E 000 008 2.773e+01
E 000 010 1.044e+01
E 000 011 3.068e+01
E 000 012 2.807e+01
E 000 014 8.588e+01
E 000 015 1.581e+01
E 001 002 6.946e+01
E 001 007 6.303e+01
E 001 009 1.552e+01
E 001 013 4.061e+01
E 001 015 6.912e+01
E 001 017 1.700e+01
E 002 016 1.640e+01
E 002 012 3.962e+01
E 002 007 8.485e+00
E 003 011 6.932e+01
E 003 004 9.667e+01
E 004 010 7.001e+01
E 004 005 8.188e+01
E 004 007 7.244e+01
E 005 016 1.000e+01
E 005 018 5.001e+01
E 005 014 8.612e+01
E 006 016 8.276e+01
E 006 011 6.251e+01
E 007 008 1.360e+01
E 007 009 7.823e+01
E 007 013 3.860e+01
E 007 019 6.220e+01
E 008 010 1.749e+01
E 008 011 2.267e+01
E 008 012 5.394e+01
E 008 013 3.689e+01
E 008 014 6.573e+01
E 008 015 1.972e+01
E 008 017 6.357e+01
E 009 019 9.976e+01
E 009 015 8.438e+01
E 009 017 2.025e+01
E 010 012 3.801e+01
E 010 013 3.312e+01
E 010 018 3.801e+01
E 010 019 5.508e+01
E 011 012 4.662e+01
E 011 016 4.827e+01
E 012 013 3.720e+01
E 012 015 4.357e+01
E 012 016 5.292e+01
E 012 018 0.000e+00
E 013 015 4.254e+01
E 013 018 3.720e+01
E 014 018 1.005e+02
E 014 015 8.477e+01
E 016 017 9.159e+01
E 016 019 7.023e+01
E 017 018 7.697e+01
