N 000 038 063 1.546e-02
N 001 048 044 2.214e-01
N 002 004 009 4.866e-01
N 003 032 013 1.388e-01
N 004 081 083 5.097e-01
N 005 047 018 9.658e-01
N 006 012 091 9.083e-01
N 007 020 087 8.069e-01
N 008 051 027 5.348e-01
N 009 079 081 6.503e-01
N 010 079 088 2.847e-01
N 011 005 090 5.834e-01
N 012 031 062 5.641e-01
N 013 049 067 4.441e-01
N 014 067 063 5.621e-02
N 015 068 024 1.650e-01
N 016 021 002 4.258e-01
N 017 097 061 8.855e-01
N 018 021 008 6.906e-01
N 019 040 007 1.491e-01
E 000 011 4.264e+01
E 000 018 5.757e+01
E 000 003 5.036e+01
E 000 005 4.589e+01
E 000 015 4.920e+01
E 001 012 2.476e+01
E 001 019 3.785e+01
E 001 004 5.109e+01
E 001 017 5.187e+01
E 002 019 3.606e+01
E 002 009 1.040e+02
E 002 011 8.101e+01
E 002 007 7.962e+01
E 003 004 8.545e+01
E 003 007 7.497e+01
E 003 010 8.851e+01
E 003 015 3.764e+01
E 003 019 1.000e+01
E 004 011 7.632e+01
E 004 016 1.008e+02
E 004 019 8.635e+01
E 005 016 3.053e+01
E 005 013 4.904e+01
E 005 007 7.409e+01
E 006 009 6.774e+01
E 006 010 6.707e+01
E 006 018 8.349e+01
E 006 013 4.410e+01
E 007 008 6.754e+01
E 007 009 5.930e+01
E 007 012 2.731e+01
E 007 013 3.523e+01
E 007 014 5.277e+01
E 007 015 7.920e+01
E 007 017 8.127e+01
E 007 018 7.901e+01
E 007 019 8.246e+01
E 008 016 3.905e+01
E 008 012 4.031e+01
E 009 011 7.455e+01
E 009 012 5.162e+01
E 009 015 5.805e+01
E 009 016 9.801e+01
E 009 017 2.691e+01
E 009 019 8.365e+01
E 010 011 7.403e+01
E 010 014 2.773e+01
E 010 015 6.494e+01
E 010 017 3.245e+01
E 011 014 6.762e+01
E 012 014 3.601e+01
E 012 018 5.492e+01
E 012 019 5.573e+01
E 013 014 1.844e+01
E 013 018 6.531e+01
E 015 019 3.276e+01
E 016 018 6.000e+00
E 016 019 1.965e+01
E 017 018 9.266e+01
E 017 019 7.852e+01
