N 000 028 030 5.816e-01
N 001 060 049 3.912e-01
N 002 028 096 9.647e-01
N 003 044 010 4.287e-01
N 004 048 056 1.108e-01
N 005 030 086 5.522e-01
N 006 048 034 1.299e-01
N 007 029 086 5.650e-01
N 008 072 050 5.766e-01
N 009 072 061 5.263e-01
N 010 038 098 9.271e-01
N 011 025 040 3.988e-01
N 012 063 074 9.719e-01
N 013 050 032 9.243e-01
N 014 022 098 2.223e-01
N 015 005 026 1.573e-01
N 016 046 054 7.720e-01
N 017 089 080 1.569e-01
N 018 075 067 3.917e-01
N 019 062 005 6.944e-01
E 000 019 4.220e+01
E 000 011 1.044e+01
E 000 004 3.280e+01
E 000 005 5.604e+01
E 001 004 1.389e+01
E 001 005 4.763e+01
E 001 006 1.921e+01
E 001 008 1.204e+01
E 001 011 3.614e+01
E 001 014 6.201e+01
E 001 016 1.487e+01
E 002 006 6.515e+01
E 002 007 1.005e+01
E 002 008 6.366e+01
E 002 009 5.622e+01
E 002 018 5.523e+01
E 002 019 9.714e+01
E 003 018 6.488e+01
E 003 012 6.676e+01
E 003 007 7.747e+01
E 004 005 3.499e+01
E 004 007 3.551e+01
E 004 010 4.317e+01
E 004 015 5.243e+01
E 004 017 4.751e+01
E 005 006 5.503e+01
E 005 007 1.000e+00
E 005 010 1.442e+01
E 005 015 6.500e+01
E 005 018 4.885e+01
E 005 019 8.709e+01
E 006 009 3.612e+01
E 006 012 4.272e+01
E 006 015 4.374e+01
E 006 018 4.264e+01
E 007 008 5.608e+01
E 007 012 3.606e+01
E 007 013 5.794e+01
E 007 019 8.746e+01
E 008 013 2.843e+01
E 009 019 5.689e+01
E 009 012 1.581e+01
E 009 013 3.640e+01
E 010 013 6.708e+01
E 010 016 4.472e+01
E 010 017 5.408e+01
E 010 019 9.605e+01
E 011 018 5.682e+01
E 011 014 5.808e+01
E 011 017 7.547e+01
E 012 014 4.751e+01
E 012 015 7.529e+01
E 012 016 2.625e+01
E 012 019 6.901e+01
E 013 014 7.169e+01
E 013 019 2.955e+01
E 014 018 6.140e+01
E 015 016 4.965e+01
E 016 019 5.155e+01
E 018 019 6.335e+01
