N 000 064 010 6.107e-01
N 001 050 075 5.636e-01
N 002 078 014 4.060e-01
N 003 078 069 9.862e-01
N 004 069 026 6.977e-02
N 005 078 071 5.861e-01
N 006 082 017 7.489e-01
N 007 024 076 3.945e-01
N 008 064 049 5.115e-01
N 009 089 049 3.584e-01
N 010 080 067 4.571e-01
N 011 091 098 7.600e-01
N 012 031 059 7.662e-01
N 013 021 082 5.243e-01
N 014 092 045 4.272e-01
N 015 090 061 7.280e-01
N 016 039 066 4.017e-01
N 017 088 035 4.437e-01
N 018 047 089 4.151e-01
N 019 074 089 7.076e-03
E 000 001 6.649e+01
E 000 004 1.676e+01
E 000 006 1.931e+01
E 000 007 7.718e+01
E 000 013 8.386e+01
E 000 019 7.963e+01
E 001 002 6.712e+01
E 001 019 2.778e+01
E 001 006 6.624e+01
E 001 015 4.238e+01
E 002 016 6.500e+01
E 002 003 5.500e+01
E 003 004 4.393e+01
E 003 005 2.000e+00
E 003 007 5.445e+01
E 003 009 2.283e+01
E 003 010 2.828e+00
E 003 011 3.178e+01
E 003 017 3.544e+01
E 004 006 1.581e+01
E 004 007 6.727e+01
E 004 008 2.354e+01
E 004 010 4.245e+01
E 004 014 2.983e+01
E 005 006 5.415e+01
E 005 009 2.460e+01
E 005 012 4.851e+01
E 005 014 2.953e+01
E 005 016 3.932e+01
E 005 017 3.736e+01
E 006 008 3.672e+01
E 006 009 3.276e+01
E 006 010 5.004e+01
E 006 013 8.914e+01
E 006 017 1.897e+01
E 006 019 7.244e+01
E 007 008 4.826e+01
E 007 013 6.708e+00
E 007 014 7.473e+01
E 007 016 1.803e+01
E 007 018 2.642e+01
E 008 009 2.500e+01
E 008 015 2.864e+01
E 008 016 3.023e+01
E 008 017 2.778e+01
E 009 015 1.204e+01
E 009 019 4.272e+01
E 010 013 6.088e+01
E 010 014 2.506e+01
E 010 017 3.298e+01
E 010 019 2.280e+01
E 011 012 7.156e+01
E 011 015 3.701e+01
E 012 015 5.903e+01
E 013 018 2.693e+01
E 013 019 5.346e+01
E 014 017 1.077e+01
E 015 019 3.225e+01
E 016 018 2.435e+01
E 018 019 2.700e+01
