N 000 050 040 2.116e-01
N 001 084 001 7.818e-01
N 002 001 064 7.575e-01
N 003 053 078 4.855e-01
N 004 079 075 2.533e-01
N 005 031 020 5.795e-01
N 006 071 048 9.388e-01
N 007 061 028 4.612e-01
N 008 077 031 5.979e-01
N 009 018 041 8.717e-01
N 010 060 072 4.678e-01
N 011 001 039 2.637e-01
N 012 089 083 1.476e-01
N 013 054 025 5.621e-01
N 014 017 018 2.152e-01
N 015 076 057 6.653e-01
N 016 075 046 6.775e-01
N 017 046 092 6.261e-01
N 018 025 039 6.803e-01
N 019 001 024 9.600e-01
E 001 009 7.718e+01
E 001 017 9.862e+01
E 001 014 6.912e+01
E 001 007 3.547e+01
E 002 005 5.325e+01
E 002 006 7.181e+01
E 002 010 5.954e+01
E 002 011 2.500e+01
E 002 013 6.580e+01
E 002 014 4.870e+01
E 002 017 5.300e+01
E 003 004 2.617e+01
E 003 008 5.277e+01
E 003 009 5.093e+01
E 003 012 3.635e+01
E 003 013 5.301e+01
E 003 014 6.997e+01
E 003 015 3.114e+01
E 004 005 7.300e+01
E 004 008 4.405e+01
E 004 010 1.924e+01
E 004 016 2.927e+01
E 004 017 3.712e+01
E 005 006 4.883e+01
E 005 007 3.105e+01
E 005 010 5.954e+01
E 005 011 3.551e+01
E 005 014 1.414e+01
E 006 007 2.236e+01
E 006 008 1.803e+01
E 006 010 2.640e+01
E 006 013 2.860e+01
E 006 017 5.061e+01
E 007 010 4.401e+01
E 007 013 7.616e+00
E 007 019 6.013e+01
E 008 016 1.513e+01
E 009 011 1.712e+01
E 009 013 3.940e+01
E 009 018 7.280e+00
E 009 019 2.404e+01
E 010 012 3.102e+01
E 010 014 6.903e+01
E 010 016 3.002e+01
E 010 017 2.441e+01
E 011 013 5.482e+01
E 011 018 2.400e+01
E 011 019 1.500e+01
E 012 018 7.767e+01
E 012 014 9.700e+01
E 013 019 5.301e+01
E 014 016 6.440e+01
E 014 017 7.948e+01
E 015 016 1.105e+01
E 015 017 4.610e+01
E 015 019 8.194e+01
E 016 017 5.438e+01
E 016 018 5.049e+01
E 016 019 7.720e+01
E 018 019 2.830e+01
