N 000 015 090 6.475e-01
N 001 084 028 6.462e-01
N 002 016 056 9.615e-01
N 003 097 058 4.511e-01
N 004 075 034 4.627e-01
N 005 029 080 4.680e-01
N 006 066 096 3.942e-01
N 007 023 080 1.484e-01
N 008 061 020 3.718e-02
N 009 098 095 9.213e-01
N 010 037 003 2.903e-01
N 011 075 090 5.433e-01
N 012 030 006 1.382e-01
N 013 054 023 8.430e-01
N 014 074 027 4.290e-01
N 015 047 046 3.445e-01
N 016 098 053 5.209e-01
N 017 090 047 8.769e-01
N 018 026 043 4.085e-01
N 019 072 024 1.552e-01
E 000 001 9.276e+01
E 000 003 8.802e+01
E 000 009 8.315e+01
E 001 004 1.082e+01
E 001 007 8.016e+01
E 001 008 2.435e+01
E 001 013 3.041e+01
E 001 016 2.865e+01
E 001 019 1.265e+01
E 002 016 8.205e+01
E 002 012 5.192e+01
E 002 018 1.640e+01
E 002 019 6.450e+01
E 002 004 6.297e+01
E 003 004 3.256e+01
E 003 010 8.139e+01
E 003 011 3.883e+01
E 003 012 8.481e+01
E 003 013 5.544e+01
E 003 015 5.142e+01
E 004 006 6.265e+01
E 004 007 6.943e+01
E 004 010 4.904e+01
E 004 011 5.600e+01
E 005 008 6.800e+01
E 005 009 7.061e+01
E 005 019 7.060e+01
E 005 014 6.953e+01
E 005 006 4.031e+01
E 006 008 7.616e+01
E 006 009 3.202e+01
E 007 010 7.826e+01
E 007 011 5.295e+01
E 007 012 7.433e+01
E 007 013 6.488e+01
E 007 016 7.971e+01
E 008 010 2.941e+01
E 008 011 7.139e+01
E 008 012 3.401e+01
E 008 014 1.476e+01
E 008 018 4.188e+01
E 008 019 1.170e+01
E 009 011 2.354e+01
E 009 012 1.120e+02
E 009 013 8.438e+01
E 009 015 7.072e+01
E 009 016 4.200e+01
E 009 017 4.866e+01
E 010 011 9.494e+01
E 010 016 7.887e+01
E 011 018 6.790e+01
E 012 014 4.875e+01
E 013 015 2.404e+01
E 013 017 4.327e+01
E 013 019 1.803e+01
E 015 017 4.301e+01
E 016 017 1.000e+01
E 016 018 7.269e+01
E 016 019 3.895e+01
E 018 019 4.977e+01
