N 000 089 079 3.506e-01
N 001 059 050 2.181e-01
N 002 005 065 4.264e-01
N 003 057 067 2.330e-01
N 004 043 071 7.442e-01
N 005 007 017 1.347e-01
N 006 000 060 2.135e-01
N 007 094 088 3.482e-01
N 008 076 067 5.239e-01
N 009 060 031 4.183e-01
N 010 002 047 9.880e-01
N 011 051 005 7.413e-01
N 012 023 097 1.265e-01
N 013 030 068 7.552e-01
N 014 071 052 5.157e-01
N 015 013 019 5.632e-01
N 016 087 098 1.695e-01
N 017 070 002 5.544e-02
N 018 007 050 9.526e-01
N 019 007 045 3.565e-01
E 000 002 8.516e+01
E 000 004 4.669e+01
E 000 006 9.101e+01
E 000 007 1.030e+01
E 000 011 8.319e+01
E 000 016 1.910e+01
E 001 003 1.712e+01
E 001 005 6.159e+01
E 001 006 5.984e+01
E 001 008 2.404e+01
E 001 015 5.547e+01
E 001 018 5.200e+01
E 002 006 7.071e+00
E 002 009 6.466e+01
E 002 011 7.560e+01
E 002 013 2.518e+01
E 002 014 6.727e+01
E 002 015 4.669e+01
E 002 017 9.052e+01
E 003 017 6.629e+01
E 003 012 4.534e+01
E 003 013 2.702e+01
E 003 015 6.512e+01
E 004 006 4.438e+01
E 004 008 3.324e+01
E 004 015 6.003e+01
E 004 018 4.168e+01
E 004 019 4.441e+01
E 005 018 3.300e+01
E 005 006 4.357e+01
E 005 009 5.482e+01
E 006 009 6.664e+01
E 006 012 4.357e+01
E 006 018 1.221e+01
E 006 019 1.655e+01
E 007 016 1.221e+01
E 007 011 9.348e+01
E 007 015 1.064e+02
E 008 010 7.666e+01
E 008 012 6.090e+01
E 008 016 3.289e+01
E 008 019 7.242e+01
E 009 015 4.851e+01
E 009 016 7.224e+01
E 009 018 5.630e+01
E 010 016 9.913e+01
E 010 017 8.154e+01
E 010 013 3.500e+01
E 010 015 3.008e+01
E 011 015 4.050e+01
E 011 017 1.924e+01
E 011 018 6.294e+01
E 012 015 7.864e+01
E 013 014 4.401e+01
E 013 015 5.187e+01
E 013 016 6.441e+01
E 014 018 6.403e+01
E 015 017 5.948e+01
E 016 017 9.749e+01
E 017 018 7.920e+01
