N 000 054 085 8.047e-01
N 001 092 035 2.892e-01
N 002 071 090 9.871e-01
N 003 063 055 9.971e-01
N 004 021 037 9.038e-01
N 005 009 028 6.357e-01
N 006 031 061 2.367e-01
N 007 081 077 6.564e-01
N 008 081 067 8.739e-01
N 009 000 030 1.615e-01
N 010 078 022 4.499e-01
N 011 037 019 1.797e-01
N 012 053 025 7.023e-01
N 013 053 084 2.405e-01
N 014 010 036 5.288e-01
N 015 021 050 9.906e-01
N 016 007 086 9.951e-01
N 017 098 019 1.920e-02
N 018 006 025 3.996e-01
N 019 053 066 5.360e-01
E 000 008 3.245e+01
E 000 001 6.280e+01
E 000 002 1.772e+01
E 000 010 6.742e+01
E 001 002 5.887e+01
E 001 005 8.329e+01
E 001 006 6.631e+01
E 001 008 3.384e+01
E 001 009 9.214e+01
E 001 012 4.026e+01
E 001 013 6.263e+01
E 001 014 8.201e+01
E 001 016 9.913e+01
E 001 017 1.709e+01
E 001 018 8.658e+01
E 002 005 8.768e+01
E 002 006 4.941e+01
E 002 007 1.640e+01
E 002 017 7.596e+01
E 002 019 3.000e+01
E 003 006 3.256e+01
E 003 007 2.843e+01
E 003 008 2.163e+01
E 003 009 6.778e+01
E 003 012 3.162e+01
E 003 015 4.230e+01
E 004 005 1.500e+01
E 004 008 6.708e+01
E 004 013 5.686e+01
E 004 014 1.105e+01
E 004 015 1.300e+01
E 004 017 7.908e+01
E 004 018 1.921e+01
E 005 006 3.966e+01
E 005 012 4.410e+01
E 005 015 2.506e+01
E 005 017 8.945e+01
E 006 007 5.250e+01
E 006 010 6.107e+01
E 006 013 3.183e+01
E 006 019 2.256e+01
E 007 008 1.000e+01
E 007 012 5.906e+01
E 007 013 2.886e+01
E 008 011 6.512e+01
E 008 018 8.596e+01
E 008 019 2.802e+01
E 009 011 3.860e+01
E 009 010 7.841e+01
E 010 017 2.022e+01
E 011 014 3.191e+01
E 011 015 3.489e+01
E 011 018 3.158e+01
E 011 019 4.965e+01
E 012 014 4.438e+01
E 012 016 7.640e+01
E 013 014 6.444e+01
E 013 016 4.604e+01
E 015 018 2.915e+01
E 017 018 9.220e+01
