N 000 043 052 5.390e-02
N 001 006 006 3.044e-01
N 002 008 070 1.175e-01
N 003 047 084 8.214e-01
N 004 054 018 1.563e-01
N 005 010 045 4.935e-01
N 006 080 030 1.621e-01
N 007 020 091 5.698e-01
N 008 048 082 9.339e-01
N 009 031 065 3.062e-01
N 010 065 068 7.001e-01
N 011 051 060 3.678e-01
N 012 015 093 8.552e-01
N 013 032 034 9.528e-01
N 014 041 030 9.068e-01
N 015 096 030 1.495e-01
N 016 093 005 6.310e-02
N 017 010 077 3.336e-01
N 018 022 004 1.332e-01
N 019 094 074 8.911e-01
E 000 005 3.373e+01
E 000 008 3.041e+01
E 000 011 1.131e+01
E 000 013 2.110e+01
E 000 016 6.862e+01
E 000 018 5.239e+01
E 000 019 5.554e+01
E 001 017 7.111e+01
E 001 002 6.403e+01
E 001 019 1.112e+02
E 002 003 4.144e+01
E 002 005 2.508e+01
E 002 009 2.354e+01
E 002 011 4.415e+01
E 002 014 5.186e+01
E 003 004 6.637e+01
E 003 005 5.376e+01
E 003 006 6.329e+01
E 003 007 2.789e+01
E 003 008 2.236e+00
E 003 011 2.433e+01
E 003 013 5.220e+01
E 003 016 9.142e+01
E 004 008 6.428e+01
E 004 009 5.233e+01
E 004 012 8.453e+01
E 004 016 4.111e+01
E 004 019 6.882e+01
E 005 012 4.826e+01
E 005 013 2.460e+01
E 005 014 3.444e+01
E 005 015 8.730e+01
E 005 016 9.214e+01
E 005 018 4.272e+01
E 006 016 2.818e+01
E 006 013 4.817e+01
E 006 014 3.900e+01
E 006 007 8.556e+01
E 007 009 2.823e+01
E 007 010 5.054e+01
E 007 013 5.825e+01
E 007 016 1.128e+02
E 008 011 2.220e+01
E 008 016 8.919e+01
E 008 017 3.833e+01
E 009 012 3.225e+01
E 009 019 6.364e+01
E 010 017 5.573e+01
E 010 014 4.494e+01
E 011 015 5.408e+01
E 011 018 6.306e+01
E 012 019 8.125e+01
E 012 013 6.140e+01
E 013 014 9.849e+00
E 013 017 4.830e+01
E 014 017 5.630e+01
E 015 016 2.518e+01
E 015 017 9.801e+01
E 015 018 7.843e+01
E 016 018 7.101e+01
