N 000 096 071 9.506e-02
N 001 084 067 7.645e-01
N 002 044 004 2.358e-02
N 003 055 019 9.212e-01
N 004 023 084 4.631e-01
N 005 014 051 6.712e-01
N 006 046 059 1.369e-01
N 007 053 082 5.678e-02
N 008 081 006 7.060e-01
N 009 054 087 8.664e-01
N 010 055 069 8.023e-01
N 011 091 069 7.041e-01
N 012 084 099 3.026e-02
N 013 026 026 7.764e-01
N 014 010 032 9.904e-01
N 015 060 033 4.571e-01
N 016 060 097 3.983e-01
N 017 052 006 4.515e-01
N 018 050 043 6.790e-01
N 019 049 051 2.658e-01
E 000 002 8.481e+01
E 000 003 6.622e+01
E 000 005 8.440e+01
E 000 006 5.142e+01
E 000 010 4.105e+01
E 000 012 3.046e+01
E 001 003 5.608e+01
E 001 005 7.181e+01
E 001 007 3.444e+01
E 001 016 3.842e+01
E 001 018 4.162e+01
E 001 019 3.848e+01
E 002 008 3.705e+01
E 002 016 9.437e+01
E 002 017 8.246e+00
E 003 010 5.000e+01
E 003 013 2.983e+01
E 003 008 2.907e+01
E 004 008 9.720e+01
E 004 017 8.322e+01
E 004 014 5.360e+01
E 004 007 3.007e+01
E 005 009 5.381e+01
E 005 011 7.908e+01
E 005 013 2.773e+01
E 005 016 6.505e+01
E 006 007 2.404e+01
E 006 012 5.517e+01
E 006 016 4.050e+01
E 006 017 5.334e+01
E 006 018 1.649e+01
E 006 019 8.544e+00
E 007 008 8.099e+01
E 007 011 4.016e+01
E 007 013 6.217e+01
E 007 014 6.595e+01
E 007 015 4.950e+01
E 007 018 3.912e+01
E 008 012 9.305e+01
E 008 016 9.339e+01
E 008 017 2.900e+01
E 008 019 5.522e+01
E 009 016 1.166e+01
E 009 017 8.102e+01
E 009 018 4.418e+01
E 009 019 3.635e+01
E 010 011 3.600e+01
E 010 014 5.826e+01
E 010 015 3.635e+01
E 011 012 3.081e+01
E 012 016 2.408e+01
E 013 014 1.709e+01
E 013 018 2.941e+01
E 013 019 3.397e+01
E 014 015 5.001e+01
E 014 017 4.940e+01
E 014 018 4.148e+01
E 015 019 2.110e+01
E 016 018 5.492e+01
E 016 019 4.730e+01
