N 000 020 027 8.320e-01
N 001 036 046 7.959e-01
N 002 018 073 2.458e-01
N 003 035 019 6.454e-01
N 004 034 075 3.146e-02
N 005 072 002 2.124e-01
N 006 014 010 9.476e-01
N 007 021 004 2.026e-01
N 008 085 020 7.813e-01
N 009 007 005 3.884e-01
N 010 056 038 5.406e-02
N 011 028 046 4.782e-01
N 012 081 054 9.459e-02
N 013 026 017 2.939e-01
N 014 001 006 9.437e-01
N 015 041 027 8.801e-01
N 016 095 078 1.150e-01
N 017 044 099 1.933e-01
N 018 017 046 7.637e-01
N 019 054 071 5.603e-01
E 000 016 9.070e+01
E 000 009 2.555e+01
E 000 002 4.604e+01
E 000 003 1.700e+01
E 000 012 6.671e+01
E 001 017 5.360e+01
E 001 015 1.965e+01
E 001 004 2.907e+01
E 001 007 4.460e+01
E 002 005 8.920e+01
E 002 011 2.879e+01
E 002 012 6.580e+01
E 002 017 3.677e+01
E 002 018 2.702e+01
E 003 006 2.285e+01
E 003 007 2.052e+01
E 003 008 5.001e+01
E 003 013 9.220e+00
E 003 014 3.640e+01
E 003 017 8.050e+01
E 004 008 7.501e+01
E 004 011 2.961e+01
E 004 012 5.148e+01
E 004 013 5.855e+01
E 004 015 4.851e+01
E 004 018 3.362e+01
E 004 019 2.040e+01
E 005 014 7.111e+01
E 005 007 5.104e+01
E 006 011 3.863e+01
E 006 009 8.602e+00
E 006 019 7.295e+01
E 006 015 3.191e+01
E 007 008 6.597e+01
E 007 014 2.010e+01
E 007 015 3.048e+01
E 007 019 7.469e+01
E 008 009 7.943e+01
E 008 013 5.908e+01
E 008 014 8.516e+01
E 008 018 7.280e+01
E 009 012 8.875e+01
E 009 013 2.247e+01
E 009 014 6.083e+00
E 009 017 1.010e+02
E 009 018 4.220e+01
E 010 017 6.217e+01
E 010 015 1.860e+01
E 012 013 6.629e+01
E 012 016 2.778e+01
E 012 017 5.826e+01
E 012 019 3.191e+01
E 013 014 2.731e+01
E 013 017 8.395e+01
E 013 018 3.036e+01
E 014 017 1.025e+02
E 014 019 8.387e+01
E 015 017 7.206e+01
E 015 019 4.588e+01
E 017 018 5.948e+01
