N 000 065 039 5.027e-01
N 001 007 009 4.039e-01
N 002 079 007 6.560e-02
N 003 067 006 2.122e-01
N 004 096 022 5.541e-01
N 005 073 009 7.516e-01
N 006 044 004 8.584e-01
N 007 065 091 8.294e-01
N 008 075 097 2.834e-03
N 009 025 039 7.499e-01
N 010 034 079 7.866e-01
N 011 098 038 2.090e-01
N 012 075 080 9.561e-01
N 013 000 030 4.933e-01
N 014 091 071 1.379e-01
N 015 025 025 5.931e-01
N 016 027 074 6.348e-01
N 017 054 002 4.353e-01
N 018 041 054 7.459e-01
N 019 094 087 3.044e-01
E 000 004 3.536e+01
E 000 006 4.082e+01
E 000 007 5.200e+01
E 000 012 4.220e+01
E 000 013 6.562e+01
E 000 018 2.830e+01
E 001 002 7.203e+01
E 001 005 6.600e+01
E 001 008 1.112e+02
E 001 010 7.503e+01
E 001 015 2.408e+01
E 001 017 4.752e+01
E 002 003 1.204e+01
E 002 006 3.513e+01
E 002 009 6.277e+01
E 002 014 6.512e+01
E 002 015 5.692e+01
E 002 016 8.481e+01
E 002 017 2.550e+01
E 002 018 6.044e+01
E 003 006 2.309e+01
E 003 007 8.502e+01
E 003 008 9.135e+01
E 003 009 5.341e+01
E 003 011 4.455e+01
E 003 012 7.443e+01
E 003 013 7.117e+01
E 003 015 4.610e+01
E 003 018 5.459e+01
E 004 006 5.503e+01
E 004 008 7.788e+01
E 004 009 7.301e+01
E 004 011 1.612e+01
E 004 015 7.106e+01
E 005 007 8.239e+01
E 005 014 6.456e+01
E 005 015 5.060e+01
E 005 017 2.025e+01
E 005 019 8.078e+01
E 006 007 8.950e+01
E 006 012 8.208e+01
E 006 014 8.184e+01
E 006 016 7.203e+01
E 006 017 1.020e+01
E 006 018 5.009e+01
E 007 013 8.914e+01
E 008 012 1.700e+01
E 008 013 1.006e+02
E 008 016 5.323e+01
E 009 019 8.405e+01
E 009 018 2.193e+01
E 010 011 7.601e+01
E 010 012 4.101e+01
E 010 015 5.474e+01
E 012 014 1.836e+01
E 012 016 4.837e+01
E 012 018 4.280e+01
E 014 015 8.045e+01
E 015 016 4.904e+01
E 016 017 7.690e+01
