N 000 098 090 5.211e-01
N 001 060 049 9.702e-01
N 002 038 050 4.407e-01
N 003 045 024 5.220e-02
N 004 085 026 3.467e-01
N 005 079 096 5.030e-01
N 006 043 069 8.189e-01
N 007 021 091 6.514e-01
N 008 033 099 1.782e-01
N 009 043 090 7.983e-01
N 010 009 083 4.396e-01
N 011 048 042 5.938e-01
N 012 024 076 9.253e-01
N 013 068 051 3.005e-01
N 014 060 035 9.678e-01
N 015 040 058 6.835e-01
N 016 031 034 9.958e-01
N 017 026 071 2.905e-01
N 018 099 076 8.212e-01
N 019 027 072 4.635e-01
E 000 001 5.590e+01
E 000 019 7.325e+01
E 000 012 7.531e+01
E 000 017 7.446e+01
E 000 015 6.624e+01
E 001 005 5.070e+01
E 001 006 2.625e+01
E 001 010 6.129e+01
E 001 012 4.500e+01
E 001 013 8.246e+00
E 001 015 2.193e+01
E 001 016 3.265e+01
E 001 019 4.022e+01
E 002 004 5.277e+01
E 002 005 6.162e+01
E 002 006 1.965e+01
E 002 009 4.031e+01
E 002 010 4.393e+01
E 002 011 1.281e+01
E 002 012 2.953e+01
E 002 019 2.460e+01
E 003 009 6.603e+01
E 003 007 7.117e+01
E 004 012 7.887e+01
E 004 013 3.023e+01
E 004 014 2.657e+01
E 004 016 5.459e+01
E 004 017 7.420e+01
E 005 007 5.822e+01
E 005 012 5.852e+01
E 005 013 4.632e+01
E 005 015 5.445e+01
E 005 018 2.828e+01
E 006 008 3.162e+01
E 006 009 2.100e+01
E 006 011 2.746e+01
E 006 018 5.644e+01
E 007 008 1.442e+01
E 007 011 5.595e+01
E 007 014 6.824e+01
E 007 015 3.808e+01
E 007 019 1.992e+01
E 008 015 4.159e+01
E 008 011 5.894e+01
E 009 013 4.632e+01
E 009 016 5.727e+01
E 009 017 2.550e+01
E 009 018 5.772e+01
E 010 013 6.712e+01
E 010 015 3.982e+01
E 010 016 5.371e+01
E 010 017 2.081e+01
E 010 019 2.110e+01
E 012 014 5.456e+01
E 012 017 5.385e+00
E 013 018 3.982e+01
E 013 019 4.607e+01
E 015 016 2.563e+01
E 015 019 1.910e+01
E 016 017 3.734e+01
