N 000 093 055 5.930e-01
N 001 077 017 2.298e-01
N 002 063 086 2.567e-01
N 003 041 040 2.445e-01
N 004 084 033 5.139e-01
N 005 068 003 1.083e-01
N 006 085 096 9.216e-01
N 007 089 076 2.477e-01
N 008 088 057 3.742e-01
N 009 053 077 5.586e-01
N 010 044 091 8.185e-01
N 011 062 015 5.842e-01
N 012 037 066 6.872e-01
N 013 022 040 3.261e-01
N 014 007 074 4.247e-01
N 015 014 053 2.555e-01
N 016 014 033 1.392e-01
N 017 087 012 3.009e-01
N 018 037 067 9.118e-01
N 019 051 046 5.443e-01
E 000 009 4.565e+01
E 000 018 5.727e+01
E 000 019 4.295e+01
E 000 013 7.257e+01
E 000 017 4.342e+01
E 001 019 3.895e+01
E 001 012 6.325e+01
E 001 007 6.021e+01
E 002 008 3.829e+01
E 002 011 7.101e+01
E 002 003 5.099e+01
E 002 007 2.786e+01
E 003 006 7.122e+01
E 003 009 3.890e+01
E 003 010 5.109e+01
E 003 011 3.265e+01
E 003 012 2.631e+01
E 003 014 4.808e+01
E 003 015 2.997e+01
E 003 017 5.385e+01
E 003 018 2.729e+01
E 003 019 1.166e+01
E 004 006 6.301e+01
E 004 007 4.329e+01
E 004 011 2.843e+01
E 004 013 6.239e+01
E 004 015 7.280e+01
E 004 019 3.547e+01
E 005 018 7.111e+01
E 005 011 1.342e+01
E 005 007 7.596e+01
E 006 009 3.722e+01
E 006 012 5.660e+01
E 006 015 8.301e+01
E 006 016 9.492e+01
E 006 017 8.402e+01
E 006 018 5.608e+01
E 007 008 1.903e+01
E 007 012 5.295e+01
E 007 013 7.606e+01
E 007 014 8.202e+01
E 008 012 5.179e+01
E 008 013 6.815e+01
E 008 015 7.411e+01
E 008 017 4.501e+01
E 009 017 7.336e+01
E 009 010 1.664e+01
E 010 012 2.596e+01
E 010 013 5.554e+01
E 011 013 4.717e+01
E 011 016 5.126e+01
E 011 018 5.770e+01
E 012 013 3.002e+01
E 012 014 3.105e+01
E 013 019 2.961e+01
E 014 018 3.081e+01
E 015 018 2.693e+01
E 015 019 3.766e+01
E 016 017 7.596e+01
E 018 019 2.524e+01
