N 000 010 055 3.223e-01
N 001 054 021 4.096e-01
N 002 080 094 9.498e-01
N 003 025 003 4.291e-01
N 004 051 066 6.532e-01
N 005 046 043 7.465e-01
N 006 030 097 6.885e-01
N 007 064 019 3.404e-01
N 008 022 006 7.028e-01
N 009 079 069 8.220e-01
N 010 051 066 2.222e-01
N 011 054 071 8.878e-01
N 012 086 056 8.469e-01
N 013 022 052 4.233e-01
N 014 076 015 7.520e-01
N 015 033 056 2.908e-01
N 016 003 046 6.913e-01
N 017 097 033 7.514e-01
N 018 020 030 1.564e-01
N 019 027 043 6.182e-01
E 000 003 5.412e+01
E 000 004 4.245e+01
E 000 005 3.795e+01
E 000 007 6.490e+01
E 000 013 1.237e+01
E 000 014 7.718e+01
E 000 016 1.140e+01
E 001 017 4.464e+01
E 001 010 4.510e+01
E 001 015 4.082e+01
E 002 009 2.502e+01
E 002 005 6.129e+01
E 002 017 6.332e+01
E 003 016 4.830e+01
E 003 010 6.815e+01
E 003 011 7.393e+01
E 003 015 5.360e+01
E 004 008 6.664e+01
E 004 011 5.831e+00
E 004 014 5.680e+01
E 004 017 5.661e+01
E 004 019 3.324e+01
E 005 008 4.410e+01
E 005 011 2.912e+01
E 005 012 4.206e+01
E 005 014 4.104e+01
E 005 015 1.838e+01
E 005 017 5.197e+01
E 005 018 2.907e+01
E 005 019 1.900e+01
E 006 011 3.538e+01
E 006 007 8.509e+01
E 007 013 5.341e+01
E 007 014 1.265e+01
E 007 016 6.671e+01
E 007 017 3.585e+01
E 007 019 4.410e+01
E 008 009 8.496e+01
E 008 012 8.122e+01
E 008 013 4.600e+01
E 008 014 5.474e+01
E 008 015 5.120e+01
E 008 017 7.971e+01
E 009 017 4.025e+01
E 009 012 1.476e+01
E 009 013 5.948e+01
E 010 016 5.200e+01
E 010 012 3.640e+01
E 010 015 2.059e+01
E 011 013 3.722e+01
E 011 015 2.581e+01
E 011 018 5.326e+01
E 013 015 1.170e+01
E 013 018 2.209e+01
E 013 019 1.030e+01
E 014 015 5.941e+01
E 015 017 6.801e+01
E 015 018 2.907e+01
E 015 019 1.432e+01
E 018 019 1.476e+01
