N 000 080 080 9.475e-02
N 001 033 090 2.962e-01
N 002 018 086 7.751e-01
N 003 006 084 7.679e-01
N 004 093 006 8.798e-02
N 005 048 085 9.319e-02
N 006 026 066 4.620e-01
N 007 088 000 3.966e-01
N 008 067 011 6.442e-01
N 009 075 033 5.466e-01
N 010 003 094 6.092e-01
N 011 054 023 8.004e-01
N 012 048 001 6.029e-01
N 013 014 070 1.514e-01
N 014 043 090 5.597e-01
N 015 048 082 3.472e-01
N 016 098 021 2.283e-01
N 017 093 003 2.128e-01
N 018 095 062 7.379e-01
N 019 005 033 3.098e-01
E 000 008 7.021e+01
E 000 001 4.805e+01
E 000 017 7.809e+01
E 000 005 3.239e+01
E 000 009 4.727e+01
E 001 005 1.581e+01
E 001 009 7.080e+01
E 001 010 3.027e+01
E 001 011 7.021e+01
E 001 013 2.759e+01
E 001 016 9.479e+01
E 002 006 2.154e+01
E 002 007 1.109e+02
E 002 009 7.783e+01
E 002 010 1.700e+01
E 002 012 9.014e+01
E 002 016 1.031e+02
E 002 017 1.119e+02
E 002 018 8.065e+01
E 003 017 1.189e+02
E 003 014 3.748e+01
E 003 013 1.612e+01
E 003 006 2.691e+01
E 003 015 4.205e+01
E 004 008 2.648e+01
E 004 009 3.245e+01
E 004 005 9.092e+01
E 004 017 3.000e+00
E 005 006 2.907e+01
E 005 008 7.640e+01
E 005 013 3.716e+01
E 005 015 3.000e+00
E 005 018 5.233e+01
E 006 009 5.908e+01
E 006 017 9.197e+01
E 006 018 6.912e+01
E 006 019 3.912e+01
E 007 009 3.547e+01
E 007 012 4.001e+01
E 007 010 1.267e+02
E 007 013 1.019e+02
E 008 013 7.931e+01
E 008 014 8.257e+01
E 008 015 7.350e+01
E 009 011 2.326e+01
E 009 014 6.537e+01
E 009 016 2.594e+01
E 009 019 7.000e+01
E 010 012 1.033e+02
E 011 018 5.659e+01
E 011 019 5.001e+01
E 012 015 8.100e+01
E 013 017 1.036e+02
E 015 016 7.887e+01
E 015 018 5.108e+01
E 016 018 4.111e+01
E 016 019 9.377e+01
E 017 018 5.903e+01
E 017 019 9.297e+01
E 018 019 9.456e+01
