N 000 085 053 2.364e-02
N 001 010 003 6.569e-01
N 002 012 085 3.152e-01
N 003 069 061 9.235e-01
N 004 042 032 8.528e-01
N 005 079 077 4.578e-01
N 006 051 059 4.663e-01
N 007 089 034 1.724e-01
N 008 028 055 3.607e-01
N 009 094 065 7.808e-01
N 010 067 074 4.749e-01
N 011 005 087 9.949e-02
N 012 015 028 3.675e-03
N 013 011 002 9.289e-01
N 014 045 002 3.587e-01
N 015 048 005 3.609e-01
N 016 021 099 6.691e-01
N 017 025 092 4.522e-01
N 018 067 037 5.373e-01
N 019 016 018 9.672e-01
E 000 003 1.789e+01
E 000 004 4.785e+01
E 000 007 1.942e+01
E 000 008 5.704e+01
E 000 014 6.482e+01
E 000 015 6.061e+01
E 000 016 7.882e+01
E 001 003 8.273e+01
E 001 009 1.044e+02
E 001 010 9.105e+01
E 001 011 8.415e+01
E 001 014 3.501e+01
E 001 015 3.805e+01
E 001 016 9.663e+01
E 001 019 1.616e+01
E 002 016 1.664e+01
E 002 009 8.440e+01
E 002 012 5.708e+01
E 002 013 8.301e+01
E 002 017 1.476e+01
E 003 018 2.408e+01
E 003 006 1.811e+01
E 003 009 2.532e+01
E 004 005 5.826e+01
E 004 006 2.846e+01
E 004 014 3.015e+01
E 004 017 6.236e+01
E 004 019 2.953e+01
E 005 006 3.329e+01
E 005 007 4.415e+01
E 005 017 5.604e+01
E 005 018 4.176e+01
E 005 019 8.631e+01
E 006 007 4.549e+01
E 006 010 2.193e+01
E 006 011 5.385e+01
E 006 013 6.963e+01
E 006 016 5.000e+01
E 007 010 4.565e+01
E 007 012 7.424e+01
E 007 014 5.441e+01
E 007 018 2.220e+01
E 007 019 7.473e+01
E 008 011 3.941e+01
E 008 014 5.566e+01
E 009 013 1.042e+02
E 009 014 7.981e+01
E 009 017 7.409e+01
E 009 019 9.107e+01
E 011 018 7.965e+01
E 011 013 8.521e+01
E 012 015 4.022e+01
E 012 013 2.631e+01
E 012 014 3.970e+01
E 013 019 1.676e+01
E 014 018 4.134e+01
E 015 018 3.722e+01
E 016 017 8.062e+00
E 016 018 7.720e+01
E 016 019 8.115e+01
