N 000 024 029 6.585e-01
N 001 052 065 8.840e-02
N 002 003 000 5.936e-01
N 003 007 035 5.052e-03
N 004 052 044 7.876e-02
N 005 044 020 2.674e-01
N 006 025 024 4.955e-01
N 007 031 072 3.768e-01
N 008 001 065 9.061e-01
N 009 079 009 1.169e-01
N 010 057 057 4.595e-01
N 011 056 062 4.521e-01
N 012 028 035 1.407e-01
N 013 020 003 6.678e-03
N 014 008 073 3.074e-01
N 015 029 081 4.199e-01
N 016 091 003 9.968e-01
N 017 027 005 6.873e-01
N 018 018 006 9.312e-01
N 019 021 058 8.450e-01
E 000 004 3.176e+01
E 000 005 2.193e+01
E 000 008 4.272e+01
E 000 010 4.328e+01
E 000 015 5.224e+01
E 000 017 2.419e+01
E 001 004 2.100e+01
E 001 005 4.571e+01
E 001 007 2.214e+01
E 001 015 2.802e+01
E 001 016 7.325e+01
E 001 018 6.810e+01
E 001 019 3.178e+01
E 002 017 2.452e+01
E 002 012 4.301e+01
E 002 013 1.726e+01
E 002 006 3.256e+01
E 002 007 7.725e+01
E 003 004 4.589e+01
E 003 005 3.992e+01
E 003 007 4.410e+01
E 003 008 3.059e+01
E 003 009 7.655e+01
E 003 012 2.100e+01
E 003 016 8.989e+01
E 003 019 2.693e+01
E 004 005 2.530e+01
E 004 014 5.270e+01
E 004 016 5.659e+01
E 005 011 4.368e+01
E 005 019 4.442e+01
E 006 016 6.926e+01
E 006 018 1.931e+01
E 006 014 5.187e+01
E 007 018 6.727e+01
E 007 010 3.002e+01
E 008 009 9.602e+01
E 008 012 4.036e+01
E 008 015 3.225e+01
E 008 016 1.093e+02
E 008 017 6.539e+01
E 008 018 6.140e+01
E 009 010 5.280e+01
E 009 012 5.725e+01
E 009 013 5.930e+01
E 009 015 8.766e+01
E 009 019 7.593e+01
E 010 013 6.546e+01
E 010 014 5.155e+01
E 010 015 3.688e+01
E 010 017 6.003e+01
E 011 015 3.302e+01
E 012 016 7.066e+01
E 013 016 7.100e+01
E 013 015 7.852e+01
E 014 017 7.060e+01
E 014 018 6.774e+01
E 015 018 7.580e+01
E 016 018 7.306e+01
E 017 018 9.055e+00
