N 000 089 018 3.253e-01
N 001 062 071 6.766e-01
N 002 058 069 2.082e-01
N 003 039 075 3.992e-03
N 004 037 052 8.910e-01
N 005 057 016 4.735e-01
N 006 010 074 7.703e-01
N 007 080 023 3.302e-02
N 008 084 071 3.892e-01
N 009 063 029 5.454e-01
N 010 023 093 5.056e-01
N 011 050 042 2.719e-01
N 012 061 058 8.631e-01
N 013 035 040 2.279e-01
N 014 096 067 6.091e-01
N 015 015 015 9.276e-01
N 016 067 059 7.882e-01
N 017 011 005 6.654e-01
N 018 096 004 7.735e-01
N 019 011 025 1.734e-03
E 000 019 7.831e+01
E 000 018 1.565e+01
E 000 015 7.406e+01
E 000 014 4.950e+01
E 000 007 1.030e+01
E 001 005 5.523e+01
E 001 006 5.209e+01
E 001 007 5.126e+01
E 001 011 3.138e+01
E 001 015 7.311e+01
E 001 016 1.300e+01
E 002 008 2.608e+01
E 002 018 7.529e+01
E 002 015 6.903e+01
E 002 007 5.099e+01
E 003 004 2.309e+01
E 003 005 6.168e+01
E 003 010 2.408e+01
E 003 011 3.479e+01
E 003 013 3.523e+01
E 003 014 5.756e+01
E 003 015 6.462e+01
E 004 006 3.483e+01
E 004 007 5.187e+01
E 004 009 3.471e+01
E 004 013 1.217e+01
E 004 014 6.088e+01
E 004 018 7.606e+01
E 004 019 3.748e+01
E 005 014 6.420e+01
E 005 017 4.730e+01
E 006 009 6.953e+01
E 006 010 2.302e+01
E 006 013 4.220e+01
E 006 016 5.894e+01
E 007 008 4.817e+01
E 007 011 3.551e+01
E 007 014 4.682e+01
E 007 017 7.131e+01
E 007 018 2.484e+01
E 007 019 6.903e+01
E 008 009 4.696e+01
E 008 017 9.841e+01
E 008 013 5.798e+01
E 009 014 5.033e+01
E 009 018 4.140e+01
E 009 019 5.215e+01
E 010 017 8.881e+01
E 010 012 5.166e+01
E 011 018 5.967e+01
E 011 017 5.376e+01
E 012 016 6.083e+00
E 013 014 6.671e+01
E 013 015 3.202e+01
E 013 016 3.722e+01
E 013 018 7.083e+01
E 013 019 2.830e+01
E 014 019 9.481e+01
E 016 017 7.779e+01
E 017 018 8.501e+01
