N 000 078 071 6.091e-02
N 001 013 052 4.398e-02
N 002 093 052 5.634e-01
N 003 015 009 5.657e-01
N 004 064 038 3.257e-01
N 005 065 014 5.027e-01
N 006 040 058 5.831e-01
N 007 061 017 7.289e-01
N 008 097 053 5.110e-01
N 009 069 083 9.691e-01
N 010 021 002 3.021e-01
N 011 036 069 7.127e-01
N 012 056 081 9.583e-01
N 013 066 039 5.442e-01
N 014 002 053 3.404e-01
N 015 049 088 1.579e-01
N 016 051 030 4.116e-01
N 017 036 084 1.633e-01
N 018 093 051 7.833e-01
N 019 029 032 1.868e-01
E 000 019 6.263e+01
E 000 018 2.500e+01
E 000 011 4.205e+01
E 000 004 3.585e+01
E 000 015 3.362e+01
E 001 003 4.305e+01
E 001 004 5.289e+01
E 001 007 5.941e+01
E 001 008 8.401e+01
E 001 011 2.860e+01
E 001 014 1.105e+01
E 001 016 4.391e+01
E 002 003 8.907e+01
E 002 004 3.220e+01
E 002 006 5.334e+01
E 003 005 5.025e+01
E 003 006 5.501e+01
E 003 008 9.306e+01
E 003 009 9.161e+01
E 003 011 6.357e+01
E 003 014 4.588e+01
E 003 017 7.788e+01
E 004 006 3.124e+01
E 004 012 4.374e+01
E 004 014 6.379e+01
E 004 017 5.385e+01
E 005 011 6.218e+01
E 005 016 2.126e+01
E 005 014 7.409e+01
E 005 019 4.025e+01
E 006 010 5.914e+01
E 006 012 2.802e+01
E 006 016 3.008e+01
E 007 016 1.640e+01
E 008 010 9.153e+01
E 008 011 6.306e+01
E 008 013 3.401e+01
E 008 014 9.500e+01
E 008 015 5.941e+01
E 008 019 7.117e+01
E 009 011 3.585e+01
E 009 013 4.410e+01
E 009 015 2.062e+01
E 009 016 5.597e+01
E 009 017 3.302e+01
E 009 018 4.000e+01
E 010 018 8.709e+01
E 010 015 9.044e+01
E 011 012 2.332e+01
E 011 014 3.758e+01
E 011 015 2.302e+01
E 012 013 4.317e+01
E 012 015 9.899e+00
E 013 015 5.187e+01
E 013 016 1.749e+01
E 013 018 2.955e+01
E 014 017 4.601e+01
E 015 019 5.946e+01
E 016 019 2.209e+01
E 017 018 6.586e+01
