N 000 073 025 8.752e-02
N 001 039 007 5.576e-01
N 002 001 009 3.553e-02
N 003 075 023 4.052e-01
N 004 087 085 3.485e-01
N 005 018 059 9.974e-01
N 006 068 091 9.581e-02
N 007 042 068 2.442e-01
N 008 014 030 8.526e-01
N 009 047 003 2.512e-01
N 010 050 061 1.215e-01
N 011 078 091 3.083e-01
N 012 068 063 9.994e-01
N 013 060 041 1.072e-01
N 014 054 076 4.869e-01
N 015 037 018 7.284e-01
N 016 001 030 4.398e-01
N 017 094 095 2.790e-01
N 018 039 073 7.763e-01
N 019 074 044 5.189e-01
E 000 009 3.406e+01
E 000 011 6.619e+01
E 000 004 6.161e+01
E 000 006 6.619e+01
E 000 012 3.833e+01
E 001 002 3.805e+01
E 001 003 3.940e+01
E 001 006 8.887e+01
E 001 007 6.107e+01
E 001 008 3.397e+01
E 001 013 3.996e+01
E 001 014 7.061e+01
E 001 018 6.600e+01
E 002 003 7.531e+01
E 002 004 1.148e+02
E 002 005 5.281e+01
E 002 008 2.470e+01
E 002 010 7.145e+01
E 002 019 8.096e+01
E 003 008 6.140e+01
E 003 019 2.102e+01
E 003 007 5.580e+01
E 004 008 9.140e+01
E 004 009 9.124e+01
E 004 013 5.162e+01
E 004 014 3.421e+01
E 004 015 8.360e+01
E 004 017 1.221e+01
E 004 018 4.948e+01
E 004 019 4.301e+01
E 005 009 6.306e+01
E 005 018 2.524e+01
E 005 013 4.569e+01
E 006 010 3.499e+01
E 006 011 1.000e+01
E 006 014 2.052e+01
E 006 015 7.931e+01
E 006 016 9.061e+01
E 006 019 4.738e+01
E 007 010 1.063e+01
E 007 011 4.272e+01
E 007 013 3.245e+01
E 007 014 1.442e+01
E 008 011 8.841e+01
E 008 012 6.329e+01
E 008 015 2.594e+01
E 009 017 1.033e+02
E 009 015 1.803e+01
E 010 011 4.104e+01
E 010 012 1.811e+01
E 010 017 5.561e+01
E 011 013 5.314e+01
E 011 015 8.373e+01
E 011 017 1.649e+01
E 012 018 3.068e+01
E 013 014 3.551e+01
E 014 016 7.018e+01
E 014 018 1.530e+01
E 015 019 4.522e+01
E 016 018 5.738e+01
