N 000 057 051 4.222e-01
N 001 099 080 1.515e-01
N 002 037 021 2.707e-01
N 003 015 065 8.837e-02
N 004 085 007 5.156e-01
N 005 089 019 1.921e-01
N 006 068 072 5.473e-01
N 007 029 036 3.004e-01
N 008 023 078 2.152e-01
N 009 012 047 6.062e-01
N 010 058 090 8.137e-01
N 011 069 031 3.526e-01
N 012 085 044 7.455e-01
N 013 088 095 1.552e-01
N 014 035 041 4.679e-01
N 015 004 072 3.951e-01
N 016 083 062 7.415e-01
N 017 088 019 8.572e-01
N 018 076 059 4.462e-01
N 019 014 060 8.093e-01
E 000 001 5.104e+01
E 000 011 2.332e+01
E 000 005 4.525e+01
E 000 007 3.176e+01
E 001 002 8.559e+01
E 001 003 8.533e+01
E 001 004 7.433e+01
E 001 006 3.202e+01
E 001 009 9.305e+01
E 001 011 5.745e+01
E 001 012 3.863e+01
E 002 008 5.869e+01
E 002 011 3.353e+01
E 002 017 5.104e+01
E 003 016 6.807e+01
E 003 005 8.713e+01
E 003 014 3.124e+01
E 003 017 8.628e+01
E 004 005 1.265e+01
E 004 006 6.719e+01
E 004 007 6.306e+01
E 004 014 6.046e+01
E 004 017 1.237e+01
E 004 018 5.277e+01
E 005 017 1.000e+00
E 005 015 1.002e+02
E 006 008 4.540e+01
E 006 009 6.133e+01
E 006 013 3.048e+01
E 006 017 5.665e+01
E 006 018 1.526e+01
E 007 010 6.129e+01
E 007 011 4.031e+01
E 007 012 5.657e+01
E 007 013 8.344e+01
E 007 015 4.383e+01
E 007 018 5.233e+01
E 007 019 2.830e+01
E 008 009 3.289e+01
E 008 012 7.071e+01
E 008 014 3.890e+01
E 008 016 6.210e+01
E 008 019 2.012e+01
E 009 010 6.297e+01
E 009 011 5.920e+01
E 009 015 2.625e+01
E 009 016 7.257e+01
E 009 019 1.315e+01
E 010 012 5.334e+01
E 010 013 3.041e+01
E 010 015 5.692e+01
E 010 018 3.585e+01
E 011 015 7.685e+01
E 011 019 6.218e+01
E 012 015 8.570e+01
E 013 019 8.186e+01
E 014 017 5.738e+01
E 014 015 4.384e+01
E 016 018 7.616e+00
E 016 019 6.903e+01
