N 000 086 012 3.105e-01
N 001 065 074 1.655e-02
N 002 032 026 7.048e-01
N 003 030 091 2.537e-01
N 004 054 040 3.686e-01
N 005 045 059 6.905e-01
N 006 024 031 6.032e-01
N 007 066 072 8.858e-01
N 008 037 042 5.172e-01
N 009 042 087 3.510e-01
N 010 072 065 1.109e-02
N 011 029 063 2.789e-01
N 012 056 058 1.874e-02
N 013 002 002 3.837e-01
N 014 021 054 3.009e-01
N 015 051 031 2.324e-01
N 016 026 038 1.972e-01
N 017 059 069 9.727e-01
N 018 086 024 2.323e-01
N 019 063 073 7.731e-01
E 000 006 6.485e+01
E 000 007 6.325e+01
E 000 011 7.649e+01
E 000 012 5.492e+01
E 000 014 7.739e+01
E 000 015 3.982e+01
E 000 016 6.539e+01
E 001 003 3.891e+01
E 001 005 2.500e+01
E 001 006 5.941e+01
E 001 008 4.252e+01
E 001 012 1.836e+01
E 001 015 4.522e+01
E 001 016 5.308e+01
E 002 008 1.676e+01
E 002 009 6.181e+01
E 002 015 1.965e+01
E 002 005 3.547e+01
E 002 007 5.720e+01
E 003 004 5.636e+01
E 003 006 6.030e+01
E 003 007 4.071e+01
E 003 009 1.265e+01
E 003 010 4.940e+01
E 003 014 3.808e+01
E 003 017 3.640e+01
E 004 008 1.712e+01
E 004 012 1.811e+01
E 004 013 6.440e+01
E 004 014 3.585e+01
E 004 018 3.578e+01
E 005 007 2.470e+01
E 005 010 2.766e+01
E 005 013 7.140e+01
E 005 019 2.280e+01
E 006 012 4.187e+01
E 006 014 2.319e+01
E 006 015 2.700e+01
E 007 008 4.173e+01
E 007 010 9.220e+00
E 007 011 3.808e+01
E 007 012 1.720e+01
E 007 014 4.847e+01
E 008 013 5.315e+01
E 008 017 3.483e+01
E 009 010 3.720e+01
E 009 011 2.729e+01
E 009 012 3.220e+01
E 009 018 7.684e+01
E 009 019 2.524e+01
E 010 014 5.217e+01
E 010 017 1.360e+01
E 011 016 2.518e+01
E 012 016 3.606e+01
E 012 017 1.140e+01
E 013 014 5.536e+01
E 013 015 5.694e+01
E 014 017 4.085e+01
E 014 019 4.610e+01
E 018 019 5.413e+01
