N 000 077 024 1.766e-01
N 001 065 015 9.814e-01
N 002 041 041 1.375e-02
N 003 061 030 2.078e-02
N 004 013 095 8.916e-02
N 005 040 084 2.553e-01
N 006 020 032 7.191e-01
N 007 062 080 3.696e-01
N 008 035 008 7.759e-01
N 009 005 078 9.532e-01
N 010 062 027 4.000e-01
N 011 038 037 6.540e-01
N 012 042 020 7.698e-01
N 013 094 053 4.126e-01
N 014 021 092 5.205e-01
N 015 014 017 6.193e-01
N 016 031 011 2.414e-01
N 017 026 022 2.496e-01
N 018 029 023 7.204e-01
N 019 064 052 3.721e-01
E 000 002 3.981e+01
E 000 004 9.559e+01
E 000 005 7.049e+01
E 000 006 5.756e+01
E 000 015 6.339e+01
E 000 016 4.780e+01
E 001 003 1.552e+01
E 001 005 7.339e+01
E 001 007 6.507e+01
E 001 009 8.700e+01
E 001 010 1.237e+01
E 001 012 2.354e+01
E 002 003 2.283e+01
E 002 004 6.083e+01
E 002 007 4.429e+01
E 002 014 5.478e+01
E 002 018 2.163e+01
E 003 008 3.406e+01
E 003 004 8.080e+01
E 003 017 3.590e+01
E 004 005 2.915e+01
E 004 010 8.382e+01
E 004 013 9.124e+01
E 004 014 8.544e+00
E 004 019 6.671e+01
E 005 007 2.236e+01
E 005 009 3.551e+01
E 005 011 4.704e+01
E 005 012 6.403e+01
E 005 015 7.187e+01
E 006 012 2.506e+01
E 006 013 7.692e+01
E 006 016 2.371e+01
E 006 017 1.166e+01
E 006 018 1.273e+01
E 006 019 4.833e+01
E 007 014 4.272e+01
E 007 016 7.564e+01
E 007 018 6.586e+01
E 008 016 5.000e+00
E 008 012 1.389e+01
E 009 010 7.649e+01
E 009 018 6.001e+01
E 009 013 9.244e+01
E 010 016 3.489e+01
E 010 019 2.508e+01
E 011 017 1.921e+01
E 011 012 1.746e+01
E 011 013 5.824e+01
E 012 013 6.159e+01
E 012 015 2.816e+01
E 012 016 1.421e+01
E 012 019 3.883e+01
E 013 016 7.572e+01
E 013 018 7.159e+01
E 014 017 7.018e+01
E 014 018 6.946e+01
E 015 016 1.803e+01
E 016 019 5.263e+01
E 017 019 4.841e+01
