N 000 054 075 4.850e-02
N 001 056 070 7.699e-01
N 002 039 020 2.849e-01
N 003 083 088 1.618e-01
N 004 067 093 9.848e-01
N 005 089 030 3.454e-01
N 006 004 085 6.786e-01
N 007 078 036 5.493e-01
N 008 078 059 9.620e-01
N 009 070 062 4.803e-01
N 010 064 079 7.354e-01
N 011 034 094 3.400e-01
N 012 054 063 9.389e-02
N 013 067 021 9.542e-01
N 014 097 085 9.087e-02
N 015 015 026 3.869e-01
N 016 091 028 6.473e-01
N 017 068 060 5.742e-02
N 018 041 030 7.136e-01
N 019 054 036 3.296e-01
E 000 008 2.884e+01
E 000 011 2.759e+01
E 000 004 2.220e+01
E 000 005 5.701e+01
E 000 013 5.554e+01
E 001 003 3.245e+01
E 001 005 5.186e+01
E 001 013 5.022e+01
E 001 014 4.366e+01
E 001 015 6.014e+01
E 001 019 3.406e+01
E 002 009 5.220e+01
E 002 018 1.020e+01
E 002 004 7.819e+01
E 003 019 5.954e+01
E 003 010 2.102e+01
E 003 011 4.937e+01
E 003 018 7.161e+01
E 004 007 5.805e+01
E 004 009 3.114e+01
E 004 011 3.302e+01
E 004 012 3.270e+01
E 004 015 8.481e+01
E 004 016 6.929e+01
E 005 006 1.012e+02
E 005 008 3.102e+01
E 005 009 3.722e+01
E 005 012 4.810e+01
E 005 013 2.377e+01
E 005 018 4.800e+01
E 005 019 3.551e+01
E 006 016 1.040e+02
E 006 009 6.989e+01
E 006 018 6.629e+01
E 007 008 2.300e+01
E 007 011 7.280e+01
E 007 012 3.612e+01
E 007 013 1.860e+01
E 007 014 5.255e+01
E 008 012 2.433e+01
E 008 013 3.956e+01
E 008 014 3.220e+01
E 008 015 7.112e+01
E 008 016 3.362e+01
E 009 011 4.817e+01
E 009 012 1.603e+01
E 009 014 3.547e+01
E 009 015 6.573e+01
E 010 011 3.354e+01
E 010 019 4.415e+01
E 011 013 8.011e+01
E 011 015 7.060e+01
E 011 017 4.808e+01
E 012 014 4.830e+01
E 012 015 5.376e+01
E 012 016 5.093e+01
E 012 017 1.432e+01
E 013 015 5.224e+01
E 013 016 2.500e+01
E 016 017 3.941e+01
