N 000 016 083 3.832e-01
N 001 070 030 1.479e-01
N 002 026 090 9.579e-02
N 003 052 025 3.938e-02
N 004 044 089 3.818e-01
N 005 063 045 7.789e-01
N 006 094 002 5.896e-01
N 007 050 096 7.223e-01
N 008 088 069 8.734e-01
N 009 089 032 6.452e-01
N 010 086 029 8.542e-01
N 011 043 008 5.554e-01
N 012 098 003 4.514e-01
N 013 046 017 1.100e-01
N 014 007 094 1.359e-01
N 015 092 079 6.239e-01
N 016 038 087 4.873e-01
N 017 097 058 8.909e-01
N 018 085 069 6.264e-01
N 019 043 058 1.177e-01
E 000 008 7.335e+01
E 000 018 7.041e+01
E 000 019 3.680e+01
E 000 004 2.864e+01
E 000 014 1.421e+01
E 001 002 7.440e+01
E 001 004 6.447e+01
E 001 007 6.896e+01
E 001 008 4.295e+01
E 001 009 1.910e+01
E 001 010 1.603e+01
E 002 009 8.563e+01
E 002 010 8.556e+01
E 002 012 1.129e+02
E 002 013 7.569e+01
E 002 015 6.691e+01
E 002 016 1.237e+01
E 002 017 7.788e+01
E 002 018 6.263e+01
E 003 018 5.500e+01
E 003 014 8.238e+01
E 004 011 8.101e+01
E 004 017 6.140e+01
E 005 008 3.466e+01
E 005 009 2.907e+01
E 005 014 7.441e+01
E 005 006 5.301e+01
E 005 007 5.263e+01
E 006 017 5.608e+01
E 006 018 6.760e+01
E 006 012 4.123e+00
E 007 010 7.606e+01
E 007 012 1.047e+02
E 007 017 6.044e+01
E 007 019 3.864e+01
E 008 010 4.005e+01
E 008 012 6.675e+01
E 008 015 1.077e+01
E 008 016 5.314e+01
E 008 018 3.000e+00
E 009 011 5.188e+01
E 009 012 3.036e+01
E 009 015 4.710e+01
E 010 011 4.785e+01
E 010 014 1.023e+02
E 010 018 4.001e+01
E 010 019 5.187e+01
E 011 013 9.487e+00
E 011 016 7.916e+01
E 011 018 7.406e+01
E 012 015 7.624e+01
E 012 016 1.032e+02
E 012 017 5.501e+01
E 012 018 6.727e+01
E 013 018 6.500e+01
E 014 016 3.178e+01
E 015 017 2.159e+01
E 016 017 6.574e+01
E 016 018 5.033e+01
E 017 018 1.628e+01
