N 000 014 027 6.697e-01
N 001 001 051 1.490e-01
N 002 043 023 5.059e-01
N 003 085 040 8.630e-01
N 004 025 053 2.071e-01
N 005 079 027 3.356e-01
N 006 098 038 5.078e-01
N 007 041 014 8.756e-02
N 008 031 092 5.747e-01
N 009 032 021 5.890e-01
N 010 005 022 4.916e-01
N 011 014 019 5.845e-01
N 012 006 030 1.652e-01
N 013 092 040 5.720e-02
N 014 014 055 3.643e-01
N 015 000 019 1.469e-01
N 016 005 004 5.090e-01
N 017 037 076 3.932e-01
N 018 078 003 5.890e-01
N 019 086 070 7.433e-01
E 000 001 2.729e+01
E 000 007 2.997e+01
E 001 011 3.454e+01
E 001 012 2.159e+01
E 001 015 3.202e+01
E 001 016 4.717e+01
E 001 018 9.074e+01
E 002 007 9.220e+00
E 002 008 7.004e+01
E 002 009 1.118e+01
E 002 010 3.801e+01
E 002 012 3.766e+01
E 002 016 4.249e+01
E 003 004 6.139e+01
E 003 005 1.432e+01
E 003 006 1.315e+01
E 003 008 7.497e+01
E 003 012 7.963e+01
E 003 013 7.000e+00
E 003 014 7.257e+01
E 003 015 8.756e+01
E 003 016 8.773e+01
E 003 017 6.000e+01
E 004 006 7.453e+01
E 004 007 4.215e+01
E 004 009 3.276e+01
E 004 013 6.825e+01
E 004 017 2.594e+01
E 004 018 7.286e+01
E 005 006 2.195e+01
E 005 008 8.080e+01
E 005 012 7.306e+01
E 005 013 1.838e+01
E 005 015 7.940e+01
E 005 016 7.749e+01
E 005 018 2.402e+01
E 005 019 4.357e+01
E 006 013 6.325e+00
E 007 013 5.725e+01
E 007 016 3.736e+01
E 007 017 6.213e+01
E 008 009 7.101e+01
E 008 010 7.467e+01
E 008 011 7.495e+01
E 009 010 2.702e+01
E 009 011 1.811e+01
E 009 014 3.847e+01
E 009 015 3.206e+01
E 010 012 8.062e+00
E 010 014 3.421e+01
E 010 018 7.543e+01
E 010 019 9.415e+01
E 011 018 6.597e+01
E 012 013 8.658e+01
E 012 015 1.253e+01
E 013 018 3.956e+01
E 015 017 6.796e+01
E 016 017 7.879e+01
E 017 019 4.937e+01
E 018 019 6.748e+01
