N 000 052 040 4.787e-01
N 001 094 058 3.462e-01
N 002 002 027 2.061e-01
N 003 068 024 9.011e-01
N 004 059 036 1.578e-01
N 005 016 080 2.013e-01
N 006 063 084 4.692e-01
N 007 046 045 2.197e-01
N 008 096 022 3.326e-02
N 009 072 000 3.546e-01
N 010 093 080 3.784e-01
N 011 018 049 4.062e-01
N 012 061 016 6.081e-01
N 013 006 059 6.275e-01
N 014 017 082 8.779e-02
N 015 034 020 4.102e-01
N 016 094 042 5.423e-01
N 017 067 042 8.319e-01
N 018 049 055 5.388e-01
N 019 042 047 2.472e-02
E 000 004 8.062e+00
E 000 009 4.472e+01
E 000 010 5.728e+01
E 000 011 3.517e+01
E 000 016 4.205e+01
E 000 017 1.513e+01
E 000 018 1.530e+01
E 001 002 9.708e+01
E 001 003 4.280e+01
E 001 006 4.046e+01
E 001 007 4.973e+01
E 002 005 5.482e+01
E 002 006 8.349e+01
E 002 009 7.503e+01
E 002 010 1.053e+02
E 002 011 2.720e+01
E 002 013 3.225e+01
E 002 014 5.701e+01
E 002 017 6.671e+01
E 002 018 5.471e+01
E 003 019 3.471e+01
E 003 011 5.590e+01
E 003 004 1.500e+01
E 003 013 7.120e+01
E 004 010 5.561e+01
E 004 011 4.301e+01
E 004 017 1.000e+01
E 004 018 2.147e+01
E 004 019 2.025e+01
E 005 011 3.106e+01
E 005 010 7.700e+01
E 005 007 4.610e+01
E 006 011 5.701e+01
E 006 012 6.803e+01
E 006 013 6.224e+01
E 006 014 4.604e+01
E 006 015 7.026e+01
E 006 017 4.219e+01
E 006 018 3.220e+01
E 007 009 5.197e+01
E 008 015 6.203e+01
E 009 010 8.271e+01
E 009 011 7.292e+01
E 009 012 1.942e+01
E 009 013 8.853e+01
E 009 015 4.294e+01
E 009 016 4.741e+01
E 009 017 4.230e+01
E 010 011 8.115e+01
E 010 019 6.075e+01
E 011 012 5.420e+01
E 011 013 1.562e+01
E 011 017 4.950e+01
E 012 018 4.080e+01
E 013 016 8.963e+01
E 015 019 2.816e+01
E 015 017 3.966e+01
E 016 018 4.684e+01
E 016 019 5.224e+01
E 017 019 2.550e+01
