N 000 047 071 4.773e-01
N 001 062 022 8.411e-01
N 002 037 037 2.570e-01
N 003 070 023 1.088e-01
N 004 047 033 3.945e-01
N 005 076 045 3.039e-01
N 006 089 042 4.782e-01
N 007 084 097 7.824e-02
N 008 002 045 2.568e-01
N 009 024 041 2.737e-01
N 010 073 047 7.195e-01
N 011 034 024 2.168e-01
N 012 062 025 7.538e-01
N 013 022 026 8.213e-01
N 014 071 009 8.381e-01
N 015 020 076 8.388e-01
N 016 047 056 6.101e-01
N 017 091 052 8.206e-01
N 018 032 079 8.457e-01
N 019 011 075 4.472e-01
E 000 008 5.197e+01
E 000 009 3.780e+01
E 000 019 3.622e+01
E 000 013 5.148e+01
E 001 002 2.915e+01
E 001 019 7.355e+01
E 001 010 2.731e+01
E 001 014 1.581e+01
E 002 003 3.585e+01
E 002 007 7.622e+01
E 002 010 3.736e+01
E 002 016 2.147e+01
E 002 017 5.604e+01
E 002 018 4.230e+01
E 003 004 2.508e+01
E 003 005 2.280e+01
E 003 011 3.601e+01
E 003 012 8.246e+00
E 003 014 1.404e+01
E 003 016 4.022e+01
E 004 005 3.138e+01
E 004 008 4.657e+01
E 004 009 2.435e+01
E 004 010 2.953e+01
E 004 014 3.394e+01
E 004 017 4.793e+01
E 004 018 4.838e+01
E 005 011 4.696e+01
E 005 012 2.441e+01
E 005 014 3.635e+01
E 005 015 6.401e+01
E 005 017 1.655e+01
E 005 018 5.561e+01
E 005 019 7.159e+01
E 006 009 6.501e+01
E 006 010 1.676e+01
E 006 018 6.796e+01
E 007 016 5.523e+01
E 007 011 8.848e+01
E 008 009 2.236e+01
E 008 013 2.759e+01
E 008 014 7.783e+01
E 008 019 3.132e+01
E 009 011 1.972e+01
E 009 012 4.123e+01
E 009 015 3.523e+01
E 009 019 3.640e+01
E 010 018 5.201e+01
E 011 013 1.217e+01
E 011 016 3.454e+01
E 011 019 5.595e+01
E 012 017 3.962e+01
E 013 016 3.905e+01
E 013 017 7.374e+01
E 014 015 8.420e+01
E 014 018 8.013e+01
E 014 019 8.920e+01
E 015 018 1.237e+01
E 015 019 9.055e+00
E 016 018 2.746e+01
