N 000 097 074 6.426e-01
N 001 068 076 2.055e-01
N 002 042 095 6.234e-02
N 003 029 042 1.169e-01
N 004 027 006 1.218e-01
N 005 023 032 1.718e-01
N 006 009 086 7.539e-01
N 007 030 047 2.887e-01
N 008 003 080 8.857e-01
N 009 033 099 8.065e-01
N 010 090 046 3.745e-01
N 011 017 075 8.528e-02
N 012 011 095 3.090e-01
N 013 053 097 3.601e-01
N 014 072 054 4.756e-01
N 015 067 027 4.235e-01
N 016 009 071 1.801e-01
N 017 026 085 5.740e-02
N 018 095 090 1.901e-01
N 019 010 066 8.483e-01
E 000 002 5.887e+01
E 000 003 7.515e+01
E 000 005 8.509e+01
E 000 006 8.881e+01
E 000 008 9.419e+01
E 000 009 6.871e+01
E 000 014 3.202e+01
E 001 016 5.921e+01
E 001 018 3.041e+01
E 001 014 2.236e+01
E 001 006 5.984e+01
E 002 005 6.580e+01
E 002 007 4.948e+01
E 002 008 4.179e+01
E 002 011 3.202e+01
E 002 013 1.118e+01
E 002 015 7.245e+01
E 002 017 1.887e+01
E 002 018 5.324e+01
E 002 019 4.319e+01
E 003 011 3.511e+01
E 003 012 5.597e+01
E 003 015 4.085e+01
E 004 008 7.779e+01
E 004 019 6.236e+01
E 004 011 6.972e+01
E 004 014 6.580e+01
E 005 006 5.579e+01
E 005 008 5.200e+01
E 005 011 4.342e+01
E 005 015 4.428e+01
E 005 019 3.640e+01
E 006 013 4.535e+01
E 006 009 2.729e+01
E 007 019 2.759e+01
E 007 011 3.087e+01
E 007 012 5.162e+01
E 007 013 5.504e+01
E 008 013 5.281e+01
E 008 014 7.374e+01
E 008 015 8.310e+01
E 008 018 9.254e+01
E 009 016 3.688e+01
E 009 011 2.884e+01
E 009 015 7.962e+01
E 010 017 7.495e+01
E 010 018 4.428e+01
E 010 013 6.301e+01
E 010 014 1.970e+01
E 011 012 2.088e+01
E 011 019 1.140e+01
E 012 013 4.205e+01
E 012 015 8.809e+01
E 012 019 2.902e+01
E 013 017 2.955e+01
E 013 018 4.258e+01
E 015 018 6.894e+01
E 015 019 6.907e+01
E 016 018 8.807e+01
E 016 019 5.099e+00
