N 000 066 047 2.277e-01
N 001 017 034 9.144e-01
N 002 022 062 3.791e-01
N 003 044 086 4.853e-01
N 004 018 010 5.471e-01
N 005 052 027 8.543e-01
N 006 017 044 6.415e-01
N 007 056 056 1.820e-01
N 008 009 029 9.035e-01
N 009 010 032 3.781e-01
N 010 041 072 3.320e-01
N 011 082 006 7.717e-01
N 012 039 049 6.605e-01
N 013 004 052 9.555e-01
N 014 045 087 7.941e-01
N 015 093 043 3.874e-02
N 016 008 058 6.432e-01
N 017 063 016 8.734e-02
N 018 060 045 5.452e-01
N 019 028 025 5.728e-01
E 000 001 5.070e+01
E 000 003 4.478e+01
E 000 004 6.061e+01
E 000 005 2.441e+01
E 000 007 1.345e+01
E 000 009 5.797e+01
E 000 011 4.401e+01
E 000 012 2.707e+01
E 000 013 6.220e+01
E 000 014 4.518e+01
E 000 017 3.114e+01
E 000 018 6.325e+00
E 001 002 2.844e+01
E 001 012 2.663e+01
E 001 013 2.220e+01
E 001 014 5.994e+01
E 001 015 7.653e+01
E 001 017 4.940e+01
E 001 018 4.438e+01
E 002 003 3.256e+01
E 002 007 3.453e+01
E 002 014 3.397e+01
E 002 015 7.350e+01
E 002 017 6.162e+01
E 002 018 4.163e+01
E 003 006 4.993e+01
E 003 007 3.231e+01
E 003 013 5.250e+01
E 003 014 1.414e+00
E 003 017 7.253e+01
E 003 019 6.306e+01
E 004 011 6.412e+01
E 004 005 3.801e+01
E 005 008 4.305e+01
E 006 011 7.529e+01
E 006 017 5.385e+01
E 006 013 1.526e+01
E 007 008 5.420e+01
E 007 010 2.193e+01
E 008 011 7.654e+01
E 008 012 3.606e+01
E 008 015 8.516e+01
E 008 016 2.902e+01
E 008 019 1.942e+01
E 009 011 7.655e+01
E 010 013 4.206e+01
E 011 014 8.905e+01
E 011 018 4.478e+01
E 012 013 3.513e+01
E 012 015 5.433e+01
E 012 017 4.080e+01
E 012 019 2.640e+01
E 013 019 3.612e+01
E 014 016 4.701e+01
E 014 017 7.325e+01
E 014 018 4.460e+01
E 015 016 8.631e+01
E 015 017 4.036e+01
E 017 018 2.915e+01
E 018 019 3.774e+01
