N 000 051 095 3.547e-01
N 001 007 021 2.788e-01
N 002 065 028 9.603e-01
N 003 003 009 9.417e-01
N 004 090 067 2.045e-01
N 005 026 029 5.306e-01
N 006 056 089 5.330e-01
N 007 080 082 9.666e-01
N 008 044 031 9.112e-01
N 009 041 079 5.478e-01
N 010 073 006 7.424e-02
N 011 006 071 2.356e-01
N 012 029 095 7.068e-01
N 013 067 055 7.190e-01
N 014 035 006 1.187e-01
N 015 019 048 8.403e-01
N 016 050 055 3.136e-01
N 017 046 087 3.092e-01
N 018 057 009 5.511e-01
N 019 058 010 3.041e-01
E 000 001 8.609e+01
E 000 002 6.845e+01
E 000 006 7.810e+00
E 000 010 9.168e+01
E 000 012 2.200e+01
E 000 016 4.001e+01
E 001 002 5.842e+01
E 001 004 9.489e+01
E 001 005 2.062e+01
E 001 008 3.833e+01
E 001 009 6.723e+01
E 001 013 6.896e+01
E 002 008 2.121e+01
E 002 011 7.301e+01
E 002 015 5.016e+01
E 002 018 2.062e+01
E 002 019 1.931e+01
E 003 004 1.046e+02
E 003 005 3.048e+01
E 003 009 7.965e+01
E 003 012 8.984e+01
E 003 014 3.214e+01
E 003 018 5.400e+01
E 003 019 5.501e+01
E 004 005 7.443e+01
E 004 009 5.045e+01
E 004 013 2.594e+01
E 004 015 7.350e+01
E 004 018 6.673e+01
E 005 006 6.708e+01
E 005 011 4.652e+01
E 005 016 3.538e+01
E 005 017 6.135e+01
E 005 019 3.722e+01
E 006 010 8.472e+01
E 006 011 5.314e+01
E 006 007 2.500e+01
E 007 011 7.481e+01
E 007 013 2.997e+01
E 007 014 8.832e+01
E 007 016 4.036e+01
E 007 017 3.437e+01
E 007 019 7.529e+01
E 008 014 2.657e+01
E 008 016 2.474e+01
E 008 017 5.604e+01
E 008 018 2.555e+01
E 009 019 7.106e+01
E 009 014 7.325e+01
E 011 016 4.682e+01
E 011 017 4.308e+01
E 011 019 8.016e+01
E 012 017 1.879e+01
E 012 018 9.044e+01
E 012 014 8.920e+01
E 013 016 1.700e+01
E 013 019 4.589e+01
E 014 018 2.220e+01
E 015 016 3.178e+01
E 016 018 4.653e+01
