N 000 042 029 2.101e-02
N 001 019 053 9.808e-01
N 002 066 052 3.624e-01
N 003 090 097 5.544e-01
N 004 056 073 7.943e-01
N 005 078 090 4.846e-01
N 006 066 055 2.662e-01
N 007 042 023 9.258e-02
N 008 066 011 9.944e-01
N 009 049 034 7.684e-01
N 010 027 068 5.513e-01
N 011 057 000 6.998e-01
N 012 099 014 4.862e-01
N 013 088 073 2.385e-01
N 014 071 054 6.691e-01
N 015 053 057 6.316e-02
N 016 034 045 1.263e-01
N 017 046 093 6.639e-01
N 018 067 061 4.972e-01
N 019 060 025 1.267e-01
E 000 001 3.324e+01
E 000 003 8.323e+01
E 000 007 6.000e+00
E 000 011 3.265e+01
E 000 017 6.412e+01
E 000 018 4.061e+01
E 001 003 8.353e+01
E 001 004 4.206e+01
E 001 006 4.704e+01
E 001 013 7.184e+01
E 001 018 4.866e+01
E 002 016 3.276e+01
E 002 009 2.476e+01
E 002 004 2.326e+01
E 002 014 5.385e+00
E 002 007 3.764e+01
E 003 018 4.272e+01
E 003 019 7.800e+01
E 003 016 7.642e+01
E 004 007 5.192e+01
E 004 008 6.280e+01
E 004 009 3.962e+01
E 004 010 2.943e+01
E 004 012 7.301e+01
E 004 013 3.200e+01
E 005 008 7.991e+01
E 005 018 3.102e+01
E 005 011 9.242e+01
E 006 012 5.263e+01
E 006 013 2.843e+01
E 006 014 5.099e+00
E 006 015 1.315e+01
E 006 016 3.353e+01
E 006 019 3.059e+01
E 007 019 1.811e+01
E 008 009 2.860e+01
E 008 014 4.329e+01
E 008 016 4.669e+01
E 008 017 8.440e+01
E 008 018 5.001e+01
E 009 019 1.421e+01
E 009 018 3.245e+01
E 010 016 2.404e+01
E 010 012 9.000e+01
E 010 018 4.061e+01
E 011 012 4.427e+01
E 011 015 5.714e+01
E 011 017 9.365e+01
E 011 018 6.181e+01
E 012 016 7.201e+01
E 013 014 2.550e+01
E 013 015 3.848e+01
E 013 017 4.652e+01
E 013 018 2.419e+01
E 014 015 1.825e+01
E 014 016 3.808e+01
E 014 019 3.102e+01
E 015 017 3.667e+01
E 016 017 4.948e+01
E 016 019 3.280e+01
