N 000 090 066 4.696e-01
N 001 032 057 2.159e-01
N 002 027 022 1.919e-01
N 003 070 037 4.312e-02
N 004 002 055 3.315e-01
N 005 015 089 6.533e-01
N 006 051 021 8.203e-01
N 007 067 038 6.706e-01
N 008 016 086 9.127e-01
N 009 072 030 6.907e-01
N 010 014 055 9.316e-01
N 011 057 042 2.051e-01
N 012 022 006 4.068e-02
N 013 094 049 4.807e-01
N 014 001 028 3.912e-01
N 015 050 020 9.090e-01
N 016 040 053 3.792e-01
N 017 059 026 8.311e-01
N 018 034 063 2.903e-01
N 019 072 019 8.661e-01
E 000 003 3.523e+01
E 000 006 5.955e+01
E 000 010 7.679e+01
E 000 012 9.069e+01
E 000 015 6.096e+01
E 000 019 5.033e+01
E 001 004 3.007e+01
E 001 007 3.982e+01
E 001 008 3.312e+01
E 001 012 5.197e+01
E 001 013 6.251e+01
E 001 014 4.245e+01
E 001 015 4.115e+01
E 001 016 8.944e+00
E 001 017 4.111e+01
E 001 019 5.517e+01
E 002 016 3.362e+01
E 002 009 4.571e+01
E 002 004 4.140e+01
E 002 014 2.668e+01
E 002 007 4.308e+01
E 003 010 5.882e+01
E 003 019 1.811e+01
E 003 018 4.441e+01
E 004 008 3.401e+01
E 004 009 7.433e+01
E 004 010 1.200e+01
E 004 011 5.652e+01
E 004 014 2.702e+01
E 004 018 3.298e+01
E 005 017 7.684e+01
E 005 018 3.220e+01
E 005 012 8.329e+01
E 006 010 5.025e+01
E 006 012 3.265e+01
E 007 011 1.077e+01
E 007 016 3.089e+01
E 007 017 1.442e+01
E 007 019 1.965e+01
E 008 019 8.732e+01
E 008 012 8.022e+01
E 008 015 7.424e+01
E 009 017 1.360e+01
E 010 012 4.965e+01
E 010 016 2.608e+01
E 010 019 6.826e+01
E 011 015 2.309e+01
E 012 015 3.130e+01
E 012 016 5.033e+01
E 013 017 4.188e+01
E 013 015 5.270e+01
E 014 016 4.632e+01
E 014 017 5.803e+01
E 014 018 4.810e+01
E 014 019 7.157e+01
E 015 016 3.448e+01
E 015 018 4.588e+01
E 015 019 2.202e+01
E 016 018 1.166e+01
E 017 019 1.476e+01
