N 000 017 055 7.502e-01
N 001 079 044 6.933e-01
N 002 019 032 6.082e-01
N 003 072 019 6.299e-01
N 004 082 019 6.858e-01
N 005 027 063 7.841e-01
N 006 047 098 5.842e-01
N 007 007 076 6.740e-01
N 008 059 001 6.795e-01
N 009 036 082 2.148e-03
N 010 008 058 6.261e-01
N 011 082 025 9.280e-01
N 012 063 060 7.248e-01
N 013 002 011 4.823e-01
N 014 046 048 7.421e-01
N 015 076 068 1.792e-01
N 016 029 054 8.520e-01
N 017 076 052 4.793e-01
N 018 019 057 4.142e-02
N 019 045 009 8.594e-01
E 000 001 6.297e+01
E 000 002 2.309e+01
E 000 006 5.243e+01
E 000 008 6.841e+01
E 000 011 7.159e+01
E 000 018 2.828e+00
E 001 003 2.596e+01
E 001 006 6.277e+01
E 001 011 1.924e+01
E 001 014 3.324e+01
E 001 018 6.139e+01
E 001 019 4.880e+01
E 002 006 7.169e+01
E 002 007 4.561e+01
E 002 015 6.742e+01
E 002 016 2.417e+01
E 002 017 6.041e+01
E 003 010 7.495e+01
E 003 006 8.286e+01
E 004 008 2.921e+01
E 004 016 6.351e+01
E 004 010 8.365e+01
E 004 019 3.833e+01
E 005 008 6.977e+01
E 005 010 1.965e+01
E 005 011 6.685e+01
E 005 012 3.612e+01
E 005 015 4.925e+01
E 005 016 9.220e+00
E 005 018 1.000e+01
E 006 013 9.795e+01
E 006 014 5.001e+01
E 006 018 4.965e+01
E 007 016 3.111e+01
E 007 018 2.247e+01
E 007 013 6.519e+01
E 007 014 4.801e+01
E 008 009 8.420e+01
E 008 011 3.324e+01
E 008 014 4.876e+01
E 008 015 6.912e+01
E 008 017 5.376e+01
E 008 018 6.882e+01
E 009 016 2.886e+01
E 009 019 7.355e+01
E 009 012 3.483e+01
E 010 011 8.102e+01
E 010 013 4.738e+01
E 011 012 3.982e+01
E 011 013 8.122e+01
E 011 015 4.342e+01
E 011 018 7.066e+01
E 011 019 4.031e+01
E 012 016 3.453e+01
E 012 017 1.526e+01
E 012 019 5.408e+01
E 014 017 3.027e+01
E 014 019 3.901e+01
E 015 016 4.904e+01
E 015 018 5.805e+01
