N 000 033 000 3.845e-01
N 001 020 053 7.228e-02
N 002 010 087 1.532e-01
N 003 096 092 3.543e-01
N 004 041 035 4.327e-01
N 005 088 028 4.404e-01
N 006 097 041 8.295e-01
N 007 040 080 3.994e-01
N 008 031 039 1.107e-01
N 009 090 035 3.184e-02
N 010 058 060 5.524e-01
N 011 095 098 3.233e-01
N 012 086 001 1.626e-03
N 013 038 033 1.038e-01
N 014 044 072 2.414e-02
N 015 084 092 7.069e-01
N 016 030 072 2.777e-01
N 017 094 088 4.761e-01
N 018 059 037 5.463e-02
N 019 076 031 1.671e-01
E 000 002 8.999e+01
E 000 004 3.590e+01
E 000 007 8.031e+01
E 000 008 3.905e+01
E 000 011 1.160e+02
E 000 012 5.301e+01
E 001 008 1.780e+01
E 001 009 7.228e+01
E 001 018 4.215e+01
E 001 012 8.402e+01
E 001 016 2.147e+01
E 002 003 8.615e+01
E 002 005 9.780e+01
E 002 010 5.507e+01
E 002 012 1.148e+02
E 002 015 7.417e+01
E 002 016 2.500e+01
E 003 011 6.083e+00
E 003 004 7.921e+01
E 003 013 8.273e+01
E 004 010 3.023e+01
E 004 014 3.712e+01
E 004 016 3.860e+01
E 004 019 3.523e+01
E 005 006 1.581e+01
E 005 013 5.025e+01
E 005 014 6.223e+01
E 005 015 6.412e+01
E 005 017 6.030e+01
E 006 008 6.603e+01
E 006 016 7.382e+01
E 006 011 5.704e+01
E 006 007 6.907e+01
E 007 008 4.198e+01
E 007 010 2.691e+01
E 007 012 9.142e+01
E 007 017 5.459e+01
E 008 010 3.421e+01
E 008 017 7.981e+01
E 008 018 2.807e+01
E 009 016 7.049e+01
E 009 019 1.456e+01
E 009 017 5.315e+01
E 009 015 5.731e+01
E 010 012 6.531e+01
E 010 016 3.046e+01
E 011 012 9.742e+01
E 011 014 5.725e+01
E 011 016 7.001e+01
E 011 018 7.083e+01
E 012 013 5.769e+01
E 012 014 8.249e+01
E 012 016 9.043e+01
E 012 018 4.500e+01
E 013 014 3.946e+01
E 013 015 7.481e+01
E 014 018 3.808e+01
E 015 016 5.758e+01
E 016 019 6.162e+01
E 018 019 1.803e+01
