N 000 017 079 1.824e-01
N 001 081 096 5.854e-01
N 002 067 044 8.328e-01
N 003 095 080 3.699e-01
N 004 014 039 6.271e-01
N 005 097 011 3.153e-01
N 006 009 078 7.259e-01
N 007 071 033 9.904e-01
N 008 025 055 9.954e-01
N 009 041 090 5.382e-01
N 010 029 007 3.981e-01
N 011 088 061 1.795e-01
N 012 079 004 1.920e-02
N 013 089 070 8.497e-01
N 014 074 053 8.563e-01
N 015 030 069 9.261e-01
N 016 008 043 5.363e-01
N 017 009 087 2.455e-01
N 018 022 073 5.643e-01
N 019 062 027 7.818e-02
E 000 001 6.622e+01
E 000 004 4.011e+01
E 000 012 9.731e+01
E 000 013 7.256e+01
E 000 014 6.265e+01
E 000 019 6.877e+01
E 001 002 5.385e+01
E 001 004 8.797e+01
E 001 008 6.940e+01
E 001 009 4.045e+01
E 001 010 1.031e+02
E 001 017 7.256e+01
E 001 018 6.332e+01
E 002 004 5.324e+01
E 002 007 1.170e+01
E 002 010 5.304e+01
E 002 014 1.140e+01
E 002 015 4.465e+01
E 002 016 5.901e+01
E 002 017 7.220e+01
E 002 018 5.354e+01
E 003 008 7.433e+01
E 003 009 5.492e+01
E 003 010 9.841e+01
E 003 011 2.025e+01
E 003 006 8.602e+01
E 004 006 3.932e+01
E 004 007 5.731e+01
E 004 008 1.942e+01
E 004 009 5.771e+01
E 004 010 3.534e+01
E 005 016 9.458e+01
E 005 009 9.683e+01
E 005 018 9.731e+01
E 005 012 1.931e+01
E 005 017 1.163e+02
E 006 008 2.802e+01
E 006 007 7.661e+01
E 007 008 5.099e+01
E 007 013 4.115e+01
E 007 016 6.379e+01
E 007 017 8.222e+01
E 007 019 1.082e+01
E 008 012 7.428e+01
E 008 015 1.487e+01
E 009 010 8.386e+01
E 009 016 5.743e+01
E 009 017 3.214e+01
E 009 018 2.550e+01
E 010 012 5.009e+01
E 011 016 8.200e+01
E 011 012 5.771e+01
E 012 014 4.925e+01
E 013 014 2.267e+01
E 014 015 4.682e+01
E 014 016 6.675e+01
E 014 017 7.336e+01
E 014 018 5.571e+01
E 015 019 5.280e+01
E 015 018 8.944e+00
