N 000 055 016 9.482e-01
N 001 046 091 5.898e-01
N 002 038 015 8.950e-01
N 003 027 071 3.205e-02
N 004 098 087 8.660e-01
N 005 035 087 8.509e-01
N 006 003 014 5.903e-01
N 007 011 030 4.507e-01
N 008 046 027 5.074e-01
N 009 074 069 9.532e-02
N 010 055 042 6.053e-01
N 011 092 011 7.368e-01
N 012 020 007 4.746e-01
N 013 055 005 8.769e-01
N 014 043 051 5.529e-01
N 015 057 063 6.524e-02
N 016 009 054 4.609e-01
N 017 008 008 2.630e-01
N 018 028 095 8.650e-01
N 019 085 054 7.373e-01
E 000 015 4.704e+01
E 000 002 1.703e+01
E 000 011 3.734e+01
E 000 010 2.600e+01
E 000 013 1.100e+01
E 001 003 2.759e+01
E 001 007 7.033e+01
E 001 012 8.793e+01
E 001 013 8.647e+01
E 001 015 3.008e+01
E 001 016 5.233e+01
E 001 017 9.129e+01
E 001 018 1.844e+01
E 001 019 5.376e+01
E 002 007 3.089e+01
E 002 010 3.191e+01
E 002 011 5.415e+01
E 002 014 3.635e+01
E 002 015 5.162e+01
E 002 017 3.081e+01
E 003 004 7.278e+01
E 003 008 4.793e+01
E 003 011 8.846e+01
E 003 013 7.169e+01
E 003 014 2.561e+01
E 004 014 6.573e+01
E 004 006 1.198e+02
E 004 015 4.751e+01
E 005 009 4.295e+01
E 005 014 3.688e+01
E 005 019 5.991e+01
E 005 013 8.440e+01
E 005 006 7.971e+01
E 006 007 1.789e+01
E 006 015 7.292e+01
E 006 016 4.045e+01
E 006 018 8.477e+01
E 007 012 2.470e+01
E 007 014 3.828e+01
E 007 015 5.661e+01
E 008 011 4.870e+01
E 008 012 3.280e+01
E 008 013 2.377e+01
E 008 014 2.419e+01
E 008 019 4.743e+01
E 009 010 3.302e+01
E 009 018 5.284e+01
E 009 012 8.222e+01
E 009 013 6.676e+01
E 010 011 4.827e+01
E 010 014 1.500e+01
E 011 012 7.211e+01
E 011 017 8.405e+01
E 012 017 1.204e+01
E 013 018 9.396e+01
E 013 019 5.745e+01
E 014 015 1.844e+01
E 014 017 5.544e+01
E 015 017 7.366e+01
E 016 017 4.601e+01
