N 000 024 001 8.992e-01
N 001 061 031 1.026e-01
N 002 080 088 3.619e-01
N 003 078 027 1.415e-01
N 004 031 076 4.034e-01
N 005 011 037 4.716e-01
N 006 001 047 7.553e-01
N 007 001 092 4.457e-01
N 008 000 013 7.231e-01
N 009 092 046 2.657e-01
N 010 048 032 6.190e-02
N 011 049 019 8.349e-01
N 012 093 041 6.159e-01
N 013 010 040 9.640e-01
N 014 056 084 4.615e-01
N 015 071 046 9.675e-01
N 016 035 005 8.050e-01
N 017 086 016 8.555e-01
N 018 095 046 3.498e-01
N 019 020 081 8.830e-01
E 000 002 1.035e+02
E 000 007 9.386e+01
E 000 010 3.920e+01
E 000 015 6.507e+01
E 000 017 6.379e+01
E 000 018 8.406e+01
E 001 003 1.746e+01
E 001 004 5.408e+01
E 001 006 6.210e+01
E 001 007 8.556e+01
E 001 008 6.360e+01
E 001 010 1.304e+01
E 001 012 3.353e+01
E 001 013 5.179e+01
E 001 014 5.324e+01
E 002 008 1.097e+02
E 002 011 7.564e+01
E 002 009 4.368e+01
E 003 006 7.956e+01
E 003 007 1.008e+02
E 003 008 7.925e+01
E 003 009 2.360e+01
E 003 017 1.360e+01
E 004 011 5.977e+01
E 004 013 4.168e+01
E 004 015 5.000e+01
E 004 017 8.139e+01
E 004 019 1.208e+01
E 005 012 8.210e+01
E 005 007 5.590e+01
E 006 010 4.934e+01
E 007 010 7.622e+01
E 007 011 8.737e+01
E 007 013 5.277e+01
E 007 014 5.558e+01
E 007 018 1.047e+02
E 008 010 5.162e+01
E 008 012 9.712e+01
E 008 013 2.879e+01
E 008 016 3.590e+01
E 008 018 1.006e+02
E 008 019 7.088e+01
E 009 016 7.021e+01
E 009 019 8.006e+01
E 009 015 2.100e+01
E 010 014 5.261e+01
E 011 013 4.429e+01
E 011 017 3.712e+01
E 011 018 5.334e+01
E 012 017 2.596e+01
E 012 015 2.256e+01
E 013 014 6.366e+01
E 013 015 6.129e+01
E 013 019 4.220e+01
E 014 017 7.432e+01
E 014 019 3.612e+01
E 015 017 3.354e+01
E 015 018 2.400e+01
E 016 018 7.267e+01
E 016 017 5.217e+01
