N 000 051 026 9.832e-01
N 001 048 020 4.332e-01
N 002 004 010 7.026e-01
N 003 099 051 8.270e-01
N 004 065 064 3.195e-01
N 005 038 002 5.211e-01
N 006 068 070 3.464e-01
N 007 069 036 6.749e-01
N 008 024 028 7.188e-01
N 009 045 070 1.973e-01
N 010 095 073 6.886e-02
N 011 001 004 6.269e-01
N 012 064 067 1.984e-01
N 013 073 085 6.706e-01
N 014 033 076 3.571e-01
N 015 018 078 7.048e-01
N 016 098 083 7.840e-01
N 017 075 062 5.064e-01
N 018 046 008 4.963e-01
N 019 009 003 5.633e-01
E 000 002 4.965e+01
E 000 003 5.412e+01
E 000 005 2.729e+01
E 000 006 4.717e+01
E 000 007 2.059e+01
E 000 011 5.463e+01
E 000 015 6.159e+01
E 000 016 7.388e+01
E 001 012 4.965e+01
E 001 005 2.059e+01
E 001 014 5.797e+01
E 002 008 2.691e+01
E 002 014 7.209e+01
E 003 005 7.824e+01
E 003 007 3.354e+01
E 003 008 7.845e+01
E 003 009 5.725e+01
E 003 011 1.087e+02
E 003 016 3.202e+01
E 003 019 1.020e+02
E 004 008 5.456e+01
E 004 018 5.914e+01
E 004 005 6.762e+01
E 004 015 4.904e+01
E 005 013 9.008e+01
E 005 014 7.417e+01
E 005 016 1.008e+02
E 006 007 3.401e+01
E 006 015 5.064e+01
E 006 017 1.063e+01
E 006 018 6.579e+01
E 006 019 8.927e+01
E 007 008 4.571e+01
E 007 011 7.515e+01
E 007 013 4.916e+01
E 007 017 2.668e+01
E 007 018 3.624e+01
E 008 009 4.696e+01
E 008 010 8.406e+01
E 008 013 7.517e+01
E 008 017 6.129e+01
E 009 010 5.009e+01
E 009 012 1.924e+01
E 009 016 5.457e+01
E 009 017 3.105e+01
E 009 018 6.201e+01
E 010 019 1.109e+02
E 010 017 2.283e+01
E 011 016 1.251e+02
E 011 018 4.518e+01
E 011 019 8.062e+00
E 012 015 4.730e+01
E 012 016 3.758e+01
E 012 017 1.208e+01
E 012 019 8.439e+01
E 014 019 7.684e+01
E 014 017 4.427e+01
E 016 017 3.114e+01
E 016 019 1.197e+02
E 017 019 8.853e+01
