N 000 078 038 2.915e-03
N 001 029 060 2.281e-01
N 002 073 056 7.149e-02
N 003 082 080 5.701e-01
N 004 056 098 6.410e-01
N 005 008 065 5.071e-01
N 006 058 051 3.644e-01
N 007 063 072 9.934e-01
N 008 010 075 6.969e-01
N 009 003 091 3.090e-01
N 010 031 065 9.085e-01
N 011 058 004 2.336e-01
N 012 035 093 5.391e-01
N 013 036 057 6.742e-02
N 014 064 048 5.080e-01
N 015 046 054 9.354e-01
N 016 015 009 3.988e-01
N 017 086 063 5.708e-01
N 018 082 039 6.208e-01
N 019 028 078 2.067e-01
E 000 001 5.371e+01
E 000 004 6.391e+01
E 000 005 7.503e+01
E 000 010 5.420e+01
E 000 014 1.720e+01
E 000 019 6.403e+01
E 001 004 4.662e+01
E 001 005 2.159e+01
E 001 006 3.036e+01
E 001 007 3.606e+01
E 001 008 2.421e+01
E 001 013 7.616e+00
E 001 019 1.803e+01
E 002 004 4.531e+01
E 002 006 1.581e+01
E 002 007 1.887e+01
E 002 008 6.580e+01
E 002 015 2.707e+01
E 002 016 7.465e+01
E 003 004 3.162e+01
E 003 005 7.550e+01
E 003 006 3.764e+01
E 003 010 5.316e+01
E 003 012 4.876e+01
E 003 013 5.143e+01
E 003 014 3.672e+01
E 003 016 9.762e+01
E 004 005 5.825e+01
E 005 006 5.192e+01
E 005 011 7.887e+01
E 005 012 3.890e+01
E 005 013 2.912e+01
E 005 016 5.644e+01
E 005 017 7.803e+01
E 005 018 7.843e+01
E 006 008 5.367e+01
E 006 010 3.041e+01
E 006 011 4.700e+01
E 006 012 4.789e+01
E 006 014 6.708e+00
E 006 015 1.237e+01
E 006 017 3.046e+01
E 007 018 3.808e+01
E 008 010 2.326e+01
E 008 011 8.570e+01
E 008 016 6.619e+01
E 009 017 8.760e+01
E 009 013 4.738e+01
E 009 015 5.673e+01
E 010 011 6.671e+01
E 010 014 3.712e+01
E 012 017 5.917e+01
E 012 014 5.354e+01
E 013 014 2.941e+01
E 013 015 1.044e+01
E 015 016 5.464e+01
E 015 019 3.000e+01
E 016 018 7.341e+01
E 016 019 7.021e+01
E 017 019 5.991e+01
