N 000 046 024 5.856e-01
N 001 011 063 8.859e-01
N 002 025 016 4.490e-01
N 003 031 036 2.162e-03
N 004 066 059 7.157e-01
N 005 072 046 1.507e-01
N 006 067 062 8.925e-01
N 007 087 011 7.683e-01
N 008 065 011 1.276e-01
N 009 088 092 8.343e-01
N 010 058 097 2.232e-02
N 011 004 069 5.204e-01
N 012 059 076 6.958e-01
N 013 064 095 6.801e-01
N 014 045 000 8.509e-01
N 015 046 027 1.293e-01
N 016 078 094 4.133e-01
N 017 040 084 7.409e-01
N 018 052 030 7.553e-02
N 019 041 023 5.419e-01
E 000 004 4.031e+01
E 000 008 2.302e+01
E 000 012 5.360e+01
E 000 013 7.325e+01
E 000 017 6.030e+01
E 000 018 8.485e+00
E 000 019 5.099e+00
E 001 004 5.515e+01
E 001 007 9.209e+01
E 001 008 7.497e+01
E 001 010 5.801e+01
E 001 012 4.973e+01
E 001 014 7.159e+01
E 001 016 7.382e+01
E 001 018 5.263e+01
E 002 003 2.088e+01
E 002 004 5.941e+01
E 002 005 5.576e+01
E 002 006 6.229e+01
E 002 015 2.371e+01
E 002 019 1.746e+01
E 003 007 6.133e+01
E 003 010 6.671e+01
E 003 013 6.760e+01
E 003 017 4.884e+01
E 003 019 1.640e+01
E 004 007 5.239e+01
E 004 008 4.801e+01
E 004 010 3.883e+01
E 004 011 6.280e+01
E 004 015 3.774e+01
E 004 016 3.700e+01
E 004 017 3.607e+01
E 005 008 3.569e+01
E 005 015 3.220e+01
E 005 012 3.270e+01
E 005 007 3.808e+01
E 006 017 3.483e+01
E 007 008 2.200e+01
E 007 009 8.101e+01
E 007 012 7.077e+01
E 007 014 4.342e+01
E 007 015 4.401e+01
E 008 010 8.628e+01
E 008 016 8.401e+01
E 008 017 7.716e+01
E 009 010 3.041e+01
E 009 019 8.349e+01
E 009 014 1.016e+02
E 011 017 3.900e+01
E 011 018 6.185e+01
E 011 019 5.903e+01
E 012 018 4.653e+01
E 012 019 5.597e+01
E 013 017 2.640e+01
E 013 014 9.688e+01
E 015 016 7.425e+01
E 016 017 3.929e+01
E 017 018 5.532e+01
E 017 019 6.101e+01
