N 000 048 003 6.028e-02
N 001 043 075 8.493e-01
N 002 099 016 9.296e-01
N 003 088 015 1.091e-01
N 004 029 000 2.245e-01
N 005 094 098 8.725e-01
N 006 029 096 9.855e-02
N 007 089 002 3.273e-01
N 008 010 099 8.380e-01
N 009 052 009 7.136e-01
N 010 062 013 1.122e-01
N 011 034 039 7.122e-01
N 012 025 054 1.261e-01
N 013 037 088 8.942e-01
N 014 069 083 4.345e-01
N 015 009 030 3.999e-01
N 016 055 056 4.759e-02
N 017 046 096 2.028e-02
N 018 083 079 6.029e-01
N 019 034 087 1.469e-01
E 000 005 1.056e+02
E 000 007 4.101e+01
E 000 010 1.720e+01
E 000 011 3.863e+01
E 000 013 8.571e+01
E 000 015 4.743e+01
E 000 018 8.367e+01
E 000 019 8.516e+01
E 001 017 2.121e+01
E 001 010 6.485e+01
E 001 013 1.432e+01
E 001 014 2.720e+01
E 002 018 6.500e+01
E 002 014 7.341e+01
E 003 004 6.088e+01
E 003 011 5.909e+01
E 003 014 7.060e+01
E 003 015 8.041e+01
E 003 017 9.124e+01
E 003 019 9.000e+01
E 004 016 6.174e+01
E 004 010 3.547e+01
E 004 012 5.415e+01
E 004 005 1.176e+02
E 005 009 9.841e+01
E 005 012 8.184e+01
E 005 013 5.787e+01
E 005 014 2.915e+01
E 005 015 1.089e+02
E 005 019 6.100e+01
E 006 007 1.115e+02
E 006 009 8.999e+01
E 006 010 8.932e+01
E 006 014 4.206e+01
E 006 015 6.896e+01
E 006 016 4.771e+01
E 007 016 6.381e+01
E 007 010 2.915e+01
E 008 010 1.005e+02
E 008 012 4.743e+01
E 008 014 6.113e+01
E 008 015 6.901e+01
E 008 018 7.569e+01
E 008 019 2.683e+01
E 009 013 8.041e+01
E 010 012 5.523e+01
E 011 012 1.749e+01
E 011 013 4.909e+01
E 011 014 5.622e+01
E 011 015 2.657e+01
E 011 019 4.800e+01
E 012 015 2.884e+01
E 012 016 3.007e+01
E 012 019 3.421e+01
E 013 014 3.239e+01
E 014 015 8.006e+01
E 014 017 2.642e+01
E 014 019 3.523e+01
E 015 019 6.224e+01
E 016 017 4.100e+01
