N 000 044 060 1.852e-01
N 001 096 017 6.793e-01
N 002 038 039 8.145e-02
N 003 082 081 9.290e-01
N 004 003 038 4.709e-01
N 005 080 064 7.303e-01
N 006 045 024 4.953e-01
N 007 048 025 5.480e-01
N 008 012 090 9.059e-01
N 009 067 097 1.850e-01
N 010 052 063 3.951e-01
N 011 065 060 8.767e-02
N 012 070 081 3.211e-01
N 013 024 098 2.898e-01
N 014 085 093 3.751e-01
N 015 053 083 2.515e-01
N 016 053 054 9.635e-01
N 017 022 050 8.065e-01
N 018 073 056 2.769e-01
N 019 026 059 9.447e-01
E 000 007 3.523e+01
E 000 010 8.544e+00
E 000 013 4.294e+01
E 000 015 2.470e+01
E 000 016 1.082e+01
E 000 018 2.927e+01
E 001 008 1.113e+02
E 001 002 6.203e+01
E 002 004 3.501e+01
E 002 005 4.888e+01
E 002 006 1.655e+01
E 002 007 1.720e+01
E 002 011 3.421e+01
E 002 013 6.064e+01
E 002 015 4.649e+01
E 002 018 3.891e+01
E 002 019 2.332e+01
E 003 005 1.712e+01
E 003 009 2.193e+01
E 003 011 2.702e+01
E 003 013 6.044e+01
E 003 014 1.237e+01
E 003 015 2.907e+01
E 003 016 3.962e+01
E 003 019 6.017e+01
E 004 008 5.277e+01
E 004 018 7.228e+01
E 004 005 8.127e+01
E 005 008 7.280e+01
E 005 013 6.551e+01
E 005 016 2.879e+01
E 006 008 7.379e+01
E 006 009 7.624e+01
E 006 011 4.118e+01
E 006 017 3.471e+01
E 006 018 4.252e+01
E 007 011 3.891e+01
E 007 012 6.017e+01
E 007 014 7.741e+01
E 007 015 5.822e+01
E 007 018 3.982e+01
E 008 009 5.544e+01
E 008 010 4.826e+01
E 008 011 6.090e+01
E 008 013 1.442e+01
E 008 015 4.159e+01
E 008 016 5.456e+01
E 008 018 6.984e+01
E 009 013 4.301e+01
E 010 018 2.214e+01
E 010 017 3.270e+01
E 011 016 1.342e+01
E 011 018 8.944e+00
E 013 015 3.265e+01
E 013 017 4.804e+01
E 014 016 5.045e+01
E 014 017 7.628e+01
E 016 017 3.126e+01
E 016 019 2.746e+01
E 017 018 5.135e+01
