N 000 037 083 5.653e-02
N 001 003 091 6.679e-01
N 002 032 002 4.458e-01
N 003 063 037 9.985e-01
N 004 001 099 9.020e-01
N 005 023 050 1.491e-01
N 006 035 064 5.018e-01
N 007 029 082 2.625e-01
N 008 042 054 2.636e-01
N 009 021 032 8.052e-01
N 010 045 091 4.914e-01
N 011 094 076 6.214e-01
N 012 072 005 9.927e-01
N 013 031 086 2.207e-01
N 014 059 089 4.487e-01
N 015 082 063 1.904e-01
N 016 032 047 5.130e-01
N 017 074 026 9.371e-01
N 018 070 098 1.716e-01
N 019 033 082 1.297e-01
E 000 003 5.284e+01
E 000 005 3.585e+01
E 000 007 8.062e+00
E 000 009 5.345e+01
E 000 012 8.549e+01
E 000 016 3.635e+01
E 000 017 6.796e+01
E 000 019 4.123e+00
E 001 004 8.246e+00
E 001 006 4.187e+01
E 001 008 5.376e+01
E 001 012 1.103e+02
E 001 013 2.844e+01
E 001 014 5.604e+01
E 002 008 5.295e+01
E 002 009 3.195e+01
E 002 010 8.994e+01
E 002 011 9.654e+01
E 002 007 8.006e+01
E 003 016 3.257e+01
E 003 019 5.408e+01
E 003 004 8.768e+01
E 004 006 4.880e+01
E 004 010 4.472e+01
E 004 012 1.178e+02
E 004 013 3.270e+01
E 004 014 5.886e+01
E 004 017 1.032e+02
E 004 018 6.901e+01
E 005 010 4.653e+01
E 005 011 7.561e+01
E 005 013 3.688e+01
E 006 008 1.221e+01
E 006 018 4.880e+01
E 007 009 5.064e+01
E 007 011 6.528e+01
E 007 010 1.836e+01
E 008 010 3.712e+01
E 008 013 3.384e+01
E 008 016 1.221e+01
E 009 011 8.523e+01
E 009 013 5.492e+01
E 009 015 6.843e+01
E 009 016 1.860e+01
E 009 017 5.334e+01
E 009 019 5.142e+01
E 010 011 5.124e+01
E 010 014 1.414e+01
E 011 012 7.433e+01
E 011 013 6.379e+01
E 011 015 1.769e+01
E 011 016 6.845e+01
E 011 018 3.256e+01
E 011 019 6.129e+01
E 013 016 3.901e+01
E 014 016 4.993e+01
E 014 017 6.476e+01
E 015 016 5.250e+01
E 015 019 5.255e+01
E 017 018 7.211e+01
