N 000 025 077 7.069e-01
N 001 026 023 1.236e-01
N 002 027 056 2.334e-01
N 003 026 002 9.932e-01
N 004 077 042 1.013e-01
N 005 018 000 7.990e-01
N 006 012 059 7.040e-01
N 007 018 008 2.542e-01
N 008 067 020 8.178e-01
N 009 017 074 4.607e-01
N 010 031 024 3.042e-01
N 011 079 020 4.808e-01
N 012 066 059 6.769e-01
N 013 088 079 8.878e-01
N 014 021 047 1.416e-01
N 015 068 049 8.810e-01
N 016 034 038 9.188e-01
N 017 020 021 4.596e-01
N 018 058 082 1.325e-01
N 019 055 007 3.081e-01
E 000 003 7.501e+01
E 000 005 7.732e+01
E 000 008 7.080e+01
E 000 010 5.334e+01
E 000 011 7.852e+01
E 000 013 6.303e+01
E 001 019 3.312e+01
E 001 005 2.435e+01
E 002 008 5.381e+01
E 002 017 3.569e+01
E 002 013 6.519e+01
E 003 017 1.992e+01
E 003 005 8.246e+00
E 003 007 1.000e+01
E 004 017 6.075e+01
E 004 010 4.940e+01
E 004 012 2.025e+01
E 004 018 4.428e+01
E 004 006 6.719e+01
E 005 007 8.000e+00
E 005 008 5.292e+01
E 005 010 2.729e+01
E 005 014 4.710e+01
E 005 015 7.001e+01
E 006 012 5.400e+01
E 006 013 7.859e+01
E 006 014 1.500e+01
E 006 016 3.041e+01
E 006 018 5.143e+01
E 006 019 6.748e+01
E 007 009 6.601e+01
E 007 011 6.217e+01
E 007 012 7.004e+01
E 007 013 9.970e+01
E 007 014 3.912e+01
E 007 018 8.412e+01
E 008 009 7.359e+01
E 008 010 3.622e+01
E 008 011 1.200e+01
E 008 012 3.901e+01
E 008 013 6.263e+01
E 008 016 3.759e+01
E 008 017 4.701e+01
E 008 019 1.769e+01
E 009 010 5.192e+01
E 009 011 8.222e+01
E 009 013 7.118e+01
E 009 015 5.680e+01
E 011 012 4.111e+01
E 011 013 5.968e+01
E 011 014 6.398e+01
E 012 013 2.973e+01
E 013 016 6.780e+01
E 013 017 8.938e+01
E 013 018 3.015e+01
E 014 017 2.602e+01
E 014 019 5.250e+01
E 015 016 3.574e+01
E 016 018 5.012e+01
E 017 019 3.770e+01
