N 000 038 051 1.032e-01
N 001 006 040 3.521e-01
N 002 098 005 8.702e-01
N 003 034 037 4.540e-01
N 004 082 085 3.493e-01
N 005 053 085 4.214e-01
N 006 014 022 5.593e-01
N 007 085 056 8.401e-01
N 008 013 098 2.849e-01
N 009 066 004 8.858e-01
N 010 040 019 6.320e-01
N 011 007 015 8.087e-01
N 012 052 096 1.608e-01
N 013 008 032 8.241e-01
N 014 098 069 4.904e-01
N 015 098 063 7.013e-02
N 016 054 006 6.515e-01
N 017 095 000 1.440e-01
N 018 091 041 1.624e-01
N 019 047 048 9.317e-01
E 000 010 3.206e+01
E 000 003 1.456e+01
E 000 018 5.394e+01
E 000 006 3.764e+01
E 001 016 5.882e+01
E 001 009 6.997e+01
E 001 013 8.246e+00
E 001 006 1.970e+01
E 001 017 9.758e+01
E 002 005 9.179e+01
E 002 008 1.260e+02
E 002 010 5.967e+01
E 002 012 1.020e+02
E 002 013 9.396e+01
E 002 014 6.400e+01
E 002 015 5.800e+01
E 002 016 4.401e+01
E 003 005 5.162e+01
E 003 006 2.500e+01
E 003 008 6.451e+01
E 003 016 3.689e+01
E 003 017 7.134e+01
E 003 018 5.714e+01
E 003 019 1.703e+01
E 004 017 8.599e+01
E 004 006 9.270e+01
E 004 007 2.915e+01
E 005 019 3.748e+01
E 005 012 1.105e+01
E 006 007 7.872e+01
E 006 010 2.617e+01
E 006 011 9.899e+00
E 006 016 4.308e+01
E 006 018 7.931e+01
E 007 008 8.335e+01
E 007 009 5.536e+01
E 007 010 5.826e+01
E 007 012 5.186e+01
E 007 016 5.883e+01
E 007 019 3.883e+01
E 008 012 3.905e+01
E 008 014 8.981e+01
E 008 016 1.007e+02
E 008 017 1.278e+02
E 009 011 6.002e+01
E 009 012 9.306e+01
E 009 013 6.440e+01
E 009 014 7.245e+01
E 010 012 7.793e+01
E 011 016 4.785e+01
E 011 012 9.266e+01
E 011 017 8.927e+01
E 012 015 5.661e+01
E 012 017 1.052e+02
E 012 019 4.826e+01
E 013 017 9.270e+01
E 013 018 8.349e+01
E 014 017 6.907e+01
E 015 018 2.309e+01
E 016 018 5.093e+01
