N 000 023 021 5.868e-01
N 001 069 050 6.053e-01
N 002 052 091 6.455e-01
N 003 073 097 4.808e-01
N 004 016 013 1.189e-01
N 005 066 098 5.220e-01
N 006 006 019 6.776e-01
N 007 062 018 3.530e-01
N 008 072 041 4.665e-01
N 009 053 072 3.949e-02
N 010 057 079 1.995e-01
N 011 011 051 2.583e-01
N 012 050 019 7.245e-01
N 013 070 072 2.417e-01
N 014 049 029 1.458e-01
N 015 086 050 5.630e-01
N 016 094 010 5.068e-01
N 017 043 064 6.960e-01
N 018 001 002 5.717e-01
N 019 050 065 3.222e-02
E 000 019 5.162e+01
E 000 010 6.723e+01
E 000 011 3.231e+01
E 000 013 6.935e+01
E 000 014 2.720e+01
E 001 003 4.717e+01
E 001 004 6.464e+01
E 001 008 9.487e+00
E 001 010 3.138e+01
E 001 013 2.202e+01
E 001 016 4.717e+01
E 002 017 2.846e+01
E 002 006 8.544e+01
E 003 004 1.015e+02
E 003 007 7.976e+01
E 003 010 2.408e+01
E 003 012 8.132e+01
E 003 014 7.211e+01
E 003 015 4.876e+01
E 003 019 3.941e+01
E 004 005 9.862e+01
E 004 009 6.964e+01
E 004 014 3.667e+01
E 004 015 7.918e+01
E 004 017 5.771e+01
E 004 019 6.213e+01
E 005 009 2.907e+01
E 005 013 2.631e+01
E 005 014 7.106e+01
E 005 015 5.200e+01
E 005 017 4.105e+01
E 005 018 1.159e+02
E 006 019 6.366e+01
E 006 012 4.400e+01
E 006 010 7.875e+01
E 006 013 8.310e+01
E 007 008 2.508e+01
E 007 017 4.977e+01
E 007 013 5.459e+01
E 007 015 4.000e+01
E 008 013 3.106e+01
E 008 016 3.801e+01
E 008 017 3.701e+01
E 008 018 8.101e+01
E 008 019 3.256e+01
E 009 016 7.433e+01
E 009 012 5.308e+01
E 009 015 3.966e+01
E 010 017 2.052e+01
E 010 019 1.565e+01
E 011 018 5.001e+01
E 011 013 6.263e+01
E 012 014 1.005e+01
E 013 017 2.816e+01
E 013 018 9.829e+01
E 014 017 3.551e+01
E 014 018 5.507e+01
E 015 019 3.900e+01
E 017 018 7.489e+01
E 017 019 7.071e+00
