N 000 088 038 8.641e-01
N 001 023 071 2.852e-01
N 002 059 039 2.724e-01
N 003 089 069 8.636e-01
N 004 003 073 5.334e-01
N 005 066 070 1.021e-01
N 006 085 069 7.090e-01
N 007 062 083 3.993e-01
N 008 060 062 6.924e-01
N 009 081 099 6.925e-01
N 010 039 066 3.733e-01
N 011 023 076 4.359e-01
N 012 095 094 3.822e-01
N 013 093 052 1.695e-01
N 014 041 063 8.577e-01
N 015 087 001 3.570e-01
N 016 092 040 3.249e-01
N 017 037 056 6.691e-01
N 018 050 009 7.529e-01
N 019 048 029 1.078e-02
E 000 001 7.290e+01
E 000 004 9.192e+01
E 000 007 5.197e+01
E 000 010 5.644e+01
E 000 011 7.529e+01
E 000 013 1.487e+01
E 001 003 6.603e+01
E 001 008 3.808e+01
E 001 010 1.676e+01
E 001 014 1.970e+01
E 001 017 2.052e+01
E 001 019 4.888e+01
E 002 010 3.360e+01
E 002 003 4.243e+01
E 002 004 6.551e+01
E 002 007 4.410e+01
E 003 004 8.609e+01
E 003 006 4.000e+00
E 003 010 5.009e+01
E 003 012 2.571e+01
E 003 018 7.156e+01
E 003 019 5.728e+01
E 004 006 8.210e+01
E 004 007 5.984e+01
E 004 013 9.242e+01
E 004 019 6.294e+01
E 005 008 1.000e+01
E 005 009 3.265e+01
E 005 018 6.306e+01
E 005 014 2.596e+01
E 006 011 6.239e+01
E 006 014 4.441e+01
E 006 015 6.803e+01
E 006 018 6.946e+01
E 006 019 5.449e+01
E 007 010 2.860e+01
E 007 012 3.479e+01
E 007 015 8.573e+01
E 008 009 4.254e+01
E 008 010 2.138e+01
E 008 011 3.956e+01
E 008 013 3.448e+01
E 008 015 6.671e+01
E 008 016 3.883e+01
E 009 010 5.341e+01
E 009 012 1.487e+01
E 009 016 6.002e+01
E 009 017 6.152e+01
E 009 019 7.739e+01
E 010 011 1.887e+01
E 010 017 1.020e+01
E 010 019 3.808e+01
E 011 012 7.422e+01
E 011 013 7.400e+01
E 011 018 7.224e+01
E 012 015 9.334e+01
E 012 018 9.618e+01
E 014 017 8.062e+00
E 014 015 7.720e+01
E 017 018 4.876e+01
