N 000 027 043 2.073e-01
N 001 064 061 5.078e-01
N 002 029 050 9.652e-01
N 003 013 027 6.592e-01
N 004 088 011 3.828e-01
N 005 008 043 3.611e-01
N 006 018 096 5.203e-01
N 007 052 076 1.184e-01
N 008 099 061 7.561e-01
N 009 061 018 8.952e-01
N 010 058 071 8.087e-01
N 011 042 011 6.106e-01
N 012 086 052 4.215e-01
N 013 069 087 9.128e-01
N 014 063 008 8.339e-01
N 015 070 032 3.976e-01
N 016 061 065 4.931e-02
N 017 044 009 2.492e-01
N 018 049 014 5.048e-01
N 019 025 098 1.517e-01
E 000 006 5.376e+01
E 001 012 2.377e+01
E 001 004 5.546e+01
E 001 017 5.571e+01
E 001 014 5.301e+01
E 001 007 1.921e+01
E 002 009 4.525e+01
E 002 019 4.817e+01
E 002 014 5.404e+01
E 002 006 4.730e+01
E 003 006 6.918e+01
E 003 008 9.248e+01
E 003 009 4.884e+01
E 003 011 3.312e+01
E 003 014 5.349e+01
E 003 017 3.585e+01
E 003 018 3.828e+01
E 004 005 8.616e+01
E 004 006 1.101e+02
E 004 008 5.120e+01
E 004 009 2.789e+01
E 004 010 6.708e+01
E 004 015 2.766e+01
E 004 016 6.037e+01
E 004 018 3.912e+01
E 005 007 5.500e+01
E 005 008 9.276e+01
E 005 009 5.860e+01
E 005 013 7.521e+01
E 005 015 6.297e+01
E 005 019 5.757e+01
E 006 007 3.945e+01
E 006 011 8.832e+01
E 006 014 9.884e+01
E 006 017 9.080e+01
E 006 018 8.766e+01
E 007 008 4.934e+01
E 007 010 7.810e+00
E 007 012 4.162e+01
E 007 013 2.025e+01
E 007 019 3.483e+01
E 008 012 1.581e+01
E 008 018 6.862e+01
E 009 010 5.308e+01
E 009 017 1.924e+01
E 009 018 1.265e+01
E 010 013 1.942e+01
E 010 016 6.708e+00
E 010 018 5.771e+01
E 011 012 6.014e+01
E 012 013 3.891e+01
E 012 014 4.965e+01
E 012 016 2.818e+01
E 013 014 7.923e+01
E 013 015 5.501e+01
E 013 019 4.535e+01
E 014 017 1.903e+01
E 015 017 3.471e+01
E 016 019 4.884e+01
E 017 019 9.101e+01
