N 000 015 010 9.429e-01
N 001 051 016 2.557e-01
N 002 081 029 4.566e-01
N 003 099 091 6.754e-01
N 004 003 054 2.406e-01
N 005 099 083 9.436e-01
N 006 006 031 9.852e-01
N 007 066 033 6.457e-01
N 008 068 022 9.056e-01
N 009 080 015 8.252e-01
N 010 099 077 2.967e-01
N 011 096 003 3.749e-01
N 012 095 012 8.293e-01
N 013 083 061 5.434e-01
N 014 034 033 4.413e-01
N 015 046 047 8.407e-01
N 016 074 037 3.209e-01
N 017 061 023 5.736e-01
N 018 052 079 8.121e-01
N 019 042 008 8.416e-01
E 000 019 2.707e+01
E 000 003 1.167e+02
E 000 005 1.113e+02
E 000 014 2.983e+01
E 000 013 8.500e+01
E 001 003 8.904e+01
E 001 010 7.762e+01
E 001 011 4.684e+01
E 001 013 5.522e+01
E 001 014 2.404e+01
E 001 016 3.114e+01
E 001 018 6.301e+01
E 002 019 4.429e+01
E 002 005 5.692e+01
E 003 005 8.000e+00
E 003 008 7.564e+01
E 003 010 1.400e+01
E 003 014 8.711e+01
E 004 005 1.003e+02
E 004 007 6.641e+01
E 004 009 8.631e+01
E 004 011 1.061e+02
E 004 013 8.031e+01
E 004 014 3.744e+01
E 004 016 7.301e+01
E 005 007 5.991e+01
E 005 009 7.060e+01
E 005 012 7.111e+01
E 005 014 8.201e+01
E 005 017 7.102e+01
E 006 008 6.265e+01
E 006 019 4.272e+01
E 006 018 6.648e+01
E 006 011 9.425e+01
E 006 012 9.101e+01
E 007 011 4.243e+01
E 008 009 1.389e+01
E 008 013 4.179e+01
E 008 014 3.574e+01
E 008 015 3.330e+01
E 008 018 5.920e+01
E 008 019 2.953e+01
E 009 012 1.530e+01
E 009 016 2.280e+01
E 009 017 2.062e+01
E 009 018 6.986e+01
E 010 011 7.406e+01
E 010 012 6.512e+01
E 010 015 6.090e+01
E 011 013 5.944e+01
E 011 015 6.660e+01
E 011 016 4.050e+01
E 011 017 4.031e+01
E 011 018 8.782e+01
E 012 016 3.265e+01
E 012 019 5.315e+01
E 013 019 6.701e+01
E 014 015 1.844e+01
E 014 019 2.625e+01
E 015 018 3.256e+01
