N 000 041 012 6.218e-01
N 001 006 086 9.485e-01
N 002 047 010 5.421e-01
N 003 020 068 8.504e-01
N 004 040 083 6.499e-01
N 005 077 001 1.233e-01
N 006 036 077 3.465e-01
N 007 036 023 9.414e-01
N 008 050 003 9.962e-01
N 009 018 050 2.886e-01
N 010 073 001 1.525e-02
N 011 044 047 8.116e-01
N 012 085 045 9.849e-01
N 013 034 050 5.345e-01
N 014 096 018 4.726e-01
N 015 061 029 7.811e-01
N 016 009 031 6.041e-01
N 017 092 018 2.672e-01
N 018 025 026 1.231e-01
N 019 006 091 9.226e-01
E 000 001 8.186e+01
E 000 004 7.101e+01
E 000 005 3.764e+01
E 000 011 3.513e+01
E 000 012 5.500e+01
E 000 018 2.126e+01
E 001 002 8.635e+01
E 001 003 2.280e+01
E 001 005 1.108e+02
E 001 007 6.978e+01
E 001 012 8.901e+01
E 001 014 1.128e+02
E 001 016 5.508e+01
E 001 017 1.096e+02
E 002 003 6.398e+01
E 002 007 1.703e+01
E 002 009 4.941e+01
E 002 011 3.712e+01
E 002 012 5.166e+01
E 002 015 2.360e+01
E 002 018 2.720e+01
E 003 006 1.836e+01
E 003 007 4.776e+01
E 003 008 7.159e+01
E 003 014 9.097e+01
E 003 017 8.766e+01
E 004 009 3.966e+01
E 004 019 3.493e+01
E 004 006 7.211e+00
E 004 017 8.324e+01
E 005 006 8.635e+01
E 005 008 2.707e+01
E 005 011 5.661e+01
E 005 014 2.550e+01
E 006 016 5.334e+01
E 006 014 8.415e+01
E 007 010 4.305e+01
E 007 011 2.530e+01
E 007 015 2.571e+01
E 007 017 5.622e+01
E 008 018 3.397e+01
E 008 014 4.838e+01
E 008 015 2.823e+01
E 009 016 2.102e+01
E 009 012 6.719e+01
E 009 014 8.431e+01
E 010 017 2.550e+01
E 010 019 1.122e+02
E 010 013 6.263e+01
E 010 014 2.860e+01
E 011 018 2.832e+01
E 012 014 2.915e+01
E 012 016 7.728e+01
E 012 018 6.294e+01
E 012 019 9.142e+01
E 013 017 6.624e+01
E 013 019 4.965e+01
E 014 019 1.159e+02
E 015 018 3.612e+01
E 017 018 6.748e+01
