N 000 025 091 1.437e-01
N 001 093 086 3.080e-02
N 002 044 044 6.322e-01
N 003 011 096 5.093e-01
N 004 053 007 6.512e-01
N 005 014 068 2.763e-01
N 006 044 089 5.067e-01
N 007 085 038 4.112e-01
N 008 081 016 9.578e-01
N 009 048 093 4.990e-02
N 010 059 091 9.383e-01
N 011 094 086 7.363e-02
N 012 001 089 1.642e-01
N 013 012 036 6.214e-01
N 014 031 047 6.352e-01
N 015 010 009 7.689e-01
N 016 079 084 7.174e-01
N 017 022 096 4.145e-01
N 018 005 042 5.533e-01
N 019 002 009 2.353e-01
E 000 001 6.818e+01
E 000 004 8.854e+01
E 000 007 8.006e+01
E 000 008 9.360e+01
E 000 010 3.400e+01
E 000 019 8.516e+01
E 001 003 8.261e+01
E 001 007 4.866e+01
E 001 010 3.437e+01
E 001 011 1.000e+00
E 001 017 7.170e+01
E 002 010 4.934e+01
E 002 005 3.842e+01
E 003 006 3.373e+01
E 003 009 3.712e+01
E 004 006 8.249e+01
E 004 007 4.455e+01
E 004 010 8.421e+01
E 004 011 8.901e+01
E 004 012 9.710e+01
E 004 017 9.424e+01
E 004 018 5.941e+01
E 005 006 3.662e+01
E 005 007 7.708e+01
E 005 008 8.481e+01
E 005 010 5.054e+01
E 005 012 2.470e+01
E 005 013 3.206e+01
E 005 014 2.702e+01
E 005 016 6.694e+01
E 005 019 6.021e+01
E 006 008 8.184e+01
E 006 012 4.300e+01
E 006 016 3.536e+01
E 007 008 2.236e+01
E 007 011 4.884e+01
E 007 013 7.303e+01
E 007 017 8.563e+01
E 007 018 8.010e+01
E 008 013 7.184e+01
E 008 015 7.134e+01
E 008 016 6.803e+01
E 009 010 1.118e+01
E 009 013 6.742e+01
E 009 014 4.904e+01
E 009 018 6.671e+01
E 009 019 9.577e+01
E 010 011 3.536e+01
E 010 013 7.235e+01
E 011 017 7.269e+01
E 011 018 9.928e+01
E 012 017 2.214e+01
E 012 019 8.001e+01
E 013 014 2.195e+01
E 013 015 2.707e+01
E 013 018 9.220e+00
E 014 018 2.648e+01
E 016 018 8.509e+01
E 016 019 1.075e+02
E 018 019 3.314e+01
