N 000 032 079 7.544e-01
N 001 024 098 7.869e-02
N 002 039 079 1.370e-01
N 003 032 041 9.369e-01
N 004 014 007 1.363e-01
N 005 012 086 3.539e-01
N 006 000 046 7.716e-01
N 007 050 090 4.392e-01
N 008 097 091 5.441e-01
N 009 089 008 3.125e-01
N 010 054 049 1.517e-01
N 011 087 074 1.059e-01
N 012 047 035 4.559e-01
N 013 074 004 9.523e-01
N 014 053 079 9.699e-01
N 015 092 071 3.095e-02
N 016 072 074 1.884e-01
N 017 008 024 1.759e-01
N 018 067 077 4.935e-01
N 019 059 022 7.136e-01
E 000 003 3.800e+01
E 000 004 7.422e+01
E 000 005 2.119e+01
E 000 007 2.110e+01
E 000 009 9.105e+01
E 000 013 8.596e+01
E 000 016 4.031e+01
E 001 004 9.155e+01
E 001 005 1.697e+01
E 001 006 5.727e+01
E 001 009 1.110e+02
E 001 011 6.742e+01
E 001 012 6.707e+01
E 001 013 1.065e+02
E 001 019 8.367e+01
E 002 006 5.109e+01
E 002 008 5.923e+01
E 002 010 3.354e+01
E 002 013 8.276e+01
E 002 014 1.400e+01
E 002 016 3.338e+01
E 002 017 6.313e+01
E 003 017 2.941e+01
E 003 013 5.597e+01
E 003 006 3.239e+01
E 003 007 5.220e+01
E 004 006 4.144e+01
E 004 012 4.328e+01
E 004 013 6.007e+01
E 004 019 4.743e+01
E 005 010 5.597e+01
E 005 009 1.096e+02
E 006 007 6.660e+01
E 006 011 9.139e+01
E 006 012 4.827e+01
E 006 014 6.243e+01
E 006 018 7.382e+01
E 007 018 2.140e+01
E 007 015 4.610e+01
E 008 009 8.338e+01
E 008 010 6.011e+01
E 008 011 1.972e+01
E 008 014 4.561e+01
E 008 015 2.062e+01
E 009 012 4.993e+01
E 009 013 1.552e+01
E 009 016 6.815e+01
E 010 011 4.140e+01
E 010 018 3.087e+01
E 010 019 2.746e+01
E 011 012 5.587e+01
E 011 013 7.120e+01
E 011 018 2.022e+01
E 011 019 5.906e+01
E 013 018 7.333e+01
E 013 019 2.343e+01
E 014 016 1.965e+01
E 014 018 1.414e+01
E 014 019 5.731e+01
E 017 018 7.931e+01
