N 000 005 059 1.466e-01
N 001 078 063 7.478e-01
N 002 001 010 2.760e-01
N 003 036 005 9.035e-02
N 004 043 031 6.768e-01
N 005 057 004 9.612e-01
N 006 084 058 2.394e-01
N 007 035 054 2.857e-01
N 008 088 036 9.362e-01
N 009 082 011 3.722e-01
N 010 055 058 8.357e-01
N 011 081 026 4.239e-01
N 012 050 089 9.313e-01
N 013 089 087 3.625e-01
N 014 032 063 5.245e-02
N 015 010 047 9.571e-01
N 016 069 020 8.708e-01
N 017 061 091 8.834e-01
N 018 011 063 9.828e-01
N 019 058 071 1.392e-01
E 000 001 7.311e+01
E 000 002 4.916e+01
E 000 004 4.720e+01
E 000 008 8.613e+01
E 000 011 8.286e+01
E 000 012 5.408e+01
E 000 013 8.854e+01
E 000 016 7.495e+01
E 000 017 6.450e+01
E 001 002 9.348e+01
E 001 010 2.354e+01
E 001 012 3.821e+01
E 001 013 2.640e+01
E 001 014 4.600e+01
E 001 015 6.986e+01
E 002 011 8.158e+01
E 002 007 5.561e+01
E 003 009 4.639e+01
E 003 018 6.316e+01
E 003 005 2.102e+01
E 003 006 7.151e+01
E 003 015 4.940e+01
E 004 016 2.823e+01
E 004 011 3.833e+01
E 004 013 7.247e+01
E 004 006 4.909e+01
E 005 008 4.455e+01
E 005 009 2.596e+01
E 005 010 5.404e+01
E 005 012 8.529e+01
E 005 013 8.896e+01
E 005 015 6.370e+01
E 005 017 8.709e+01
E 005 018 7.481e+01
E 006 008 2.236e+01
E 006 009 4.704e+01
E 006 011 3.214e+01
E 006 014 5.224e+01
E 006 015 7.481e+01
E 006 016 4.085e+01
E 006 018 7.317e+01
E 007 018 2.563e+01
E 007 011 5.385e+01
E 007 013 6.329e+01
E 008 018 8.160e+01
E 009 016 1.581e+01
E 009 017 8.271e+01
E 010 012 3.140e+01
E 010 017 3.354e+01
E 011 012 7.021e+01
E 011 013 6.152e+01
E 011 014 6.140e+01
E 011 015 7.404e+01
E 013 017 2.828e+01
E 013 018 8.161e+01
E 013 019 3.489e+01
E 014 019 2.720e+01
E 015 018 1.603e+01
E 016 019 5.217e+01
E 017 019 2.022e+01
