N 000 048 069 4.203e-01
N 001 078 083 3.025e-02
N 002 057 035 4.394e-02
N 003 030 048 7.934e-01
N 004 097 071 2.345e-01
N 005 003 092 9.012e-02
N 006 096 035 3.100e-01
N 007 094 046 6.454e-01
N 008 090 095 8.004e-01
N 009 096 015 7.129e-01
N 010 094 091 7.046e-01
N 011 024 067 9.926e-02
N 012 046 036 6.312e-01
N 013 089 008 9.078e-01
N 014 085 063 8.237e-01
N 015 044 064 4.221e-01
N 016 084 091 7.475e-01
N 017 021 024 6.071e-01
N 018 077 011 1.732e-02
N 019 044 066 1.407e-01
E 000 016 4.219e+01
E 000 009 7.225e+01
E 000 003 2.766e+01
E 000 004 4.904e+01
E 000 015 6.403e+00
E 001 008 1.697e+01
E 001 009 7.034e+01
E 001 010 1.789e+01
E 001 019 3.801e+01
E 001 013 7.580e+01
E 002 004 5.381e+01
E 002 006 3.900e+01
E 002 009 4.383e+01
E 002 012 1.105e+01
E 002 014 3.960e+01
E 002 017 3.764e+01
E 003 006 6.727e+01
E 003 007 6.403e+01
E 003 012 2.000e+01
E 003 015 2.126e+01
E 003 017 2.563e+01
E 003 018 5.982e+01
E 004 007 2.518e+01
E 004 008 2.500e+01
E 004 009 5.601e+01
E 004 010 2.022e+01
E 004 011 7.311e+01
E 004 015 5.346e+01
E 004 018 6.325e+01
E 005 016 8.101e+01
E 005 017 7.034e+01
E 005 019 4.855e+01
E 005 012 7.060e+01
E 006 009 2.000e+01
E 006 011 7.879e+01
E 006 017 7.580e+01
E 006 018 3.061e+01
E 006 019 6.054e+01
E 007 016 4.610e+01
E 007 017 7.624e+01
E 008 009 8.022e+01
E 008 014 3.239e+01
E 008 015 5.547e+01
E 008 017 9.901e+01
E 009 011 8.881e+01
E 009 016 7.694e+01
E 010 011 7.400e+01
E 010 013 8.315e+01
E 010 015 5.682e+01
E 010 016 1.000e+01
E 011 018 7.710e+01
E 012 013 5.131e+01
E 012 015 2.807e+01
E 012 019 3.007e+01
E 013 014 5.515e+01
E 013 016 8.315e+01
E 013 017 6.986e+01
E 014 015 4.101e+01
E 016 017 9.197e+01
E 018 019 6.414e+01
