N 000 051 012 1.370e-01
N 001 018 082 2.657e-01
N 002 062 092 2.390e-01
N 003 024 002 1.709e-01
N 004 049 050 7.758e-01
N 005 050 091 8.612e-01
N 006 024 060 5.798e-01
N 007 005 029 6.252e-01
N 008 084 036 2.943e-01
N 009 004 024 6.099e-01
N 010 023 071 5.529e-01
N 011 057 058 4.682e-01
N 012 080 023 8.661e-01
N 013 077 081 4.291e-01
N 014 097 012 2.512e-01
N 015 028 006 5.522e-01
N 016 065 053 1.337e-01
N 017 031 074 2.786e-01
N 018 008 048 5.655e-01
N 019 017 046 5.351e-01
E 000 009 4.851e+01
E 000 011 4.639e+01
E 000 012 3.102e+01
E 000 017 6.515e+01
E 001 003 8.022e+01
E 001 012 8.559e+01
E 001 013 5.901e+01
E 001 014 1.056e+02
E 002 003 9.769e+01
E 002 006 4.968e+01
E 002 007 8.496e+01
E 002 009 8.938e+01
E 002 010 4.429e+01
E 002 011 3.437e+01
E 002 012 7.131e+01
E 002 019 6.435e+01
E 003 007 3.302e+01
E 003 008 6.896e+01
E 003 009 2.973e+01
E 003 010 6.901e+01
E 003 015 5.657e+00
E 004 017 3.000e+01
E 004 019 3.225e+01
E 004 014 6.122e+01
E 005 008 6.466e+01
E 005 017 2.550e+01
E 005 014 9.192e+01
E 006 016 4.159e+01
E 006 017 1.565e+01
E 006 018 2.000e+01
E 006 010 1.105e+01
E 007 008 7.931e+01
E 007 016 6.462e+01
E 007 013 8.881e+01
E 008 013 4.554e+01
E 008 014 2.729e+01
E 008 016 2.550e+01
E 009 010 5.070e+01
E 009 014 9.377e+01
E 009 016 6.754e+01
E 009 017 5.682e+01
E 009 018 2.433e+01
E 010 011 3.640e+01
E 010 013 5.492e+01
E 010 016 4.569e+01
E 010 017 8.544e+00
E 011 012 4.188e+01
E 011 014 6.096e+01
E 011 018 5.001e+01
E 011 019 4.176e+01
E 012 014 2.025e+01
E 012 015 5.471e+01
E 012 016 3.354e+01
E 012 019 6.707e+01
E 014 017 9.055e+01
E 014 018 9.601e+01
E 015 019 4.148e+01
E 015 017 6.807e+01
E 016 017 3.996e+01
E 017 018 3.471e+01
