N 000 031 030 9.559e-01
N 001 079 024 2.979e-01
N 002 052 038 2.996e-01
N 003 076 057 4.279e-01
N 004 092 097 9.331e-01
N 005 051 066 3.014e-01
N 006 003 018 9.566e-01
N 007 048 026 9.275e-02
N 008 000 002 7.531e-01
N 009 099 006 6.719e-02
N 010 046 098 1.434e-01
N 011 063 077 9.176e-01
N 012 037 034 3.230e-01
N 013 054 033 8.726e-01
N 014 051 014 8.297e-01
N 015 020 054 4.482e-01
N 016 087 064 4.712e-01
N 017 084 026 4.034e-03
N 018 056 001 4.698e-01
N 019 093 016 5.730e-01
E 000 001 4.837e+01
E 000 002 2.247e+01
E 000 006 3.046e+01
E 000 007 1.746e+01
E 000 010 6.963e+01
E 000 018 3.829e+01
E 001 008 8.201e+01
E 001 011 5.536e+01
E 001 012 4.317e+01
E 001 016 4.079e+01
E 002 008 6.325e+01
E 002 015 3.578e+01
E 002 017 3.418e+01
E 002 018 3.722e+01
E 002 019 4.653e+01
E 003 008 9.381e+01
E 003 010 5.080e+01
E 003 004 4.308e+01
E 003 005 2.657e+01
E 003 007 4.177e+01
E 004 010 4.601e+01
E 004 012 8.363e+01
E 004 005 5.140e+01
E 004 014 9.257e+01
E 005 011 1.628e+01
E 005 019 6.530e+01
E 006 007 4.571e+01
E 006 009 9.675e+01
E 006 013 5.316e+01
E 006 014 4.817e+01
E 006 018 5.566e+01
E 006 019 9.002e+01
E 007 008 5.367e+01
E 007 010 7.203e+01
E 007 017 3.600e+01
E 008 009 9.908e+01
E 008 011 9.795e+01
E 008 012 4.892e+01
E 008 013 6.227e+01
E 008 016 1.068e+02
E 009 010 1.062e+02
E 009 011 7.961e+01
E 009 014 4.866e+01
E 009 017 2.500e+01
E 009 018 4.329e+01
E 010 012 6.463e+01
E 011 014 6.413e+01
E 011 015 4.876e+01
E 011 018 7.632e+01
E 012 013 1.703e+01
E 012 017 4.768e+01
E 013 016 4.528e+01
E 013 018 3.206e+01
E 014 018 1.393e+01
E 014 019 4.205e+01
E 015 016 6.774e+01
E 015 019 8.230e+01
E 016 017 3.812e+01
E 016 019 4.837e+01
E 017 018 3.754e+01
