N 000 064 051 1.901e-01
N 001 034 099 6.679e-01
N 002 006 045 3.501e-01
N 003 095 055 9.797e-01
N 004 051 009 9.718e-01
N 005 057 073 4.419e-01
N 006 003 008 4.492e-01
N 007 023 019 8.424e-01
N 008 022 044 6.406e-01
N 009 062 088 7.788e-01
N 010 059 032 6.340e-02
N 011 042 093 4.204e-01
N 012 011 099 7.310e-01
N 013 037 031 6.628e-01
N 014 062 015 7.672e-01
N 015 000 022 6.091e-01
N 016 055 020 5.499e-01
N 017 081 084 5.242e-01
N 018 058 052 9.848e-01
N 019 045 077 4.432e-02
E 000 002 5.831e+01
E 000 003 3.126e+01
E 000 006 7.463e+01
E 000 012 7.151e+01
E 000 017 3.712e+01
E 000 019 3.220e+01
E 001 003 7.521e+01
E 001 004 9.159e+01
E 001 008 5.629e+01
E 001 012 2.300e+01
E 001 013 6.807e+01
E 001 014 8.854e+01
E 001 019 2.460e+01
E 002 006 3.712e+01
E 002 007 3.106e+01
E 002 011 6.000e+01
E 002 017 8.453e+01
E 002 019 5.045e+01
E 003 004 6.366e+01
E 003 010 4.272e+01
E 003 013 6.277e+01
E 003 018 3.712e+01
E 003 019 5.463e+01
E 004 005 6.428e+01
E 004 008 4.545e+01
E 004 009 7.976e+01
E 004 017 8.078e+01
E 004 018 4.357e+01
E 005 006 8.450e+01
E 005 008 4.545e+01
E 005 011 2.500e+01
E 005 013 4.652e+01
E 005 019 1.265e+01
E 006 013 4.105e+01
E 007 019 6.203e+01
E 007 015 2.319e+01
E 007 010 3.828e+01
E 007 013 1.844e+01
E 008 016 4.080e+01
E 008 012 5.609e+01
E 009 010 5.608e+01
E 009 011 2.062e+01
E 009 012 5.217e+01
E 009 013 6.224e+01
E 009 018 3.622e+01
E 010 019 4.713e+01
E 010 017 5.646e+01
E 011 012 3.158e+01
E 011 016 7.415e+01
E 011 018 4.401e+01
E 011 019 1.628e+01
E 012 014 9.827e+01
E 012 016 9.043e+01
E 013 014 2.968e+01
E 013 017 6.888e+01
E 014 019 6.429e+01
E 015 018 6.530e+01
E 016 017 6.908e+01
E 016 018 3.214e+01
E 017 018 3.941e+01
