N 000 054 093 1.639e-01
N 001 049 084 4.643e-01
N 002 020 045 5.190e-01
N 003 025 087 4.792e-01
N 004 031 019 7.876e-01
N 005 047 086 3.515e-02
N 006 088 019 5.525e-01
N 007 000 092 9.646e-01
N 008 058 054 4.287e-01
N 009 063 076 1.818e-01
N 010 067 000 9.212e-01
N 011 026 038 1.434e-01
N 012 086 076 7.802e-02
N 013 039 088 3.718e-01
N 014 037 085 5.338e-01
N 015 033 002 9.781e-01
N 016 087 095 5.149e-01
N 017 068 072 5.001e-02
N 018 056 075 9.759e-01
N 019 030 061 7.604e-01
E 000 009 1.924e+01
E 000 002 5.882e+01
E 000 018 1.811e+01
E 000 015 9.339e+01
E 001 010 8.591e+01
E 001 004 6.745e+01
E 001 014 1.204e+01
E 001 007 4.965e+01
E 002 008 3.905e+01
E 002 005 4.909e+01
E 002 006 7.280e+01
E 002 016 8.360e+01
E 003 008 4.667e+01
E 003 009 3.956e+01
E 003 005 2.202e+01
E 004 005 6.888e+01
E 004 006 5.700e+01
E 004 007 7.931e+01
E 004 009 6.537e+01
E 004 010 4.071e+01
E 004 013 6.946e+01
E 005 006 7.855e+01
E 005 011 5.239e+01
E 005 013 8.246e+00
E 005 015 8.516e+01
E 005 017 2.524e+01
E 006 009 6.224e+01
E 006 013 8.463e+01
E 006 014 8.341e+01
E 006 016 7.601e+01
E 006 017 5.665e+01
E 006 019 7.161e+01
E 007 008 6.934e+01
E 007 011 5.993e+01
E 007 012 8.748e+01
E 007 013 3.920e+01
E 007 014 3.766e+01
E 007 016 8.705e+01
E 007 018 5.852e+01
E 008 012 3.561e+01
E 008 014 3.744e+01
E 009 010 7.611e+01
E 009 011 5.304e+01
E 009 012 2.300e+01
E 009 018 7.071e+00
E 009 019 3.625e+01
E 010 012 7.834e+01
E 010 015 3.406e+01
E 010 017 7.201e+01
E 011 013 5.166e+01
E 011 014 4.827e+01
E 012 015 9.102e+01
E 012 017 1.844e+01
E 012 018 3.002e+01
E 013 015 8.621e+01
E 015 016 1.075e+02
E 015 018 7.654e+01
E 016 019 6.637e+01
E 017 018 1.237e+01
E 017 019 3.956e+01
