N 000 041 054 9.448e-01
N 001 006 072 9.053e-01
N 002 001 007 1.403e-01
N 003 026 099 3.375e-01
N 004 081 032 7.643e-01
N 005 006 076 3.462e-01
N 006 068 049 4.368e-01
N 007 099 017 4.852e-01
N 008 075 076 5.377e-01
N 009 076 034 2.450e-01
N 010 081 040 9.507e-01
N 011 017 033 9.277e-01
N 012 059 075 9.534e-01
N 013 075 014 3.894e-02
N 014 021 044 7.729e-01
N 015 001 035 8.941e-01
N 016 028 018 8.499e-01
N 017 046 065 3.548e-01
N 018 064 095 8.123e-02
N 019 054 025 3.801e-01
E 000 002 6.172e+01
E 000 003 4.743e+01
E 000 004 4.565e+01
E 000 005 4.134e+01
E 000 008 4.050e+01
E 000 011 3.189e+01
E 000 012 2.766e+01
E 000 014 2.236e+01
E 000 015 4.428e+01
E 001 016 5.831e+01
E 002 005 6.918e+01
E 002 007 9.851e+01
E 002 009 7.971e+01
E 002 010 8.654e+01
E 002 011 3.053e+01
E 002 012 8.938e+01
E 003 004 8.668e+01
E 003 007 1.098e+02
E 003 011 6.661e+01
E 003 016 8.102e+01
E 003 017 3.945e+01
E 003 019 7.912e+01
E 004 011 6.401e+01
E 004 015 8.006e+01
E 005 006 6.762e+01
E 005 008 6.900e+01
E 005 013 9.276e+01
E 005 016 6.203e+01
E 005 019 7.004e+01
E 006 009 1.700e+01
E 006 010 1.581e+01
E 006 011 5.345e+01
E 006 014 4.727e+01
E 006 016 5.061e+01
E 006 018 4.617e+01
E 006 019 2.778e+01
E 007 010 2.921e+01
E 007 013 2.419e+01
E 007 014 8.254e+01
E 007 017 7.151e+01
E 008 017 3.102e+01
E 008 011 7.220e+01
E 009 017 4.314e+01
E 009 014 5.590e+01
E 009 010 7.810e+00
E 010 012 4.134e+01
E 010 014 6.013e+01
E 010 018 5.757e+01
E 011 012 5.940e+01
E 011 017 4.319e+01
E 011 019 3.785e+01
E 012 013 6.306e+01
E 012 016 6.488e+01
E 012 017 1.640e+01
E 012 019 5.025e+01
E 013 017 5.867e+01
E 013 019 2.371e+01
E 015 016 3.191e+01
E 015 018 8.700e+01
E 017 018 3.499e+01
