N 000 016 090 5.011e-01
N 001 099 073 9.368e-01
N 002 066 074 2.564e-01
N 003 076 019 1.788e-01
N 004 035 007 5.174e-01
N 005 061 018 7.654e-01
N 006 022 064 3.106e-01
N 007 022 039 4.937e-01
N 008 003 091 9.034e-01
N 009 000 018 9.379e-01
N 010 020 015 9.416e-01
N 011 000 071 7.933e-01
N 012 070 038 7.475e-01
N 013 043 007 8.611e-01
N 014 042 013 7.450e-01
N 015 090 069 4.791e-01
N 016 073 080 6.202e-01
N 017 093 012 5.411e-01
N 018 068 092 4.929e-01
N 019 005 031 3.682e-01
E 000 018 5.204e+01
E 001 002 3.302e+01
E 001 006 7.752e+01
E 001 007 8.417e+01
E 001 008 9.767e+01
E 001 010 9.801e+01
E 001 012 4.545e+01
E 001 014 8.276e+01
E 001 017 6.129e+01
E 001 018 3.636e+01
E 002 004 7.382e+01
E 002 005 5.622e+01
E 002 008 6.525e+01
E 002 009 8.656e+01
E 002 015 2.452e+01
E 003 007 5.758e+01
E 003 008 1.025e+02
E 003 009 7.601e+01
E 003 010 5.614e+01
E 003 014 3.453e+01
E 003 018 7.344e+01
E 004 006 5.846e+01
E 004 009 3.669e+01
E 004 011 7.295e+01
E 004 014 9.220e+00
E 004 018 9.118e+01
E 005 006 6.031e+01
E 005 008 9.324e+01
E 005 010 4.111e+01
E 005 011 8.081e+01
E 005 017 3.256e+01
E 006 016 5.345e+01
E 006 012 5.459e+01
E 007 010 2.408e+01
E 007 011 3.883e+01
E 007 013 3.828e+01
E 007 014 3.280e+01
E 007 016 6.544e+01
E 007 017 7.596e+01
E 008 009 7.306e+01
E 008 013 9.304e+01
E 008 018 6.501e+01
E 009 012 7.280e+01
E 009 013 4.438e+01
E 009 014 4.230e+01
E 009 016 9.578e+01
E 011 016 7.355e+01
E 011 013 7.710e+01
E 012 014 3.754e+01
E 012 015 3.689e+01
E 012 017 3.471e+01
E 012 019 6.538e+01
E 013 019 4.494e+01
E 014 015 7.376e+01
E 014 016 7.382e+01
E 014 018 8.317e+01
E 014 019 4.115e+01
E 015 018 3.183e+01
E 016 017 7.088e+01
E 018 019 8.769e+01
