N 000 044 064 4.177e-02
N 001 067 020 6.889e-01
N 002 096 048 5.347e-01
N 003 068 060 4.864e-01
N 004 071 013 4.248e-02
N 005 026 070 6.295e-01
N 006 040 017 6.116e-01
N 007 048 004 4.862e-01
N 008 038 097 6.291e-01
N 009 051 048 7.260e-01
N 010 080 073 8.685e-02
N 011 071 010 4.180e-01
N 012 071 050 1.799e-01
N 013 093 025 6.951e-01
N 014 022 073 1.140e-01
N 015 093 046 8.138e-01
N 016 063 025 9.223e-01
N 017 066 035 5.923e-01
N 018 042 096 9.445e-01
N 019 060 059 8.541e-01
E 000 016 4.338e+01
E 000 019 1.676e+01
E 000 004 5.771e+01
E 000 006 4.717e+01
E 001 003 4.001e+01
E 001 005 6.466e+01
E 001 006 2.717e+01
E 001 008 8.228e+01
E 001 017 1.503e+01
E 001 019 3.962e+01
E 002 010 2.968e+01
E 002 012 2.508e+01
E 002 018 7.225e+01
E 002 006 6.401e+01
E 002 007 6.512e+01
E 003 004 4.710e+01
E 003 006 5.131e+01
E 003 008 4.763e+01
E 003 009 2.081e+01
E 003 010 1.769e+01
E 003 012 1.044e+01
E 003 013 4.301e+01
E 003 017 2.508e+01
E 004 008 9.025e+01
E 004 012 3.700e+01
E 004 013 2.506e+01
E 004 016 1.442e+01
E 004 017 2.256e+01
E 004 018 8.792e+01
E 005 006 5.482e+01
E 005 007 6.957e+01
E 005 008 2.955e+01
E 005 012 4.924e+01
E 005 013 8.071e+01
E 005 015 7.117e+01
E 006 008 8.002e+01
E 006 011 3.178e+01
E 006 013 5.360e+01
E 006 016 2.435e+01
E 006 019 4.652e+01
E 007 008 9.354e+01
E 007 017 3.585e+01
E 007 013 4.966e+01
E 008 011 9.305e+01
E 008 015 7.501e+01
E 009 012 2.010e+01
E 010 019 2.441e+01
E 010 017 4.050e+01
E 010 012 2.470e+01
E 011 016 1.700e+01
E 011 013 2.663e+01
E 012 014 5.413e+01
E 012 016 2.625e+01
E 012 018 5.438e+01
E 013 018 8.742e+01
E 014 017 5.814e+01
E 014 018 3.048e+01
E 014 015 7.596e+01
E 015 018 7.142e+01
E 018 019 4.115e+01
