N 000 031 011 3.251e-01
N 001 061 070 6.830e-01
N 002 083 054 5.645e-01
N 003 034 013 9.615e-01
N 004 082 022 2.668e-01
N 005 023 083 3.194e-01
N 006 063 045 1.434e-01
N 007 073 080 8.500e-01
N 008 084 004 3.186e-01
N 009 044 049 1.198e-01
N 010 063 025 2.557e-01
N 011 010 030 1.897e-01
N 012 035 000 8.656e-01
N 013 028 021 7.475e-01
N 014 034 078 8.198e-01
N 015 094 025 9.270e-01
N 016 019 003 8.170e-03
N 017 094 009 2.618e-02
N 018 043 045 3.644e-01
N 019 073 045 1.888e-01
E 000 008 5.346e+01
E 000 016 1.442e+01
E 000 002 6.748e+01
E 000 006 4.669e+01
E 000 017 6.303e+01
E 001 003 6.307e+01
E 001 008 6.989e+01
E 001 010 4.504e+01
E 001 012 7.467e+01
E 001 014 2.816e+01
E 001 016 7.908e+01
E 001 019 2.773e+01
E 002 010 3.523e+01
E 002 013 6.414e+01
E 002 016 8.184e+01
E 002 018 4.100e+01
E 002 019 1.345e+01
E 003 004 4.884e+01
E 003 005 7.086e+01
E 003 008 5.080e+01
E 003 010 3.138e+01
E 003 017 6.013e+01
E 003 019 5.045e+01
E 004 018 4.528e+01
E 004 013 5.401e+01
E 005 006 5.517e+01
E 005 007 5.009e+01
E 005 011 5.457e+01
E 005 014 1.208e+01
E 005 015 9.168e+01
E 006 008 4.607e+01
E 006 010 2.000e+01
E 006 011 5.508e+01
E 006 012 5.300e+01
E 006 013 4.244e+01
E 006 016 6.083e+01
E 006 019 1.000e+01
E 007 016 9.405e+01
E 007 014 3.905e+01
E 008 010 2.970e+01
E 008 012 4.916e+01
E 008 014 8.931e+01
E 008 016 6.501e+01
E 008 018 5.798e+01
E 008 019 4.245e+01
E 009 017 6.403e+01
E 009 012 4.982e+01
E 009 013 3.225e+01
E 010 013 3.523e+01
E 010 015 3.100e+01
E 010 016 4.919e+01
E 010 018 2.828e+01
E 010 019 2.236e+01
E 011 012 3.905e+01
E 011 013 2.012e+01
E 012 014 7.801e+01
E 012 015 6.408e+01
E 012 019 5.890e+01
E 017 018 6.243e+01
E 017 019 4.168e+01
