N 000 019 095 1.141e-01
N 001 004 050 1.978e-01
N 002 042 088 5.728e-01
N 003 047 073 3.428e-02
N 004 043 086 8.701e-01
N 005 018 018 5.421e-01
N 006 025 043 6.750e-03
N 007 094 043 1.172e-01
N 008 061 062 8.048e-01
N 009 007 080 7.830e-02
N 010 012 098 8.880e-01
N 011 017 059 6.047e-01
N 012 057 087 9.901e-01
N 013 023 091 6.502e-01
N 014 082 071 2.300e-01
N 015 070 085 7.731e-01
N 016 010 092 5.935e-01
N 017 084 079 3.535e-01
N 018 057 090 1.905e-01
N 019 076 033 3.143e-01
E 000 002 2.404e+01
E 000 004 2.563e+01
E 000 005 7.701e+01
E 000 009 1.921e+01
E 000 010 7.616e+00
E 000 012 3.883e+01
E 000 014 6.742e+01
E 000 015 5.197e+01
E 001 019 7.398e+01
E 001 002 5.374e+01
E 001 003 4.876e+01
E 001 010 4.866e+01
E 001 015 7.471e+01
E 002 003 1.581e+01
E 002 007 6.877e+01
E 002 009 3.590e+01
E 002 017 4.295e+01
E 002 018 1.513e+01
E 002 019 6.466e+01
E 003 004 1.360e+01
E 003 012 1.720e+01
E 003 013 3.000e+01
E 003 017 3.748e+01
E 004 005 7.245e+01
E 004 011 3.748e+01
E 004 012 1.404e+01
E 004 014 4.179e+01
E 004 018 1.456e+01
E 005 006 2.596e+01
E 005 008 6.152e+01
E 005 012 7.926e+01
E 005 013 7.317e+01
E 005 019 5.991e+01
E 006 008 4.071e+01
E 006 009 4.115e+01
E 006 011 1.789e+01
E 006 014 6.351e+01
E 006 018 5.686e+01
E 007 016 9.725e+01
E 007 017 3.736e+01
E 007 013 8.570e+01
E 008 012 2.532e+01
E 009 010 1.868e+01
E 009 012 5.049e+01
E 009 018 5.099e+01
E 010 012 4.632e+01
E 010 013 1.304e+01
E 010 017 7.446e+01
E 011 018 5.061e+01
E 012 013 3.423e+01
E 012 017 2.816e+01
E 013 017 6.217e+01
E 014 015 1.844e+01
E 014 016 7.500e+01
E 014 017 8.246e+00
E 014 019 3.847e+01
E 015 018 1.393e+01
E 015 017 1.523e+01
E 016 017 7.513e+01
E 017 018 2.915e+01
