N 000 055 004 1.093e-01
N 001 016 016 3.621e-01
N 002 093 047 7.504e-01
N 003 006 098 6.593e-02
N 004 027 048 9.642e-01
N 005 083 064 9.311e-01
N 006 068 063 4.575e-01
N 007 031 038 1.265e-01
N 008 074 002 9.290e-01
N 009 070 018 2.755e-01
N 010 095 039 5.123e-01
N 011 016 057 6.095e-01
N 012 088 043 5.970e-01
N 013 024 006 2.289e-01
N 014 053 086 7.690e-01
N 015 026 011 4.124e-01
N 016 030 008 8.311e-01
N 017 063 049 2.968e-02
N 018 039 036 8.531e-01
N 019 026 084 1.069e-01
E 000 008 1.910e+01
E 000 017 4.571e+01
E 000 010 5.315e+01
E 000 006 6.042e+01
E 001 003 8.261e+01
E 001 005 8.242e+01
E 001 006 7.009e+01
E 001 007 2.663e+01
E 001 015 1.118e+01
E 001 017 5.743e+01
E 001 019 6.873e+01
E 002 003 1.008e+02
E 002 004 6.601e+01
E 002 006 2.968e+01
E 002 008 4.885e+01
E 002 009 3.701e+01
E 002 010 8.246e+00
E 002 012 6.403e+00
E 002 013 8.026e+01
E 002 014 5.587e+01
E 002 017 3.007e+01
E 003 004 5.423e+01
E 003 005 8.417e+01
E 003 009 1.024e+02
E 003 012 9.874e+01
E 003 013 9.374e+01
E 003 015 8.927e+01
E 003 019 2.441e+01
E 004 009 5.243e+01
E 004 005 5.824e+01
E 004 014 4.604e+01
E 005 008 6.265e+01
E 005 012 2.159e+01
E 005 019 6.041e+01
E 006 007 4.465e+01
E 006 009 4.504e+01
E 006 010 3.612e+01
E 006 015 6.684e+01
E 007 010 6.401e+01
E 007 011 2.421e+01
E 007 015 2.746e+01
E 008 011 7.993e+01
E 008 014 8.659e+01
E 008 015 4.884e+01
E 009 010 3.265e+01
E 009 012 3.081e+01
E 009 014 7.009e+01
E 010 012 8.062e+00
E 010 013 7.829e+01
E 010 016 7.201e+01
E 011 016 5.096e+01
E 011 012 7.335e+01
E 011 014 4.701e+01
E 012 014 5.544e+01
E 013 019 7.803e+01
E 014 017 3.833e+01
E 015 018 2.818e+01
E 015 019 7.300e+01
E 017 018 2.729e+01
E 018 019 4.973e+01
