N 000 041 060 5.338e-01
N 001 066 053 4.430e-01
N 002 094 091 3.612e-01
N 003 022 095 1.007e-01
N 004 021 091 1.830e-03
N 005 094 001 9.382e-01
N 006 057 062 1.497e-01
N 007 012 057 8.642e-01
N 008 038 093 3.213e-01
N 009 065 057 9.604e-01
N 010 000 060 9.900e-01
N 011 086 028 3.393e-01
N 012 070 003 9.863e-01
N 013 087 056 1.549e-01
N 014 024 040 7.329e-01
N 015 078 083 7.311e-01
N 016 041 066 4.256e-01
N 017 052 004 8.073e-01
N 018 073 077 2.483e-01
N 019 018 035 4.965e-01
E 000 001 2.596e+01
E 000 010 4.100e+01
E 000 004 3.689e+01
E 000 007 2.915e+01
E 001 003 6.083e+01
E 001 006 1.273e+01
E 001 007 5.415e+01
E 001 013 2.121e+01
E 001 014 4.397e+01
E 001 015 3.231e+01
E 001 018 2.500e+01
E 002 017 9.661e+01
E 002 011 6.351e+01
E 002 004 7.300e+01
E 002 014 8.661e+01
E 002 006 4.701e+01
E 003 018 5.408e+01
E 003 011 9.266e+01
E 003 004 4.123e+00
E 003 009 5.738e+01
E 004 005 1.159e+02
E 004 008 1.712e+01
E 004 011 9.052e+01
E 004 019 5.608e+01
E 005 007 9.930e+01
E 005 008 1.077e+02
E 005 009 6.306e+01
E 005 011 2.816e+01
E 005 012 2.408e+01
E 005 015 8.355e+01
E 005 016 8.387e+01
E 005 018 7.885e+01
E 006 008 3.636e+01
E 006 010 5.704e+01
E 006 012 6.042e+01
E 006 013 3.059e+01
E 006 014 3.966e+01
E 007 009 5.300e+01
E 007 014 2.081e+01
E 007 015 7.094e+01
E 007 017 6.640e+01
E 008 017 9.009e+01
E 009 011 3.581e+01
E 009 016 2.563e+01
E 009 018 2.154e+01
E 010 011 9.176e+01
E 010 012 9.027e+01
E 010 016 4.144e+01
E 010 018 7.495e+01
E 011 018 5.070e+01
E 012 018 7.406e+01
E 012 014 5.903e+01
E 013 018 2.524e+01
E 013 015 2.846e+01
E 014 016 3.106e+01
E 014 017 4.561e+01
E 014 018 6.140e+01
E 015 017 8.317e+01
E 016 018 3.384e+01
E 017 019 4.601e+01
