N 000 087 020 2.477e-01
N 001 086 086 3.707e-01
N 002 039 040 6.284e-01
N 003 012 033 8.626e-01
N 004 028 093 1.901e-01
N 005 025 053 8.747e-01
N 006 037 075 4.684e-01
N 007 041 040 5.705e-01
N 008 063 032 4.722e-01
N 009 023 020 2.968e-02
N 010 005 039 5.678e-01
N 011 073 017 9.701e-01
N 012 033 015 4.816e-01
N 013 043 078 1.631e-01
N 014 023 041 8.176e-01
N 015 050 053 3.792e-01
N 016 094 046 1.913e-01
N 017 090 007 6.323e-01
N 018 075 022 2.846e-01
N 019 023 066 7.894e-01
E 000 011 1.432e+01
E 000 016 2.693e+01
E 000 003 7.612e+01
E 000 012 5.423e+01
E 000 015 4.958e+01
E 001 002 6.576e+01
E 001 005 6.935e+01
E 001 006 5.022e+01
E 001 009 9.124e+01
E 001 010 9.365e+01
E 001 011 7.021e+01
E 001 014 7.742e+01
E 001 015 4.884e+01
E 002 008 2.530e+01
E 002 012 2.571e+01
E 002 013 3.821e+01
E 002 014 1.603e+01
E 002 015 1.703e+01
E 003 006 4.888e+01
E 003 008 5.101e+01
E 003 012 2.766e+01
E 003 013 5.464e+01
E 003 015 4.294e+01
E 003 016 8.302e+01
E 003 019 3.479e+01
E 004 009 7.317e+01
E 004 015 4.565e+01
E 004 007 5.457e+01
E 005 007 2.062e+01
E 005 011 6.000e+01
E 005 013 3.081e+01
E 005 017 7.963e+01
E 005 018 5.883e+01
E 005 019 1.315e+01
E 006 007 3.523e+01
E 006 009 5.675e+01
E 006 012 6.013e+01
E 006 013 6.708e+00
E 006 017 8.621e+01
E 006 019 1.664e+01
E 007 011 3.941e+01
E 007 017 5.908e+01
E 007 018 3.847e+01
E 008 013 5.016e+01
E 009 011 5.009e+01
E 009 012 1.118e+01
E 009 015 4.264e+01
E 009 016 7.561e+01
E 010 012 3.688e+01
E 010 013 5.445e+01
E 011 013 6.798e+01
E 011 018 5.385e+00
E 011 019 7.001e+01
E 012 018 4.258e+01
E 013 017 8.515e+01
E 013 018 6.450e+01
E 014 016 7.118e+01
E 015 016 4.455e+01
E 016 017 3.920e+01
E 018 019 6.812e+01
