N 000 083 095 9.760e-01
N 001 014 012 8.514e-01
N 002 046 048 6.658e-01
N 003 058 015 6.703e-02
N 004 027 079 4.060e-01
N 005 003 013 7.503e-01
N 006 028 049 9.194e-01
N 007 077 027 5.699e-01
N 008 094 094 1.630e-02
N 009 051 092 3.799e-01
N 010 043 045 4.730e-01
N 011 018 002 8.193e-01
N 012 092 048 7.641e-01
N 013 068 032 7.833e-01
N 014 083 046 7.459e-01
N 015 096 013 5.232e-01
N 016 009 077 5.608e-01
N 017 056 032 5.775e-01
N 018 068 030 7.368e-01
N 019 003 004 2.234e-01
E 000 001 1.079e+02
E 000 002 5.982e+01
E 000 006 7.170e+01
E 000 009 3.214e+01
E 000 011 1.135e+02
E 000 012 4.785e+01
E 000 019 1.212e+02
E 001 002 4.817e+01
E 001 007 6.476e+01
E 001 011 1.077e+01
E 001 012 8.591e+01
E 001 014 7.692e+01
E 001 015 8.201e+01
E 001 019 1.360e+01
E 002 009 4.428e+01
E 002 010 4.243e+00
E 002 011 5.385e+01
E 002 012 4.600e+01
E 002 013 2.720e+01
E 002 014 3.705e+01
E 002 017 1.887e+01
E 003 005 5.504e+01
E 003 006 4.534e+01
E 003 013 1.972e+01
E 003 014 3.982e+01
E 003 016 7.903e+01
E 003 017 1.712e+01
E 004 005 7.023e+01
E 004 008 6.866e+01
E 004 011 7.752e+01
E 004 013 6.237e+01
E 004 014 6.500e+01
E 004 016 1.811e+01
E 004 017 5.523e+01
E 005 006 4.383e+01
E 005 015 9.300e+01
E 005 017 5.630e+01
E 005 018 6.719e+01
E 005 019 9.000e+00
E 006 015 7.694e+01
E 007 017 2.159e+01
E 007 013 1.030e+01
E 007 014 1.992e+01
E 007 009 7.001e+01
E 008 009 4.305e+01
E 008 010 7.072e+01
E 008 019 1.280e+02
E 009 013 6.236e+01
E 009 015 9.092e+01
E 009 017 6.021e+01
E 009 018 6.429e+01
E 010 012 4.909e+01
E 010 014 4.001e+01
E 012 013 2.884e+01
E 013 015 3.384e+01
E 013 016 7.420e+01
E 013 017 1.200e+01
E 014 016 8.023e+01
E 014 018 2.193e+01
E 016 018 7.543e+01
