N 000 049 044 9.296e-01
N 001 034 093 8.034e-01
N 002 028 081 3.828e-01
N 003 035 024 4.876e-01
N 004 038 093 8.368e-01
N 005 094 083 2.139e-02
N 006 049 040 9.485e-01
N 007 089 097 8.808e-01
N 008 015 082 3.293e-01
N 009 070 008 8.598e-01
N 010 035 003 7.909e-01
N 011 053 046 8.289e-01
N 012 014 006 7.632e-02
N 013 071 081 2.365e-01
N 014 047 050 5.983e-01
N 015 047 000 2.856e-01
N 016 082 025 3.268e-01
N 017 046 056 4.131e-01
N 018 093 074 5.042e-01
N 019 016 091 4.903e-01
E 000 011 4.472e+00
E 000 005 5.955e+01
E 000 006 4.000e+00
E 000 007 6.640e+01
E 001 002 1.342e+01
E 001 007 5.515e+01
E 001 009 9.231e+01
E 001 011 5.070e+01
E 001 013 3.890e+01
E 001 019 1.811e+01
E 002 005 6.603e+01
E 002 006 4.607e+01
E 002 009 8.422e+01
E 002 010 7.831e+01
E 002 011 4.301e+01
E 002 016 7.779e+01
E 002 017 3.081e+01
E 002 018 6.538e+01
E 003 009 3.848e+01
E 003 012 2.766e+01
E 003 005 8.344e+01
E 003 017 3.384e+01
E 004 005 5.689e+01
E 004 007 5.116e+01
E 004 008 2.550e+01
E 004 009 9.082e+01
E 004 013 3.511e+01
E 004 015 9.343e+01
E 004 017 3.785e+01
E 004 019 2.209e+01
E 005 007 1.487e+01
E 005 008 7.901e+01
E 005 009 7.875e+01
E 005 011 5.523e+01
E 005 014 5.743e+01
E 005 018 9.055e+00
E 005 019 7.841e+01
E 006 016 3.625e+01
E 006 010 3.956e+01
E 006 013 4.653e+01
E 007 013 2.408e+01
E 007 015 1.057e+02
E 007 016 7.234e+01
E 007 017 5.941e+01
E 008 015 8.802e+01
E 009 012 5.604e+01
E 009 015 2.435e+01
E 010 016 5.189e+01
E 010 017 5.413e+01
E 011 014 7.211e+00
E 012 016 7.060e+01
E 012 017 5.936e+01
E 012 015 3.354e+01
E 013 016 5.707e+01
E 013 017 3.536e+01
E 013 019 5.590e+01
E 014 019 5.140e+01
E 014 017 6.083e+00
E 015 016 4.301e+01
E 016 019 9.334e+01
