N 000 000 082 6.583e-01
N 001 019 007 5.711e-01
N 002 029 011 8.799e-01
N 003 016 086 1.842e-01
N 004 074 083 3.180e-02
N 005 022 081 7.327e-01
N 006 074 052 8.509e-01
N 007 045 033 3.733e-01
N 008 025 071 6.634e-01
N 009 062 080 4.884e-02
N 010 066 043 2.363e-01
N 011 008 010 2.959e-01
N 012 025 086 7.629e-01
N 013 009 023 5.435e-03
N 014 067 001 2.114e-01
N 015 074 079 7.945e-01
N 016 005 058 6.622e-05
N 017 043 046 1.578e-01
N 018 014 057 7.051e-01
N 019 013 091 9.459e-02
E 000 001 7.737e+01
E 000 018 2.865e+01
E 000 006 7.985e+01
E 001 002 1.077e+01
E 001 009 8.472e+01
E 001 010 5.920e+01
E 001 011 1.140e+01
E 001 019 8.421e+01
E 002 003 7.612e+01
E 002 005 7.035e+01
E 002 008 6.013e+01
E 002 010 4.892e+01
E 002 014 3.929e+01
E 002 015 8.154e+01
E 002 017 3.770e+01
E 003 008 1.749e+01
E 003 009 4.639e+01
E 003 004 5.808e+01
E 003 006 6.723e+01
E 004 007 5.780e+01
E 004 009 1.237e+01
E 004 010 4.079e+01
E 004 011 9.841e+01
E 004 013 8.846e+01
E 004 016 7.339e+01
E 004 017 4.827e+01
E 004 018 6.539e+01
E 005 008 1.044e+01
E 005 019 1.345e+01
E 005 012 5.831e+00
E 005 007 5.323e+01
E 006 007 3.467e+01
E 006 008 5.255e+01
E 006 009 3.046e+01
E 006 013 7.118e+01
E 006 014 5.148e+01
E 007 011 4.357e+01
E 007 013 3.736e+01
E 007 016 4.717e+01
E 008 012 1.500e+01
E 008 013 5.060e+01
E 009 013 7.783e+01
E 009 016 6.110e+01
E 009 017 3.895e+01
E 009 019 5.022e+01
E 010 014 4.201e+01
E 010 012 5.941e+01
E 011 013 1.304e+01
E 011 018 4.738e+01
E 011 019 8.115e+01
E 012 018 3.102e+01
E 012 015 4.950e+01
E 013 014 6.203e+01
E 013 019 6.812e+01
E 014 018 7.710e+01
E 015 019 6.217e+01
E 016 019 3.396e+01
E 017 019 5.408e+01
E 017 018 3.102e+01
E 018 019 3.401e+01
