N 000 001 055 7.602e-01
N 001 053 027 9.222e-01
N 002 049 035 5.489e-01
N 003 088 049 8.637e-01
N 004 057 063 2.432e-01
N 005 046 070 2.591e-01
N 006 016 006 9.001e-01
N 007 022 070 6.937e-01
N 008 027 004 1.919e-01
N 009 063 054 1.811e-01
N 010 012 055 8.951e-01
N 011 010 036 1.338e-01
N 012 044 049 2.246e-01
N 013 050 091 7.465e-01
N 014 091 027 4.021e-01
N 015 020 075 3.419e-01
N 016 001 044 2.669e-01
N 017 095 011 4.705e-01
N 018 029 098 1.915e-01
N 019 001 084 6.192e-01
E 000 001 5.906e+01
E 000 004 5.657e+01
E 000 005 4.743e+01
E 000 007 2.581e+01
E 000 010 1.100e+01
E 000 012 4.342e+01
E 000 016 1.100e+01
E 000 019 2.900e+01
E 001 016 5.471e+01
E 001 010 4.965e+01
E 001 005 4.357e+01
E 002 017 5.188e+01
E 002 018 6.610e+01
E 002 003 4.144e+01
E 002 012 1.487e+01
E 003 004 3.401e+01
E 003 006 8.386e+01
E 003 009 2.550e+01
E 003 013 5.664e+01
E 003 015 7.280e+01
E 004 009 1.082e+01
E 004 013 2.886e+01
E 004 006 7.021e+01
E 005 007 2.400e+01
E 005 010 3.716e+01
E 005 016 5.197e+01
E 005 018 3.276e+01
E 005 019 4.713e+01
E 006 017 7.916e+01
E 006 018 9.291e+01
E 006 015 6.912e+01
E 007 008 6.619e+01
E 007 010 1.803e+01
E 007 013 3.500e+01
E 007 014 8.130e+01
E 008 009 6.161e+01
E 008 011 3.624e+01
E 008 017 6.836e+01
E 009 011 5.597e+01
E 009 016 6.280e+01
E 010 013 5.235e+01
E 010 015 2.154e+01
E 010 016 1.556e+01
E 010 018 4.624e+01
E 010 019 3.102e+01
E 011 014 8.150e+01
E 011 015 4.026e+01
E 011 016 1.204e+01
E 011 017 8.860e+01
E 011 018 6.485e+01
E 012 013 4.243e+01
E 012 014 5.189e+01
E 012 017 6.360e+01
E 012 019 5.544e+01
E 013 015 3.400e+01
E 013 018 2.214e+01
E 014 019 1.065e+02
E 015 017 9.860e+01
E 016 018 6.083e+01
E 017 019 1.190e+02
