N 000 090 037 6.399e-01
N 001 089 051 8.779e-01
N 002 010 046 6.608e-01
N 003 077 018 9.479e-01
N 004 031 068 4.224e-01
N 005 091 020 8.000e-01
N 006 024 055 2.204e-01
N 007 059 076 9.036e-02
N 008 040 029 3.316e-01
N 009 051 010 5.362e-01
N 010 011 072 7.663e-01
N 011 006 037 6.330e-01
N 012 017 061 5.208e-01
N 013 018 010 6.129e-01
N 014 018 002 4.587e-02
N 015 083 058 3.198e-01
N 016 013 051 6.609e-01
N 017 063 046 8.467e-01
N 018 078 036 6.551e-01
N 019 003 068 5.662e-01
E 000 008 5.064e+01
E 000 001 1.404e+01
E 000 013 7.690e+01
E 000 007 4.982e+01
E 001 004 6.044e+01
E 001 007 3.905e+01
E 001 011 8.417e+01
E 001 014 8.627e+01
E 001 015 9.220e+00
E 002 004 3.041e+01
E 002 007 5.745e+01
E 002 010 2.602e+01
E 002 013 3.688e+01
E 002 015 7.398e+01
E 002 018 6.873e+01
E 003 004 6.794e+01
E 003 005 1.414e+01
E 003 010 8.528e+01
E 003 013 5.954e+01
E 003 015 4.045e+01
E 003 017 3.130e+01
E 003 018 1.803e+01
E 003 019 8.931e+01
E 004 005 7.684e+01
E 004 007 2.912e+01
E 004 013 5.944e+01
E 004 016 2.476e+01
E 005 008 5.179e+01
E 005 010 9.541e+01
E 005 013 7.368e+01
E 005 014 7.519e+01
E 005 017 3.821e+01
E 006 008 3.053e+01
E 006 009 5.248e+01
E 006 019 2.470e+01
E 006 016 1.170e+01
E 007 011 6.580e+01
E 008 010 5.187e+01
E 008 011 3.493e+01
E 008 012 3.941e+01
E 008 013 2.907e+01
E 008 014 3.483e+01
E 008 015 5.187e+01
E 009 016 5.590e+01
E 009 018 3.748e+01
E 009 019 7.529e+01
E 009 012 6.129e+01
E 010 014 7.035e+01
E 010 015 7.335e+01
E 010 017 5.814e+01
E 010 018 7.606e+01
E 010 019 8.944e+00
E 011 018 7.201e+01
E 011 017 5.771e+01
E 012 014 5.901e+01
E 012 017 4.838e+01
E 013 014 8.000e+00
E 013 017 5.763e+01
E 015 019 8.062e+01
E 016 018 6.671e+01
