N 000 093 018 4.393e-01
N 001 093 089 5.663e-01
N 002 000 055 4.456e-01
N 003 072 043 8.561e-01
N 004 032 072 6.489e-01
N 005 028 055 1.149e-01
N 006 057 004 2.896e-01
N 007 035 078 3.704e-01
N 008 035 078 7.807e-01
N 009 038 047 4.112e-01
N 010 063 021 4.580e-01
N 011 064 000 2.029e-02
N 012 066 045 1.815e-01
N 013 058 023 3.201e-01
N 014 070 010 1.375e-01
N 015 000 074 5.316e-01
N 016 017 003 8.122e-01
N 017 070 055 9.045e-01
N 018 095 079 3.248e-01
N 019 077 076 7.806e-01
E 000 009 6.218e+01
E 000 002 1.001e+02
E 000 006 3.863e+01
E 001 018 1.020e+01
E 001 002 9.902e+01
E 001 011 9.361e+01
E 001 013 7.471e+01
E 002 003 7.299e+01
E 002 005 2.800e+01
E 002 006 7.649e+01
E 002 010 7.159e+01
E 002 012 6.675e+01
E 002 015 1.900e+01
E 002 016 5.471e+01
E 002 017 7.000e+01
E 003 004 4.941e+01
E 003 007 5.093e+01
E 003 010 2.377e+01
E 003 011 4.374e+01
E 003 015 7.839e+01
E 003 016 6.801e+01
E 003 017 1.217e+01
E 003 018 4.272e+01
E 003 019 3.338e+01
E 004 008 6.708e+00
E 004 009 2.571e+01
E 004 014 7.272e+01
E 004 006 7.245e+01
E 005 008 2.404e+01
E 005 009 1.281e+01
E 005 014 6.155e+01
E 005 016 5.315e+01
E 005 018 7.117e+01
E 005 019 5.331e+01
E 006 007 7.720e+01
E 006 008 7.720e+01
E 006 015 9.027e+01
E 008 011 8.322e+01
E 008 015 3.523e+01
E 008 017 4.188e+01
E 009 012 2.807e+01
E 009 013 3.124e+01
E 009 014 4.892e+01
E 009 016 4.875e+01
E 010 019 5.675e+01
E 010 017 3.471e+01
E 010 018 6.624e+01
E 011 014 1.166e+01
E 011 015 9.784e+01
E 011 016 4.710e+01
E 011 017 5.533e+01
E 012 014 3.523e+01
E 012 015 7.209e+01
E 012 016 6.454e+01
E 012 017 1.077e+01
E 014 015 9.485e+01
E 014 017 4.500e+01
E 015 016 7.301e+01
E 015 018 9.513e+01
E 017 019 2.214e+01
