N 000 018 035 5.320e-01
N 001 012 029 3.452e-01
N 002 040 070 7.788e-01
N 003 029 069 8.933e-02
N 004 041 097 3.366e-01
N 005 044 094 6.882e-01
N 006 022 047 4.496e-01
N 007 092 088 1.435e-01
N 008 079 028 7.435e-01
N 009 054 042 6.286e-01
N 010 006 095 3.851e-02
N 011 098 088 3.795e-02
N 012 018 087 6.000e-01
N 013 071 021 5.093e-01
N 014 070 048 1.987e-01
N 015 083 026 4.478e-01
N 016 023 035 3.204e-01
N 017 081 039 5.845e-01
N 018 067 022 9.669e-01
N 019 061 021 8.952e-01
E 000 002 4.134e+01
E 000 003 3.574e+01
E 000 010 6.119e+01
E 001 012 5.831e+01
E 001 010 6.627e+01
E 001 004 7.393e+01
E 001 013 5.954e+01
E 001 006 2.059e+01
E 002 004 2.702e+01
E 002 005 2.433e+01
E 002 007 5.503e+01
E 002 011 6.073e+01
E 002 012 2.780e+01
E 002 019 5.331e+01
E 003 004 3.046e+01
E 003 006 2.309e+01
E 003 008 6.466e+01
E 003 011 7.157e+01
E 003 012 2.110e+01
E 003 014 4.607e+01
E 003 018 6.044e+01
E 004 010 3.506e+01
E 004 011 5.771e+01
E 004 012 2.508e+01
E 004 013 8.171e+01
E 004 016 6.456e+01
E 004 017 7.046e+01
E 005 008 7.471e+01
E 005 010 3.801e+01
E 005 013 7.783e+01
E 005 014 5.284e+01
E 005 018 7.558e+01
E 005 019 7.495e+01
E 006 008 6.008e+01
E 006 016 1.204e+01
E 006 009 3.239e+01
E 007 012 7.401e+01
E 007 018 7.058e+01
E 007 014 4.565e+01
E 008 009 2.865e+01
E 008 013 1.063e+01
E 008 014 2.193e+01
E 008 017 1.118e+01
E 008 018 1.342e+01
E 009 016 3.178e+01
E 009 019 2.214e+01
E 009 014 1.709e+01
E 010 014 7.940e+01
E 011 017 5.187e+01
E 011 013 7.224e+01
E 012 013 8.465e+01
E 012 014 6.500e+01
E 012 017 7.920e+01
E 013 015 1.300e+01
E 013 017 2.059e+01
E 013 018 4.123e+00
E 013 019 1.000e+01
E 014 017 1.421e+01
E 014 018 2.617e+01
E 014 019 2.846e+01
