N 000 065 006 5.965e-01
N 001 068 089 4.762e-02
N 002 057 091 1.350e-01
N 003 011 082 8.590e-01
N 004 082 006 9.287e-01
N 005 051 058 8.260e-01
N 006 088 002 7.347e-01
N 007 029 001 5.300e-01
N 008 099 050 6.546e-02
N 009 054 002 8.713e-01
N 010 077 035 9.040e-01
N 011 027 041 5.145e-01
N 012 040 042 5.537e-01
N 013 072 070 3.099e-01
N 014 096 058 8.004e-01
N 015 030 051 2.437e-01
N 016 064 025 5.136e-01
N 017 091 081 6.264e-02
N 018 057 069 9.950e-01
N 019 026 064 3.716e-01
E 000 001 8.305e+01
E 000 018 6.351e+01
E 000 013 6.438e+01
E 001 003 5.743e+01
E 001 006 8.927e+01
E 001 010 5.474e+01
E 001 012 5.471e+01
E 001 014 4.177e+01
E 001 019 4.888e+01
E 002 008 5.869e+01
E 002 010 5.946e+01
E 002 018 2.200e+01
E 002 013 2.581e+01
E 003 005 4.665e+01
E 003 006 1.110e+02
E 003 010 8.102e+01
E 003 011 4.401e+01
E 003 013 6.217e+01
E 003 014 8.832e+01
E 003 015 3.636e+01
E 003 017 8.001e+01
E 003 018 4.780e+01
E 004 019 8.062e+01
E 004 010 2.943e+01
E 004 011 6.519e+01
E 004 018 6.778e+01
E 004 015 6.877e+01
E 005 007 6.110e+01
E 005 008 4.866e+01
E 005 009 5.608e+01
E 005 012 1.942e+01
E 005 013 2.419e+01
E 006 011 7.240e+01
E 006 018 7.382e+01
E 006 015 7.593e+01
E 007 013 8.130e+01
E 007 014 8.797e+01
E 007 016 4.244e+01
E 007 018 7.354e+01
E 007 019 6.307e+01
E 008 009 6.580e+01
E 008 013 3.360e+01
E 009 010 4.022e+01
E 009 011 4.743e+01
E 009 012 4.238e+01
E 009 014 7.000e+01
E 009 015 5.456e+01
E 009 018 6.707e+01
E 010 014 2.983e+01
E 010 017 4.808e+01
E 010 018 3.945e+01
E 010 019 5.867e+01
E 011 014 7.106e+01
E 012 013 4.252e+01
E 012 016 2.941e+01
E 012 017 6.420e+01
E 013 016 4.571e+01
E 013 019 4.639e+01
E 015 016 4.280e+01
E 016 019 5.445e+01
