N 000 024 090 3.116e-01
N 001 014 022 7.060e-01
N 002 073 008 2.229e-01
N 003 028 082 6.774e-01
N 004 039 005 6.887e-01
N 005 010 013 5.937e-01
N 006 099 044 5.817e-01
N 007 021 011 2.288e-01
N 008 003 076 8.106e-01
N 009 095 005 5.103e-01
N 010 053 019 8.343e-01
N 011 002 087 6.027e-01
N 012 060 074 8.331e-01
N 013 087 093 4.395e-01
N 014 000 070 8.542e-01
N 015 044 090 8.083e-02
N 016 070 083 1.808e-01
N 017 087 096 7.471e-01
N 018 074 098 5.091e-01
N 019 027 051 4.612e-01
E 000 002 9.552e+01
E 000 003 8.944e+00
E 000 005 7.826e+01
E 000 006 8.798e+01
E 000 007 7.906e+01
E 000 013 6.307e+01
E 000 017 6.329e+01
E 001 003 6.161e+01
E 001 004 3.023e+01
E 001 005 9.849e+00
E 001 006 8.780e+01
E 001 011 6.610e+01
E 001 016 8.281e+01
E 001 017 1.039e+02
E 001 018 9.683e+01
E 002 004 3.413e+01
E 002 009 2.220e+01
E 002 013 8.615e+01
E 002 014 9.578e+01
E 002 016 7.506e+01
E 003 006 8.053e+01
E 003 007 7.134e+01
E 003 012 3.298e+01
E 003 014 3.046e+01
E 004 008 7.961e+01
E 004 015 8.515e+01
E 004 016 8.393e+01
E 004 017 1.029e+02
E 004 018 9.937e+01
E 005 006 9.424e+01
E 005 007 1.118e+01
E 005 011 7.443e+01
E 005 016 9.220e+01
E 005 017 1.132e+02
E 006 013 5.045e+01
E 006 017 5.337e+01
E 006 019 7.234e+01
E 007 012 7.409e+01
E 007 014 6.263e+01
E 007 017 1.076e+02
E 008 017 8.635e+01
E 009 019 8.210e+01
E 009 011 1.240e+02
E 009 010 4.427e+01
E 009 015 9.913e+01
E 010 011 8.500e+01
E 010 012 5.544e+01
E 011 012 5.944e+01
E 011 013 8.521e+01
E 011 014 1.712e+01
E 011 019 4.383e+01
E 012 014 6.013e+01
E 012 016 1.345e+01
E 013 014 8.999e+01
E 013 018 1.393e+01
E 015 019 4.254e+01
E 016 017 2.140e+01
E 016 018 1.552e+01
E 016 019 5.360e+01
E 017 019 7.500e+01
