N 000 010 030 3.741e-02
N 001 075 021 5.097e-01
N 002 098 099 4.362e-01
N 003 006 073 5.953e-01
N 004 008 085 3.518e-01
N 005 095 087 4.593e-01
N 006 051 082 1.067e-01
N 007 063 009 5.924e-01
N 008 033 098 6.040e-01
N 009 026 040 7.503e-01
N 010 061 090 5.638e-01
N 011 094 022 4.353e-01
N 012 039 055 9.749e-01
N 013 000 036 1.194e-01
N 014 095 072 6.338e-01
N 015 078 046 8.009e-01
N 016 077 012 6.054e-01
N 017 061 007 7.010e-02
N 018 031 069 2.848e-01
N 019 048 071 4.719e-01
E 000 002 1.118e+02
E 000 004 5.504e+01
E 000 005 1.023e+02
E 000 008 7.178e+01
E 000 012 3.829e+01
E 000 015 6.986e+01
E 001 002 8.132e+01
E 001 003 8.640e+01
E 001 004 9.266e+01
E 001 006 6.555e+01
E 001 007 1.697e+01
E 001 008 8.771e+01
E 001 009 5.255e+01
E 001 017 1.980e+01
E 002 004 9.108e+01
E 002 005 1.237e+01
E 002 006 4.998e+01
E 002 008 6.501e+01
E 002 009 9.309e+01
E 002 010 3.808e+01
E 002 011 7.710e+01
E 003 009 3.859e+01
E 003 012 3.759e+01
E 003 015 7.690e+01
E 003 017 8.591e+01
E 003 018 2.532e+01
E 003 019 4.205e+01
E 004 014 8.797e+01
E 004 015 8.013e+01
E 005 016 7.713e+01
E 005 017 8.693e+01
E 005 015 4.438e+01
E 006 007 7.398e+01
E 006 012 2.955e+01
E 006 015 4.500e+01
E 006 019 1.140e+01
E 007 010 8.102e+01
E 007 009 4.827e+01
E 008 012 4.342e+01
E 008 013 7.024e+01
E 008 014 6.723e+01
E 008 017 9.521e+01
E 008 018 2.907e+01
E 008 019 3.089e+01
E 009 015 5.235e+01
E 010 016 7.962e+01
E 010 017 8.300e+01
E 010 012 4.134e+01
E 011 019 6.721e+01
E 011 018 7.860e+01
E 011 013 9.504e+01
E 011 014 5.001e+01
E 012 016 5.738e+01
E 012 019 1.836e+01
E 013 016 8.065e+01
E 013 014 1.016e+02
E 013 017 6.754e+01
E 014 017 7.336e+01
E 015 017 4.254e+01
E 016 019 6.574e+01
