N 000 088 066 7.897e-01
N 001 096 064 3.279e-01
N 002 066 022 6.484e-01
N 003 094 041 1.054e-01
N 004 048 012 9.137e-01
N 005 051 006 8.530e-01
N 006 039 088 3.579e-02
N 007 087 030 7.423e-01
N 008 094 060 6.227e-02
N 009 091 032 7.507e-01
N 010 044 018 7.296e-01
N 011 000 074 7.386e-01
N 012 031 013 2.354e-01
N 013 008 086 3.241e-01
N 014 063 028 2.249e-01
N 015 020 012 4.615e-01
N 016 026 087 8.420e-01
N 017 067 025 7.296e-01
N 018 074 070 4.796e-03
N 019 064 081 7.689e-01
E 000 001 8.246e+00
E 000 002 4.919e+01
E 000 003 2.571e+01
E 000 005 7.049e+01
E 000 013 8.246e+01
E 000 018 1.456e+01
E 000 019 2.830e+01
E 001 016 7.368e+01
E 001 002 5.161e+01
E 001 012 8.262e+01
E 001 006 6.185e+01
E 002 004 2.059e+01
E 002 005 2.193e+01
E 002 006 7.131e+01
E 002 007 2.247e+01
E 002 008 4.720e+01
E 002 011 8.402e+01
E 002 017 3.162e+00
E 002 019 5.903e+01
E 003 008 1.900e+01
E 003 011 9.962e+01
E 003 015 7.948e+01
E 003 017 3.138e+01
E 003 018 3.523e+01
E 004 009 4.742e+01
E 004 019 7.083e+01
E 004 017 2.302e+01
E 005 015 3.158e+01
E 005 012 2.119e+01
E 005 007 4.327e+01
E 006 011 4.144e+01
E 006 014 6.462e+01
E 007 009 4.472e+00
E 007 013 9.683e+01
E 007 014 2.408e+01
E 007 016 8.349e+01
E 008 016 7.316e+01
E 008 019 3.662e+01
E 008 014 4.455e+01
E 009 012 6.294e+01
E 009 015 7.376e+01
E 009 013 9.902e+01
E 010 016 7.131e+01
E 010 018 6.003e+01
E 010 011 7.122e+01
E 010 012 1.393e+01
E 010 015 2.474e+01
E 011 012 6.843e+01
E 011 014 7.801e+01
E 011 015 6.515e+01
E 011 018 7.411e+01
E 012 013 7.654e+01
E 012 017 3.795e+01
E 013 015 7.497e+01
E 013 017 8.486e+01
E 013 018 6.791e+01
E 014 019 5.301e+01
E 015 016 7.524e+01
E 015 019 8.184e+01
E 016 019 3.847e+01
