N 000 003 083 7.170e-01
N 001 059 065 5.674e-01
N 002 074 003 5.325e-01
N 003 047 063 5.845e-01
N 004 064 085 1.947e-01
N 005 054 091 3.650e-01
N 006 024 039 2.295e-01
N 007 035 040 6.715e-01
N 008 047 056 1.099e-01
N 009 050 065 6.377e-01
N 010 045 077 8.063e-01
N 011 025 062 3.773e-01
N 012 005 057 1.202e-01
N 013 042 056 1.695e-01
N 014 086 092 9.037e-02
N 015 060 069 3.990e-01
N 016 060 031 1.625e-01
N 017 035 080 4.457e-01
N 018 033 003 7.872e-01
N 019 069 025 3.277e-01
E 000 001 5.882e+01
E 000 010 4.243e+01
E 000 019 8.786e+01
E 000 017 3.214e+01
E 001 002 6.379e+01
E 001 003 1.217e+01
E 001 004 2.062e+01
E 001 010 1.844e+01
E 001 013 1.924e+01
E 001 018 6.723e+01
E 001 019 4.123e+01
E 002 003 6.580e+01
E 002 005 9.024e+01
E 002 006 6.161e+01
E 002 010 7.948e+01
E 002 015 6.747e+01
E 002 017 8.631e+01
E 002 018 4.100e+01
E 003 005 2.886e+01
E 003 006 3.324e+01
E 003 009 3.606e+00
E 003 011 2.202e+01
E 003 017 2.081e+01
E 003 018 6.161e+01
E 003 019 4.391e+01
E 004 005 1.166e+01
E 004 006 6.096e+01
E 004 008 3.362e+01
E 004 012 6.531e+01
E 004 017 2.943e+01
E 005 006 6.003e+01
E 005 016 6.030e+01
E 005 017 2.195e+01
E 005 018 9.047e+01
E 006 010 4.342e+01
E 006 014 8.157e+01
E 006 018 3.711e+01
E 007 011 2.417e+01
E 007 012 3.448e+01
E 007 013 1.746e+01
E 008 012 4.201e+01
E 008 018 5.482e+01
E 008 015 1.838e+01
E 009 019 4.428e+01
E 009 014 4.500e+01
E 009 015 1.077e+01
E 010 013 2.121e+01
E 010 015 1.700e+01
E 010 016 4.838e+01
E 011 015 3.569e+01
E 011 018 5.954e+01
E 011 014 6.798e+01
E 012 014 8.824e+01
E 012 015 5.629e+01
E 012 019 7.155e+01
E 013 016 3.081e+01
E 013 014 5.685e+01
E 014 017 5.239e+01
E 014 019 6.912e+01
E 016 017 5.501e+01
