N 000 016 098 5.531e-02
N 001 002 023 2.685e-01
N 002 060 059 5.396e-01
N 003 077 051 3.319e-01
N 004 007 093 4.683e-01
N 005 038 089 5.544e-01
N 006 002 053 7.193e-01
N 007 099 040 2.499e-01
N 008 082 027 2.750e-02
N 009 055 058 6.131e-01
N 010 086 039 1.466e-01
N 011 085 015 6.091e-01
N 012 021 023 4.391e-01
N 013 028 017 2.041e-01
N 014 095 022 9.760e-01
N 015 055 049 8.026e-01
N 016 019 059 2.345e-01
N 017 013 039 9.499e-02
N 018 026 062 9.755e-01
N 019 037 071 9.635e-01
E 000 017 5.908e+01
E 000 011 1.079e+02
E 000 004 1.030e+01
E 000 015 6.263e+01
E 001 010 8.551e+01
E 001 003 8.006e+01
E 001 004 7.018e+01
E 002 003 1.879e+01
E 002 004 6.297e+01
E 002 010 3.280e+01
E 002 011 5.061e+01
E 002 015 1.118e+01
E 002 016 4.100e+01
E 002 017 5.108e+01
E 003 004 8.163e+01
E 003 014 3.413e+01
E 003 018 5.217e+01
E 003 019 4.472e+01
E 004 006 4.031e+01
E 004 007 1.062e+02
E 004 014 1.131e+02
E 004 017 5.433e+01
E 004 018 3.636e+01
E 004 019 3.720e+01
E 005 011 8.766e+01
E 005 014 8.797e+01
E 006 007 9.787e+01
E 006 008 8.412e+01
E 006 009 5.324e+01
E 006 010 8.516e+01
E 006 014 9.803e+01
E 006 017 1.780e+01
E 006 019 3.936e+01
E 007 008 2.140e+01
E 007 010 1.304e+01
E 007 011 2.865e+01
E 007 014 1.844e+01
E 007 019 6.932e+01
E 008 009 4.111e+01
E 008 013 5.492e+01
E 008 016 7.066e+01
E 008 017 7.004e+01
E 009 013 4.909e+01
E 010 012 6.694e+01
E 010 017 7.300e+01
E 010 018 6.426e+01
E 010 019 5.852e+01
E 011 012 6.450e+01
E 011 014 1.221e+01
E 011 015 4.534e+01
E 011 018 7.543e+01
E 011 019 7.376e+01
E 012 017 1.789e+01
E 012 018 3.932e+01
E 014 016 8.453e+01
E 014 017 8.374e+01
E 015 017 4.317e+01
E 015 019 2.843e+01
E 016 019 2.163e+01
E 017 019 4.000e+01
