N 000 072 073 3.797e-01
N 001 094 009 9.036e-01
N 002 086 072 6.149e-01
N 003 069 001 6.643e-01
N 004 034 097 5.901e-01
N 005 049 052 7.229e-01
N 006 014 056 3.001e-01
N 007 087 037 1.748e-01
N 008 098 099 6.411e-01
N 009 011 063 8.622e-01
N 010 070 026 9.847e-01
N 011 060 070 7.561e-01
N 012 082 067 1.950e-01
N 013 001 066 1.296e-01
N 014 067 096 3.815e-01
N 015 044 087 6.629e-01
N 016 063 086 1.742e-01
N 017 083 015 3.057e-01
N 018 057 039 1.676e-01
N 019 050 052 4.205e-01
E 000 010 4.704e+01
E 000 019 3.041e+01
E 000 012 1.166e+01
E 000 005 3.114e+01
E 000 015 3.130e+01
E 001 004 1.065e+02
E 001 009 9.902e+01
E 001 010 2.941e+01
E 001 011 6.984e+01
E 001 012 5.923e+01
E 001 013 1.091e+02
E 001 014 9.109e+01
E 001 017 1.253e+01
E 002 003 7.301e+01
E 002 008 2.955e+01
E 002 009 7.554e+01
E 002 010 4.870e+01
E 002 014 3.061e+01
E 002 018 4.393e+01
E 002 019 4.118e+01
E 003 007 4.025e+01
E 003 008 1.022e+02
E 003 010 2.502e+01
E 003 012 6.727e+01
E 003 018 3.985e+01
E 004 016 3.102e+01
E 004 013 4.528e+01
E 004 006 4.562e+01
E 005 006 3.523e+01
E 005 007 4.085e+01
E 005 015 3.536e+01
E 005 016 3.677e+01
E 005 017 5.025e+01
E 006 018 4.624e+01
E 007 010 2.025e+01
E 007 011 4.264e+01
E 007 016 5.456e+01
E 007 017 2.236e+01
E 008 016 3.734e+01
E 008 009 9.415e+01
E 008 012 3.578e+01
E 009 010 6.964e+01
E 009 017 8.653e+01
E 010 011 4.512e+01
E 010 014 7.006e+01
E 010 015 6.631e+01
E 010 016 6.041e+01
E 011 016 1.628e+01
E 012 014 3.265e+01
E 012 015 4.294e+01
E 013 016 6.515e+01
E 013 017 9.657e+01
E 013 018 6.217e+01
E 013 019 5.096e+01
E 014 016 1.077e+01
E 015 018 4.973e+01
E 016 018 4.738e+01
E 017 018 3.538e+01
E 017 019 4.958e+01
E 018 019 1.476e+01
