N 000 019 066 2.050e-01
N 001 081 008 2.538e-01
N 002 078 071 4.413e-01
N 003 091 000 9.499e-01
N 004 023 026 5.883e-01
N 005 088 046 6.067e-01
N 006 001 014 6.328e-01
N 007 011 018 9.480e-01
N 008 010 032 8.287e-01
N 009 056 068 5.019e-01
N 010 046 023 8.501e-01
N 011 052 021 9.758e-01
N 012 016 035 2.572e-01
N 013 076 037 7.918e-01
N 014 049 097 4.097e-01
N 015 031 043 7.829e-01
N 016 030 083 1.794e-01
N 017 073 017 6.606e-01
N 018 053 056 2.530e-01
N 019 014 074 7.770e-01
E 000 010 5.077e+01
E 000 011 5.580e+01
E 000 005 7.184e+01
E 000 006 5.503e+01
E 001 003 1.281e+01
E 001 004 6.073e+01
E 001 006 8.022e+01
E 001 009 6.500e+01
E 001 012 7.038e+01
E 001 014 9.458e+01
E 001 015 6.103e+01
E 001 017 1.204e+01
E 001 018 5.557e+01
E 002 016 4.948e+01
E 002 011 5.636e+01
E 002 015 5.471e+01
E 003 008 8.709e+01
E 003 018 6.768e+01
E 003 016 1.030e+02
E 003 007 8.200e+01
E 004 006 2.506e+01
E 004 008 1.432e+01
E 004 011 2.943e+01
E 004 012 1.140e+01
E 004 013 5.413e+01
E 005 006 9.270e+01
E 005 007 8.193e+01
E 005 009 3.883e+01
E 005 012 7.284e+01
E 005 017 3.265e+01
E 005 019 7.912e+01
E 006 007 1.077e+01
E 006 008 2.012e+01
E 006 010 4.589e+01
E 007 009 6.727e+01
E 007 010 3.536e+01
E 007 015 3.202e+01
E 007 016 6.772e+01
E 007 019 5.608e+01
E 008 013 6.619e+01
E 008 015 2.371e+01
E 008 016 5.478e+01
E 008 017 6.476e+01
E 009 011 4.717e+01
E 009 014 2.983e+01
E 009 017 5.376e+01
E 009 019 4.243e+01
E 010 017 2.766e+01
E 010 015 2.500e+01
E 011 018 3.501e+01
E 012 016 5.000e+01
E 013 014 6.580e+01
E 013 015 4.540e+01
E 013 017 2.022e+01
E 013 018 2.983e+01
E 014 019 4.188e+01
E 014 017 8.352e+01
E 015 019 3.536e+01
E 016 017 7.877e+01
E 017 019 8.204e+01
