N 000 071 006 1.156e-01
N 001 010 014 2.803e-01
N 002 028 016 1.035e-01
N 003 087 091 1.973e-01
N 004 042 081 5.584e-01
N 005 003 011 9.251e-02
N 006 054 037 7.679e-01
N 007 057 088 2.827e-01
N 008 058 077 5.627e-01
N 009 030 056 9.192e-01
N 010 098 007 1.844e-01
N 011 075 019 8.578e-01
N 012 093 064 9.442e-01
N 013 062 040 7.330e-01
N 014 004 013 8.822e-01
N 015 079 078 9.017e-01
N 016 061 063 2.187e-01
N 017 033 006 4.245e-01
N 018 057 051 6.759e-01
N 019 011 005 9.060e-01
E 000 002 4.415e+01
E 000 006 3.536e+01
E 000 008 7.218e+01
E 000 011 1.360e+01
E 000 013 3.517e+01
E 000 014 6.736e+01
E 000 016 5.787e+01
E 000 018 4.713e+01
E 001 008 7.920e+01
E 001 017 2.435e+01
E 001 018 5.982e+01
E 001 019 9.055e+00
E 001 012 9.690e+01
E 002 003 9.543e+01
E 002 010 7.058e+01
E 002 013 4.162e+01
E 002 017 1.118e+01
E 002 019 2.025e+01
E 003 005 1.160e+02
E 003 006 6.329e+01
E 003 007 3.015e+01
E 004 016 2.617e+01
E 004 009 2.773e+01
E 004 018 3.354e+01
E 004 012 5.376e+01
E 004 015 3.712e+01
E 005 016 7.790e+01
E 005 014 2.236e+00
E 005 006 5.725e+01
E 005 007 9.405e+01
E 006 008 4.020e+01
E 006 009 3.061e+01
E 006 010 5.325e+01
E 006 014 5.546e+01
E 006 018 1.432e+01
E 007 018 3.700e+01
E 007 012 4.327e+01
E 007 014 9.184e+01
E 008 013 3.722e+01
E 008 015 2.102e+01
E 008 016 1.432e+01
E 009 013 3.578e+01
E 009 015 5.371e+01
E 009 016 3.178e+01
E 009 017 5.009e+01
E 009 019 5.442e+01
E 010 016 6.712e+01
E 010 012 5.722e+01
E 010 013 4.884e+01
E 011 016 4.617e+01
E 011 019 6.551e+01
E 012 016 3.202e+01
E 012 018 3.828e+01
E 013 015 4.163e+01
E 013 016 2.302e+01
E 013 017 4.469e+01
E 013 018 1.208e+01
E 014 017 2.983e+01
E 015 018 3.483e+01
E 016 019 7.658e+01
