N 000 027 043 3.917e-01
N 001 012 094 2.424e-01
N 002 063 054 9.352e-01
N 003 042 076 9.541e-01
N 004 099 069 1.649e-01
N 005 085 053 5.513e-01
N 006 011 038 6.738e-01
N 007 055 006 3.537e-01
N 008 017 079 4.109e-01
N 009 024 015 1.642e-01
N 010 071 097 2.826e-01
N 011 096 017 2.112e-01
N 012 029 076 2.313e-01
N 013 073 033 5.821e-01
N 014 033 088 4.732e-01
N 015 022 045 5.919e-01
N 016 088 004 6.301e-01
N 017 026 087 8.964e-01
N 018 092 028 3.860e-01
N 019 085 037 4.972e-02
E 000 001 5.316e+01
E 000 012 3.306e+01
E 000 006 1.676e+01
E 001 010 5.908e+01
E 001 019 9.262e+01
E 001 012 2.476e+01
E 001 005 8.373e+01
E 002 008 5.235e+01
E 002 016 5.590e+01
E 002 019 2.780e+01
E 002 014 4.534e+01
E 002 015 4.198e+01
E 003 016 8.544e+01
E 003 018 6.931e+01
E 003 013 5.301e+01
E 003 005 4.876e+01
E 003 007 7.120e+01
E 004 006 9.330e+01
E 004 007 7.684e+01
E 004 012 7.035e+01
E 004 013 4.441e+01
E 004 017 7.519e+01
E 004 018 4.159e+01
E 005 006 7.550e+01
E 005 011 3.764e+01
E 005 012 6.054e+01
E 005 018 2.596e+01
E 006 007 5.441e+01
E 006 008 4.144e+01
E 006 017 5.124e+01
E 006 018 8.161e+01
E 006 019 7.401e+01
E 007 008 8.230e+01
E 007 010 9.240e+01
E 007 011 4.245e+01
E 007 013 3.245e+01
E 007 015 5.109e+01
E 007 016 3.306e+01
E 008 014 1.836e+01
E 008 016 1.033e+02
E 008 017 1.204e+01
E 008 018 9.070e+01
E 009 018 6.923e+01
E 009 011 7.203e+01
E 009 013 5.220e+01
E 009 014 7.355e+01
E 009 015 3.007e+01
E 010 016 9.454e+01
E 010 015 7.145e+01
E 011 016 1.526e+01
E 011 017 9.899e+01
E 012 017 1.140e+01
E 013 014 6.801e+01
E 013 015 5.239e+01
E 013 017 7.159e+01
E 013 019 1.265e+01
E 014 017 7.071e+00
E 015 016 7.770e+01
E 016 018 2.433e+01
E 017 018 8.853e+01
