N 000 030 074 8.981e-01
N 001 062 021 4.117e-01
N 002 051 005 9.787e-01
N 003 052 003 3.004e-01
N 004 088 069 7.884e-01
N 005 024 082 8.795e-02
N 006 057 091 5.441e-01
N 007 015 004 3.717e-01
N 008 036 074 9.606e-02
N 009 044 095 9.137e-02
N 010 087 033 4.567e-01
N 011 021 081 2.223e-01
N 012 057 097 5.603e-02
N 013 000 086 3.965e-01
N 014 085 043 9.481e-01
N 015 072 082 4.452e-01
N 016 042 095 3.058e-01
N 017 083 066 3.477e-01
N 018 042 050 4.904e-01
N 019 066 007 4.555e-01
E 000 006 3.191e+01
E 000 008 6.000e+00
E 000 009 2.524e+01
E 000 012 3.547e+01
E 000 013 3.231e+01
E 000 014 6.313e+01
E 000 015 4.276e+01
E 000 018 2.683e+01
E 000 019 7.606e+01
E 001 002 1.942e+01
E 001 005 7.187e+01
E 001 007 4.998e+01
E 001 009 7.616e+01
E 001 011 7.267e+01
E 001 013 8.983e+01
E 001 016 7.666e+01
E 001 017 4.966e+01
E 001 019 1.456e+01
E 002 004 7.393e+01
E 002 010 4.561e+01
E 002 011 8.171e+01
E 002 014 5.099e+01
E 002 018 4.589e+01
E 002 019 1.513e+01
E 003 008 7.278e+01
E 003 018 4.805e+01
E 003 019 1.456e+01
E 004 006 3.801e+01
E 004 008 5.224e+01
E 004 012 4.177e+01
E 004 013 8.963e+01
E 004 014 2.617e+01
E 005 019 8.596e+01
E 005 017 6.113e+01
E 005 014 7.240e+01
E 005 007 7.852e+01
E 006 008 2.702e+01
E 006 014 5.557e+01
E 006 016 1.552e+01
E 006 019 8.448e+01
E 007 008 7.308e+01
E 007 010 7.762e+01
E 007 017 9.202e+01
E 007 018 5.334e+01
E 007 019 5.109e+01
E 008 011 1.655e+01
E 008 013 3.795e+01
E 009 010 7.545e+01
E 009 012 1.315e+01
E 009 014 6.622e+01
E 009 016 2.000e+00
E 009 019 9.071e+01
E 010 015 5.124e+01
E 010 018 4.810e+01
E 011 013 2.159e+01
E 011 018 3.744e+01
E 011 019 8.661e+01
E 012 017 4.046e+01
E 013 018 5.532e+01
E 017 019 6.140e+01
