N 000 010 068 7.200e-01
N 001 028 076 9.297e-01
N 002 025 036 6.166e-01
N 003 081 096 3.445e-01
N 004 070 006 8.301e-01
N 005 018 067 3.404e-01
N 006 095 044 8.634e-03
N 007 036 044 3.283e-01
N 008 088 084 9.029e-01
N 009 064 071 6.463e-01
N 010 025 052 9.930e-01
N 011 001 056 2.830e-01
N 012 012 026 6.499e-01
N 013 038 005 5.260e-03
N 014 003 077 2.566e-01
N 015 054 013 1.157e-01
N 016 061 084 6.193e-01
N 017 090 046 7.665e-01
N 018 028 097 6.240e-01
N 019 040 035 2.076e-01
E 000 001 1.970e+01
E 000 002 3.534e+01
E 000 003 7.632e+01
E 000 004 8.628e+01
E 000 007 3.538e+01
E 000 009 5.408e+01
E 000 013 6.894e+01
E 000 015 7.043e+01
E 000 017 8.297e+01
E 001 003 5.665e+01
E 001 005 1.345e+01
E 001 008 6.053e+01
E 001 015 6.815e+01
E 001 016 3.396e+01
E 002 007 1.360e+01
E 002 009 5.240e+01
E 002 010 1.600e+01
E 002 013 3.362e+01
E 002 014 4.653e+01
E 002 017 6.576e+01
E 003 005 6.935e+01
E 003 009 3.023e+01
E 003 010 7.122e+01
E 003 011 8.944e+01
E 003 013 1.006e+02
E 003 015 8.728e+01
E 003 017 5.080e+01
E 003 018 5.301e+01
E 004 008 8.005e+01
E 004 012 6.135e+01
E 004 006 4.549e+01
E 004 016 7.852e+01
E 005 019 3.883e+01
E 005 018 3.162e+01
E 005 017 7.500e+01
E 006 012 8.493e+01
E 007 012 3.000e+01
E 007 015 3.585e+01
E 007 016 4.717e+01
E 007 019 9.849e+00
E 008 010 7.066e+01
E 008 012 9.560e+01
E 008 017 3.805e+01
E 009 010 4.338e+01
E 009 013 7.094e+01
E 009 014 6.129e+01
E 010 018 4.510e+01
E 011 012 3.195e+01
E 012 013 3.342e+01
E 012 015 4.397e+01
E 012 017 8.052e+01
E 013 018 9.254e+01
E 013 019 3.007e+01
E 014 015 8.184e+01
E 014 016 5.842e+01
E 014 017 9.236e+01
E 014 019 5.597e+01
E 015 018 8.793e+01
E 016 018 3.547e+01
E 017 018 8.028e+01
