N 000 056 004 3.252e-01
N 001 037 057 2.376e-01
N 002 047 094 8.270e-03
N 003 053 065 4.163e-01
N 004 071 075 7.206e-01
N 005 083 043 9.922e-01
N 006 033 032 2.528e-01
N 007 053 035 3.591e-01
N 008 027 082 2.632e-01
N 009 080 029 2.280e-02
N 010 049 095 2.736e-01
N 011 061 032 9.345e-02
N 012 001 016 6.188e-02
N 013 092 016 1.070e-01
N 014 027 060 4.421e-01
N 015 076 000 1.411e-01
N 016 087 033 7.344e-01
N 017 009 052 4.918e-01
N 018 075 024 1.653e-01
N 019 040 034 9.887e-01
E 000 001 5.630e+01
E 000 004 7.257e+01
E 000 005 4.743e+01
E 000 006 3.624e+01
E 000 008 8.322e+01
E 000 010 9.127e+01
E 000 011 2.844e+01
E 000 012 5.629e+01
E 000 013 3.795e+01
E 000 016 4.245e+01
E 000 018 2.759e+01
E 001 003 1.789e+01
E 001 005 4.808e+01
E 001 011 3.466e+01
E 001 012 5.456e+01
E 001 016 5.546e+01
E 001 017 2.844e+01
E 002 004 3.061e+01
E 002 005 6.243e+01
E 002 007 5.930e+01
E 002 010 2.236e+00
E 002 011 6.356e+01
E 002 013 9.005e+01
E 002 014 3.945e+01
E 002 016 7.295e+01
E 003 019 3.362e+01
E 003 018 4.653e+01
E 003 011 3.396e+01
E 003 007 3.000e+01
E 004 008 4.455e+01
E 004 010 2.973e+01
E 004 012 9.155e+01
E 004 016 4.494e+01
E 004 018 5.116e+01
E 004 019 5.140e+01
E 005 010 6.213e+01
E 005 013 2.846e+01
E 005 015 4.357e+01
E 005 016 1.077e+01
E 006 019 7.280e+00
E 006 015 5.360e+01
E 006 012 3.578e+01
E 006 007 2.022e+01
E 007 008 5.371e+01
E 007 010 6.013e+01
E 009 017 7.463e+01
E 009 019 4.031e+01
E 010 013 8.994e+01
E 010 016 7.272e+01
E 011 012 6.210e+01
E 011 017 5.571e+01
E 012 013 9.100e+01
E 012 017 3.688e+01
E 012 019 4.295e+01
E 013 014 7.849e+01
E 014 015 7.747e+01
E 015 019 4.952e+01
E 016 017 8.028e+01
E 017 018 7.169e+01
E 017 019 3.585e+01
