N 000 066 044 8.655e-01
N 001 044 033 8.505e-01
N 002 026 058 5.469e-01
N 003 083 087 9.368e-01
N 004 068 088 9.261e-01
N 005 076 069 6.364e-01
N 006 093 095 7.787e-01
N 007 084 041 6.027e-02
N 008 086 042 7.803e-02
N 009 054 066 5.544e-01
N 010 095 080 5.764e-01
N 011 030 098 6.149e-01
N 012 051 089 3.362e-01
N 013 050 060 7.498e-01
N 014 000 075 9.705e-01
N 015 041 017 4.139e-02
N 016 002 095 8.603e-01
N 017 064 006 6.834e-01
N 018 044 081 2.741e-01
N 019 003 080 2.966e-02
E 000 006 5.771e+01
E 000 015 3.680e+01
E 000 016 8.184e+01
E 000 017 3.805e+01
E 000 018 4.305e+01
E 000 019 7.256e+01
E 001 010 6.935e+01
E 001 003 6.661e+01
E 001 018 4.800e+01
E 001 006 7.903e+01
E 001 007 4.079e+01
E 002 008 6.210e+01
E 002 009 2.912e+01
E 002 011 4.020e+01
E 002 013 2.408e+01
E 002 016 4.410e+01
E 002 019 3.183e+01
E 003 004 1.503e+01
E 003 006 1.281e+01
E 003 007 4.601e+01
E 003 010 1.389e+01
E 003 012 3.206e+01
E 003 018 3.946e+01
E 004 006 2.596e+01
E 004 008 4.940e+01
E 004 009 2.608e+01
E 004 014 6.923e+01
E 004 015 7.596e+01
E 004 016 6.637e+01
E 004 017 8.210e+01
E 004 019 6.549e+01
E 005 010 2.195e+01
E 005 011 5.438e+01
E 005 018 3.418e+01
E 005 014 7.624e+01
E 006 007 5.474e+01
E 006 010 1.513e+01
E 006 014 9.513e+01
E 006 016 9.100e+01
E 006 017 9.361e+01
E 007 010 4.052e+01
E 007 013 3.895e+01
E 007 015 4.924e+01
E 007 016 9.818e+01
E 008 011 7.920e+01
E 008 012 5.860e+01
E 008 014 9.211e+01
E 008 015 5.148e+01
E 009 012 2.319e+01
E 009 013 7.211e+00
E 009 017 6.083e+01
E 010 012 4.491e+01
E 010 013 4.924e+01
E 010 017 8.023e+01
E 011 012 2.285e+01
E 011 015 8.174e+01
E 013 018 2.184e+01
E 015 019 7.357e+01
E 016 019 1.503e+01
E 017 018 7.762e+01
