N 000 075 004 8.983e-01
N 001 003 008 5.788e-01
N 002 087 083 7.122e-01
N 003 025 013 3.790e-02
N 004 030 079 8.086e-01
N 005 011 033 3.295e-02
N 006 074 028 5.595e-01
N 007 092 082 3.187e-01
N 008 044 092 4.361e-01
N 009 015 063 1.827e-01
N 010 063 065 4.880e-02
N 011 058 078 1.154e-01
N 012 080 028 4.895e-01
N 013 028 011 4.220e-01
N 014 006 060 4.122e-01
N 015 058 074 7.631e-01
N 016 099 032 3.113e-01
N 017 052 033 1.276e-01
N 018 090 024 1.922e-01
N 019 008 056 5.704e-01
E 000 017 3.701e+01
E 000 015 7.203e+01
E 000 005 7.026e+01
E 000 013 4.752e+01
E 001 016 9.895e+01
E 001 018 8.846e+01
E 001 015 8.591e+01
E 002 008 4.393e+01
E 002 009 7.473e+01
E 002 018 5.908e+01
E 002 011 2.943e+01
E 002 006 5.652e+01
E 003 008 8.125e+01
E 003 009 5.099e+01
E 003 004 6.619e+01
E 003 014 5.070e+01
E 004 006 6.736e+01
E 004 008 1.910e+01
E 004 009 2.193e+01
E 004 010 3.585e+01
E 004 014 3.061e+01
E 004 017 5.099e+01
E 004 019 3.183e+01
E 005 008 6.760e+01
E 005 009 3.027e+01
E 006 008 7.068e+01
E 006 009 6.860e+01
E 006 010 3.860e+01
E 006 011 5.250e+01
E 006 017 2.256e+01
E 007 016 5.049e+01
E 007 012 5.532e+01
E 007 014 8.877e+01
E 007 015 3.493e+01
E 008 010 3.302e+01
E 008 011 1.980e+01
E 008 013 8.257e+01
E 008 015 2.280e+01
E 008 017 5.954e+01
E 008 018 8.210e+01
E 009 011 4.554e+01
E 009 012 7.382e+01
E 009 013 5.360e+01
E 009 015 4.438e+01
E 009 017 4.763e+01
E 009 018 8.453e+01
E 010 016 4.884e+01
E 010 017 3.384e+01
E 010 018 4.909e+01
E 011 019 5.463e+01
E 012 017 2.844e+01
E 012 013 5.471e+01
E 013 014 5.371e+01
E 013 015 6.978e+01
E 014 016 9.712e+01
E 015 016 5.869e+01
E 015 019 5.314e+01
E 016 017 4.701e+01
E 017 019 4.965e+01
E 018 019 8.802e+01
