N 000 085 067 2.272e-01
N 001 049 008 3.580e-01
N 002 006 035 1.684e-01
N 003 056 017 2.002e-01
N 004 096 022 4.041e-01
N 005 056 084 8.399e-01
N 006 091 045 6.303e-01
N 007 085 066 6.729e-01
N 008 033 023 5.643e-02
N 009 014 048 4.014e-01
N 010 003 012 8.013e-01
N 011 006 046 8.180e-01
N 012 086 093 7.581e-01
N 013 022 005 8.732e-02
N 014 017 094 2.934e-01
N 015 030 035 7.133e-01
N 016 010 057 1.920e-01
N 017 099 078 9.809e-01
N 018 032 007 2.277e-01
N 019 013 090 1.031e-01
E 000 005 3.362e+01
E 000 006 2.280e+01
E 000 015 6.363e+01
E 001 002 5.077e+01
E 001 019 8.955e+01
E 001 005 7.632e+01
E 001 015 3.302e+01
E 002 005 7.001e+01
E 002 010 2.319e+01
E 002 012 9.881e+01
E 002 013 3.400e+01
E 002 017 1.025e+02
E 002 018 3.821e+01
E 003 018 2.600e+01
E 003 019 8.472e+01
E 003 013 3.606e+01
E 003 006 4.482e+01
E 003 007 5.694e+01
E 004 005 7.378e+01
E 004 006 2.354e+01
E 004 008 6.301e+01
E 004 011 9.315e+01
E 004 014 1.069e+02
E 004 015 6.727e+01
E 004 016 9.285e+01
E 004 017 5.608e+01
E 004 019 1.073e+02
E 005 007 3.413e+01
E 005 011 6.280e+01
E 005 013 8.601e+01
E 005 014 4.026e+01
E 006 010 9.398e+01
E 006 011 8.501e+01
E 006 013 7.976e+01
E 006 016 8.188e+01
E 007 008 6.748e+01
E 007 010 9.818e+01
E 007 011 8.149e+01
E 007 013 8.769e+01
E 007 016 7.554e+01
E 007 018 7.931e+01
E 008 018 1.603e+01
E 008 011 3.547e+01
E 008 013 2.110e+01
E 009 017 9.014e+01
E 009 018 4.478e+01
E 009 013 4.374e+01
E 010 018 2.943e+01
E 011 013 4.401e+01
E 011 014 4.924e+01
E 011 018 4.687e+01
E 012 013 1.088e+02
E 012 014 6.901e+01
E 012 015 8.062e+01
E 013 016 5.337e+01
E 014 016 3.766e+01
E 014 018 8.828e+01
E 015 018 2.807e+01
E 016 017 9.144e+01
E 016 018 5.463e+01
