N 000 093 042 8.054e-02
N 001 035 057 5.546e-01
N 002 090 003 5.356e-01
N 003 048 069 4.577e-02
N 004 016 002 3.541e-01
N 005 069 061 5.754e-01
N 006 073 060 2.941e-02
N 007 032 022 1.876e-01
N 008 055 084 1.390e-02
N 009 056 016 1.444e-01
N 010 084 018 7.343e-01
N 011 041 097 6.080e-02
N 012 025 060 4.085e-01
N 013 013 031 3.270e-01
N 014 037 010 2.534e-01
N 015 018 041 9.630e-01
N 016 070 003 8.560e-01
N 017 012 006 4.645e-01
N 018 041 032 3.440e-01
N 019 060 086 5.345e-01
E 000 001 5.991e+01
E 000 003 5.248e+01
E 000 004 8.677e+01
E 000 009 4.522e+01
E 000 010 2.563e+01
E 000 012 7.034e+01
E 000 013 8.075e+01
E 000 014 6.450e+01
E 000 015 7.501e+01
E 000 018 5.295e+01
E 001 012 1.044e+01
E 002 004 7.401e+01
E 002 005 6.168e+01
E 002 008 8.824e+01
E 002 010 1.616e+01
E 002 014 5.346e+01
E 002 015 8.141e+01
E 002 017 7.806e+01
E 002 019 8.826e+01
E 003 007 4.965e+01
E 003 009 5.360e+01
E 003 011 2.886e+01
E 003 013 5.166e+01
E 003 018 3.766e+01
E 004 006 8.132e+01
E 004 013 2.915e+01
E 004 015 3.905e+01
E 004 016 5.401e+01
E 004 019 9.483e+01
E 005 009 4.684e+01
E 005 010 4.554e+01
E 005 011 4.561e+01
E 005 016 5.801e+01
E 005 019 2.657e+01
E 006 009 4.717e+01
E 006 018 4.252e+01
E 006 019 2.907e+01
E 006 014 6.161e+01
E 007 010 5.215e+01
E 008 010 7.209e+01
E 008 013 6.762e+01
E 008 014 7.616e+01
E 008 016 8.238e+01
E 008 017 8.907e+01
E 009 011 8.238e+01
E 010 012 7.242e+01
E 010 013 7.218e+01
E 010 019 7.211e+01
E 011 015 6.054e+01
E 011 013 7.169e+01
E 013 014 3.189e+01
E 013 015 1.118e+01
E 013 016 6.351e+01
E 013 017 2.502e+01
E 014 017 2.532e+01
E 015 017 3.551e+01
E 015 018 2.470e+01
E 016 017 5.808e+01
E 016 019 8.360e+01
E 017 018 3.895e+01
