N 000 007 064 3.996e-01
N 001 083 022 4.572e-01
N 002 068 059 6.317e-01
N 003 024 077 6.390e-01
N 004 014 083 6.928e-01
N 005 075 025 5.944e-01
N 006 071 063 5.696e-01
N 007 097 057 7.958e-01
N 008 006 001 6.635e-01
N 009 030 005 7.577e-01
N 010 061 023 3.491e-01
N 011 083 028 6.556e-01
N 012 073 027 6.803e-01
N 013 052 076 3.463e-02
N 014 068 051 9.056e-01
N 015 065 037 7.998e-01
N 016 018 059 1.705e-01
N 017 036 082 2.732e-01
N 018 056 011 6.495e-01
N 019 085 055 3.717e-01
E 000 008 6.301e+01
E 000 016 1.208e+01
E 000 010 6.780e+01
E 000 011 8.410e+01
E 001 004 9.210e+01
E 001 005 8.544e+00
E 001 008 7.981e+01
E 001 009 5.566e+01
E 001 011 6.000e+00
E 001 014 3.265e+01
E 001 015 2.343e+01
E 001 017 7.622e+01
E 001 018 2.915e+01
E 002 003 4.754e+01
E 002 006 5.000e+00
E 002 008 8.490e+01
E 002 009 6.603e+01
E 002 011 3.444e+01
E 002 016 5.000e+01
E 002 017 3.941e+01
E 002 019 1.746e+01
E 003 014 5.111e+01
E 003 013 2.802e+01
E 003 006 4.904e+01
E 004 005 8.417e+01
E 004 006 6.041e+01
E 004 010 7.622e+01
E 004 011 8.824e+01
E 004 013 3.864e+01
E 004 019 7.632e+01
E 005 006 3.821e+01
E 005 012 2.828e+00
E 005 014 2.693e+01
E 005 015 1.562e+01
E 005 016 6.637e+01
E 006 008 8.983e+01
E 006 009 7.103e+01
E 006 010 4.123e+01
E 006 017 3.982e+01
E 006 018 5.412e+01
E 006 019 1.612e+01
E 007 017 6.592e+01
E 007 010 4.952e+01
E 007 013 4.885e+01
E 008 012 7.187e+01
E 008 013 8.798e+01
E 008 014 7.965e+01
E 009 011 5.778e+01
E 009 012 4.830e+01
E 009 018 2.668e+01
E 010 011 2.256e+01
E 010 015 1.456e+01
E 010 017 6.408e+01
E 011 012 1.005e+01
E 011 014 2.746e+01
E 011 018 3.191e+01
E 012 014 2.452e+01
E 013 017 1.709e+01
E 014 015 1.432e+01
E 016 017 2.921e+01
