N 000 099 041 2.678e-01
N 001 026 061 4.278e-01
N 002 028 067 3.264e-02
N 003 027 003 8.962e-01
N 004 015 086 3.685e-01
N 005 059 093 3.810e-01
N 006 066 052 9.732e-01
N 007 073 096 9.592e-01
N 008 064 030 8.224e-01
N 009 022 015 7.252e-01
N 010 002 002 2.965e-01
N 011 098 007 4.526e-01
N 012 063 075 4.354e-01
N 013 004 017 1.521e-01
N 014 061 096 8.727e-01
N 015 004 081 2.902e-01
N 016 059 086 6.508e-01
N 017 022 094 6.364e-01
N 018 099 001 7.286e-01
N 019 082 011 5.747e-01
E 000 008 3.669e+01
E 000 009 8.127e+01
E 000 002 7.561e+01
E 000 016 6.021e+01
E 001 008 4.904e+01
E 001 009 4.617e+01
E 001 010 6.369e+01
E 001 011 9.000e+01
E 001 007 5.860e+01
E 002 005 4.046e+01
E 002 007 5.354e+01
E 002 012 3.590e+01
E 002 013 5.546e+01
E 002 018 9.694e+01
E 002 019 7.779e+01
E 003 009 1.300e+01
E 003 018 7.203e+01
E 003 005 9.552e+01
E 004 012 4.924e+01
E 004 005 4.455e+01
E 004 014 4.707e+01
E 005 008 6.320e+01
E 005 011 9.443e+01
E 005 012 1.844e+01
E 006 007 4.455e+01
E 006 008 2.209e+01
E 006 011 5.522e+01
E 006 012 2.319e+01
E 006 014 4.428e+01
E 006 015 6.845e+01
E 006 016 3.471e+01
E 006 017 6.083e+01
E 006 018 6.075e+01
E 007 008 6.661e+01
E 007 009 9.572e+01
E 007 011 9.244e+01
E 007 014 1.200e+01
E 007 018 9.849e+01
E 007 019 8.548e+01
E 008 011 4.105e+01
E 008 013 6.139e+01
E 008 015 7.875e+01
E 008 016 5.622e+01
E 008 017 7.655e+01
E 009 014 8.990e+01
E 009 015 6.841e+01
E 010 018 9.701e+01
E 010 014 1.110e+02
E 011 013 9.453e+01
E 011 014 9.638e+01
E 011 017 1.155e+02
E 012 016 1.170e+01
E 012 017 4.519e+01
E 012 019 6.676e+01
E 013 018 9.634e+01
E 014 018 1.023e+02
E 015 017 2.220e+01
E 015 018 1.242e+02
E 015 019 1.048e+02
E 018 019 1.972e+01
