N 000 073 013 2.568e-01
N 001 089 022 9.238e-01
N 002 021 090 9.382e-02
N 003 088 065 5.861e-01
N 004 036 024 6.924e-01
N 005 033 091 4.565e-01
N 006 032 088 7.376e-01
N 007 002 029 9.475e-02
N 008 047 091 9.333e-01
N 009 020 060 9.734e-01
N 010 050 010 9.996e-01
N 011 023 022 1.174e-01
N 012 069 019 2.155e-01
N 013 032 059 2.212e-01
N 014 033 067 7.301e-01
N 015 041 019 9.304e-01
N 016 072 017 5.522e-01
N 017 063 068 8.197e-01
N 018 083 080 4.149e-01
N 019 037 092 7.734e-01
E 000 001 1.836e+01
E 000 004 3.860e+01
E 000 005 8.766e+01
E 000 008 8.222e+01
E 000 011 5.080e+01
E 000 012 7.211e+00
E 000 014 6.720e+01
E 000 015 3.256e+01
E 001 017 5.284e+01
E 001 011 6.600e+01
E 001 019 8.720e+01
E 001 015 4.809e+01
E 002 010 8.509e+01
E 002 011 6.803e+01
E 002 006 1.118e+01
E 003 016 5.060e+01
E 003 010 6.685e+01
E 003 011 7.794e+01
E 003 004 6.622e+01
E 003 007 9.323e+01
E 004 007 3.437e+01
E 004 008 6.790e+01
E 004 011 1.315e+01
E 004 015 7.071e+00
E 005 017 3.780e+01
E 005 010 8.276e+01
E 005 019 4.123e+00
E 005 015 7.244e+01
E 006 007 6.619e+01
E 006 009 3.046e+01
E 006 011 6.661e+01
E 006 016 8.149e+01
E 006 017 3.689e+01
E 006 018 5.162e+01
E 006 019 6.403e+00
E 007 008 7.661e+01
E 007 010 5.162e+01
E 007 011 2.214e+01
E 007 012 6.774e+01
E 007 013 4.243e+01
E 007 014 4.904e+01
E 007 017 7.240e+01
E 008 016 7.811e+01
E 009 016 6.748e+01
E 009 015 4.607e+01
E 010 014 5.948e+01
E 011 014 4.610e+01
E 011 015 1.825e+01
E 011 017 6.096e+01
E 012 014 6.000e+01
E 012 017 4.937e+01
E 012 018 6.259e+01
E 012 019 7.971e+01
E 013 018 5.515e+01
E 013 015 4.100e+01
E 014 015 4.866e+01
E 014 018 5.166e+01
E 015 016 3.106e+01
E 016 017 5.179e+01
E 016 019 8.276e+01
