N 000 058 011 1.001e-01
N 001 073 023 6.258e-02
N 002 058 021 6.224e-01
N 003 000 023 7.627e-01
N 004 012 023 1.784e-01
N 005 089 079 1.117e-01
N 006 020 074 7.664e-01
N 007 086 039 8.917e-01
N 008 006 098 8.539e-01
N 009 051 035 6.287e-01
N 010 065 082 3.974e-01
N 011 024 030 6.680e-01
N 012 067 010 4.197e-01
N 013 063 091 5.617e-03
N 014 038 023 1.553e-01
N 015 093 076 2.092e-01
N 016 087 047 8.610e-01
N 017 082 030 8.162e-01
N 018 091 063 3.208e-01
N 019 063 010 4.613e-01
E 000 002 1.000e+01
E 000 003 5.923e+01
E 000 007 3.960e+01
E 000 009 2.500e+01
E 000 010 7.134e+01
E 000 012 9.055e+00
E 000 015 7.382e+01
E 000 016 4.623e+01
E 000 018 6.159e+01
E 000 019 5.099e+00
E 001 010 5.954e+01
E 001 003 7.300e+01
E 001 013 6.873e+01
E 001 014 3.500e+01
E 002 006 6.522e+01
E 002 008 9.291e+01
E 002 009 1.565e+01
E 002 010 6.140e+01
E 002 017 2.563e+01
E 003 005 1.052e+02
E 003 007 8.748e+01
E 003 015 1.070e+02
E 003 019 6.433e+01
E 004 008 7.524e+01
E 004 017 7.035e+01
E 004 018 8.855e+01
E 005 006 6.918e+01
E 005 008 8.515e+01
E 005 011 8.140e+01
E 005 012 7.242e+01
E 005 013 2.864e+01
E 006 010 4.571e+01
E 006 011 4.418e+01
E 006 012 7.940e+01
E 006 013 4.624e+01
E 006 018 7.185e+01
E 007 012 3.467e+01
E 007 014 5.060e+01
E 008 010 6.113e+01
E 008 013 5.743e+01
E 008 016 9.572e+01
E 009 010 4.904e+01
E 009 011 2.746e+01
E 009 012 2.968e+01
E 009 015 5.869e+01
E 009 017 3.140e+01
E 009 018 4.883e+01
E 011 012 4.742e+01
E 011 015 8.293e+01
E 011 017 5.800e+01
E 012 014 3.178e+01
E 012 016 4.206e+01
E 013 014 7.245e+01
E 013 017 6.389e+01
E 014 016 5.456e+01
E 015 017 4.730e+01
E 015 019 7.250e+01
E 016 017 1.772e+01
E 016 018 1.649e+01
E 016 019 4.410e+01
