N 000 020 046 8.260e-01
N 001 072 088 1.225e-01
N 002 067 007 8.568e-01
N 003 035 013 6.123e-01
N 004 004 065 7.388e-03
N 005 089 096 8.286e-01
N 006 036 024 7.535e-01
N 007 092 005 8.109e-01
N 008 060 037 4.334e-01
N 009 058 096 8.435e-01
N 010 033 073 1.191e-02
N 011 025 050 2.506e-01
N 012 034 044 6.961e-01
N 013 091 024 4.572e-01
N 014 001 096 5.635e-02
N 015 089 021 6.974e-01
N 016 002 056 3.982e-01
N 017 001 090 1.747e-01
N 018 068 030 1.356e-01
N 019 099 003 1.376e-01
E 000 016 2.059e+01
E 000 018 5.060e+01
E 000 013 7.433e+01
E 000 007 8.286e+01
E 001 003 8.363e+01
E 001 005 1.879e+01
E 001 006 7.343e+01
E 001 011 6.044e+01
E 001 012 5.814e+01
E 001 015 6.912e+01
E 001 017 7.103e+01
E 001 018 5.814e+01
E 002 003 3.256e+01
E 002 004 8.563e+01
E 002 007 2.508e+01
E 002 008 3.081e+01
E 002 012 4.958e+01
E 002 014 1.108e+02
E 002 018 2.302e+01
E 003 004 6.054e+01
E 003 007 5.756e+01
E 003 008 3.466e+01
E 003 011 3.833e+01
E 003 014 8.969e+01
E 003 015 5.459e+01
E 003 018 3.712e+01
E 003 019 6.478e+01
E 004 016 9.220e+00
E 004 005 9.048e+01
E 004 013 9.618e+01
E 005 009 3.100e+01
E 005 012 7.569e+01
E 005 013 7.203e+01
E 005 015 7.500e+01
E 006 018 3.256e+01
E 006 015 5.308e+01
E 006 014 8.006e+01
E 006 007 5.914e+01
E 007 008 4.525e+01
E 007 010 9.003e+01
E 007 011 8.071e+01
E 007 012 6.989e+01
E 007 013 1.903e+01
E 008 010 4.500e+01
E 008 012 2.693e+01
E 008 017 7.931e+01
E 009 010 3.397e+01
E 009 014 5.700e+01
E 010 012 2.902e+01
E 010 016 3.536e+01
E 010 019 9.621e+01
E 011 012 1.082e+01
E 011 014 5.188e+01
E 011 017 4.665e+01
E 012 019 7.685e+01
E 013 014 1.153e+02
E 013 019 2.247e+01
E 014 016 4.001e+01
E 015 019 2.059e+01
E 018 019 4.111e+01
