N 000 057 055 6.504e-01
N 001 040 010 6.261e-01
N 002 014 015 1.734e-01
N 003 013 062 4.456e-01
N 004 052 008 3.842e-01
N 005 090 088 4.237e-01
N 006 053 006 2.507e-01
N 007 013 012 1.960e-01
N 008 021 049 7.005e-01
N 009 026 078 7.355e-01
N 010 043 011 4.805e-01
N 011 066 063 3.546e-01
N 012 051 038 6.962e-03
N 013 011 055 9.043e-01
N 014 074 022 3.376e-01
N 015 056 090 7.400e-01
N 016 098 051 7.240e-02
N 017 085 057 9.001e-01
N 018 053 040 6.092e-01
N 019 090 012 7.995e-01
E 000 015 3.501e+01
E 000 011 1.204e+01
E 000 012 1.803e+01
E 000 013 4.600e+01
E 000 007 6.152e+01
E 001 008 4.338e+01
E 001 009 6.943e+01
E 001 003 5.859e+01
E 001 012 3.008e+01
E 001 013 5.354e+01
E 002 004 3.864e+01
E 003 008 1.526e+01
E 003 015 5.131e+01
E 003 016 8.571e+01
E 003 017 7.217e+01
E 003 019 9.181e+01
E 004 005 8.857e+01
E 004 006 2.236e+00
E 004 010 9.487e+00
E 004 016 6.297e+01
E 004 017 5.908e+01
E 004 018 3.202e+01
E 005 008 7.926e+01
E 005 009 6.478e+01
E 005 012 6.341e+01
E 005 013 8.562e+01
E 005 017 3.140e+01
E 005 019 7.600e+01
E 006 010 1.118e+01
E 006 018 3.400e+01
E 007 011 7.355e+01
E 008 009 2.943e+01
E 008 010 4.391e+01
E 008 012 3.195e+01
E 008 013 1.166e+01
E 008 014 5.948e+01
E 008 015 5.391e+01
E 008 019 7.829e+01
E 009 013 2.746e+01
E 009 015 3.231e+01
E 009 018 4.662e+01
E 010 011 5.686e+01
E 010 013 5.441e+01
E 010 014 3.289e+01
E 010 015 8.006e+01
E 011 013 5.558e+01
E 011 015 2.879e+01
E 011 017 1.992e+01
E 011 019 5.636e+01
E 012 014 2.802e+01
E 012 015 5.224e+01
E 012 016 4.876e+01
E 012 019 4.687e+01
E 013 014 7.112e+01
E 013 015 5.701e+01
E 013 016 8.709e+01
E 014 015 7.034e+01
E 014 017 3.669e+01
E 016 019 3.981e+01
E 018 019 4.640e+01
