N 000 059 000 6.441e-01
N 001 000 066 5.250e-01
N 002 003 038 1.769e-01
N 003 018 054 4.128e-01
N 004 074 074 9.557e-01
N 005 057 081 1.474e-01
N 006 082 080 2.126e-01
N 007 092 047 7.684e-01
N 008 005 043 6.576e-01
N 009 067 075 1.167e-01
N 010 034 026 5.824e-01
N 011 005 026 6.303e-01
N 012 035 028 9.238e-01
N 013 006 090 7.678e-01
N 014 007 038 9.547e-01
N 015 047 082 2.476e-01
N 016 081 043 4.788e-01
N 017 088 074 7.780e-01
N 018 047 082 1.886e-01
N 019 068 044 2.743e-01
E 000 002 6.768e+01
E 000 003 6.780e+01
E 000 005 8.102e+01
E 000 016 4.830e+01
E 000 018 8.287e+01
E 000 019 4.491e+01
E 001 002 2.816e+01
E 001 009 6.760e+01
E 001 010 5.250e+01
E 001 013 2.474e+01
E 001 014 2.886e+01
E 001 018 4.965e+01
E 002 004 7.961e+01
E 002 006 8.947e+01
E 002 012 3.353e+01
E 002 013 5.209e+01
E 002 017 9.231e+01
E 002 018 6.223e+01
E 003 005 4.743e+01
E 003 007 7.433e+01
E 003 008 1.703e+01
E 003 015 4.031e+01
E 003 018 4.031e+01
E 003 019 5.099e+01
E 004 007 3.245e+01
E 004 009 7.071e+00
E 004 011 8.405e+01
E 004 012 6.031e+01
E 004 015 2.816e+01
E 004 016 3.178e+01
E 005 006 2.502e+01
E 005 008 6.440e+01
E 005 009 1.166e+01
E 005 011 7.569e+01
E 005 014 6.595e+01
E 005 015 1.005e+01
E 005 016 4.494e+01
E 005 017 3.178e+01
E 005 018 1.005e+01
E 006 007 3.448e+01
E 006 009 1.581e+01
E 006 011 9.405e+01
E 006 012 7.009e+01
E 007 009 3.754e+01
E 007 014 8.548e+01
E 007 015 5.701e+01
E 007 017 2.729e+01
E 007 018 5.701e+01
E 009 011 7.903e+01
E 009 013 6.282e+01
E 009 018 2.119e+01
E 010 012 2.236e+00
E 010 014 2.955e+01
E 011 012 3.007e+01
E 011 016 7.788e+01
E 011 018 7.000e+01
E 013 014 5.201e+01
E 014 019 6.129e+01
E 016 018 5.174e+01
E 016 019 1.304e+01
