N 000 076 095 5.798e-01
N 001 029 036 8.891e-01
N 002 097 083 6.073e-02
N 003 048 052 2.571e-01
N 004 063 010 5.515e-01
N 005 057 051 6.668e-01
N 006 079 044 9.936e-01
N 007 060 024 4.307e-01
N 008 098 068 6.162e-01
N 009 027 034 4.086e-01
N 010 091 065 3.498e-01
N 011 054 061 5.377e-01
N 012 017 020 9.593e-02
N 013 059 049 6.167e-01
N 014 013 074 2.486e-01
N 015 065 089 9.451e-01
N 016 061 059 3.940e-01
N 017 066 036 3.283e-01
N 018 074 057 6.858e-01
N 019 002 075 5.707e-01
E 000 003 5.131e+01
E 000 004 8.599e+01
E 000 007 7.278e+01
E 000 010 3.354e+01
E 000 013 4.904e+01
E 000 017 5.984e+01
E 001 016 3.941e+01
E 001 012 2.000e+01
E 001 006 5.064e+01
E 002 009 8.545e+01
E 002 011 4.830e+01
E 002 012 1.018e+02
E 002 006 4.295e+01
E 002 017 5.630e+01
E 003 008 5.250e+01
E 003 019 5.143e+01
E 003 005 9.055e+00
E 003 016 1.476e+01
E 004 005 4.144e+01
E 004 006 3.758e+01
E 004 014 8.122e+01
E 004 016 4.904e+01
E 004 018 4.827e+01
E 004 019 8.914e+01
E 005 006 2.309e+01
E 005 008 4.438e+01
E 005 010 3.677e+01
E 005 014 4.965e+01
E 005 016 8.944e+00
E 005 019 6.001e+01
E 006 012 6.648e+01
E 006 013 2.062e+01
E 006 016 2.343e+01
E 006 017 1.526e+01
E 006 018 1.393e+01
E 007 017 1.342e+01
E 007 018 3.585e+01
E 007 019 7.723e+01
E 007 013 2.502e+01
E 008 009 7.872e+01
E 008 011 4.455e+01
E 008 013 4.338e+01
E 008 014 8.521e+01
E 008 015 3.912e+01
E 008 016 3.808e+01
E 008 019 9.625e+01
E 009 019 4.802e+01
E 009 014 4.238e+01
E 010 011 3.722e+01
E 010 012 8.661e+01
E 010 013 3.578e+01
E 010 017 3.829e+01
E 010 018 1.879e+01
E 010 019 8.956e+01
E 012 017 5.155e+01
E 013 018 1.700e+01
E 014 018 6.332e+01
E 015 017 5.301e+01
E 016 018 1.315e+01
E 017 019 7.495e+01
