N 000 073 056 1.807e-01
N 001 005 054 5.579e-01
N 002 026 054 7.187e-01
N 003 022 067 6.565e-01
N 004 099 008 8.697e-01
N 005 086 008 8.520e-01
N 006 033 023 2.175e-01
N 007 081 004 4.386e-01
N 008 089 071 8.882e-01
N 009 099 049 6.713e-01
N 010 020 087 5.836e-01
N 011 009 050 8.590e-01
N 012 010 088 2.327e-01
N 013 046 080 5.055e-01
N 014 068 045 7.358e-01
N 015 074 077 6.222e-01
N 016 084 044 1.353e-01
N 017 083 018 5.987e-01
N 018 011 014 7.437e-01
N 019 026 065 5.600e-01
E 000 005 4.973e+01
E 000 008 2.193e+01
E 000 009 2.693e+01
E 000 014 1.208e+01
E 000 015 2.102e+01
E 000 019 4.785e+01
E 001 004 1.047e+02
E 001 005 9.315e+01
E 001 010 3.625e+01
E 001 014 6.364e+01
E 001 015 7.273e+01
E 001 016 7.963e+01
E 001 018 4.045e+01
E 002 017 6.742e+01
E 002 011 1.746e+01
E 002 013 3.280e+01
E 002 015 5.323e+01
E 003 004 9.701e+01
E 003 006 4.535e+01
E 003 008 6.712e+01
E 003 011 2.140e+01
E 003 014 5.099e+01
E 003 015 5.295e+01
E 003 018 5.413e+01
E 004 006 6.768e+01
E 004 010 1.117e+02
E 004 011 9.932e+01
E 004 016 3.900e+01
E 004 018 8.820e+01
E 004 019 9.262e+01
E 005 010 1.029e+02
E 005 013 8.237e+01
E 005 017 1.044e+01
E 006 009 7.094e+01
E 006 011 3.612e+01
E 006 014 4.134e+01
E 006 017 5.025e+01
E 006 019 4.258e+01
E 007 010 1.030e+02
E 008 009 2.417e+01
E 008 013 4.393e+01
E 008 015 1.616e+01
E 008 017 5.334e+01
E 008 019 6.329e+01
E 009 013 6.140e+01
E 009 015 3.754e+01
E 009 019 7.473e+01
E 010 012 1.005e+01
E 010 013 2.693e+01
E 010 014 6.378e+01
E 010 016 7.710e+01
E 010 018 7.355e+01
E 011 013 4.763e+01
E 012 016 8.609e+01
E 012 014 7.220e+01
E 014 016 1.603e+01
E 014 017 3.089e+01
E 017 018 7.211e+01
E 017 019 7.388e+01
E 018 019 5.316e+01
