N 000 065 070 9.213e-01
N 001 039 006 5.720e-01
N 002 012 025 2.326e-01
N 003 055 063 8.371e-01
N 004 062 008 2.427e-01
N 005 078 059 1.605e-01
N 006 075 088 6.567e-01
N 007 047 099 9.601e-01
N 008 010 058 7.169e-01
N 009 036 053 4.702e-01
N 010 025 049 4.449e-01
N 011 014 080 4.276e-01
N 012 056 082 7.869e-01
N 013 026 096 7.899e-02
N 014 078 089 6.012e-01
N 015 072 028 3.140e-01
N 016 081 007 3.009e-01
N 017 080 095 6.969e-01
N 018 000 027 8.879e-01
N 019 070 089 2.017e-01
E 000 002 6.953e+01
E 000 008 5.629e+01
E 000 009 3.362e+01
E 000 010 4.518e+01
E 000 014 2.302e+01
E 000 015 4.258e+01
E 000 016 6.500e+01
E 000 018 7.794e+01
E 001 008 5.954e+01
E 001 010 4.522e+01
E 001 011 7.811e+01
E 001 012 7.788e+01
E 001 006 8.955e+01
E 002 005 7.424e+01
E 002 007 8.186e+01
E 002 009 3.688e+01
E 002 013 7.237e+01
E 002 015 6.007e+01
E 003 014 3.471e+01
E 003 005 2.335e+01
E 003 006 3.202e+01
E 003 015 3.891e+01
E 004 008 7.214e+01
E 004 017 8.884e+01
E 004 011 8.653e+01
E 004 005 5.345e+01
E 004 006 8.105e+01
E 006 009 5.240e+01
E 006 010 6.341e+01
E 006 013 4.965e+01
E 006 014 3.162e+00
E 007 008 5.523e+01
E 007 009 4.730e+01
E 007 012 1.924e+01
E 007 014 3.257e+01
E 007 017 3.324e+01
E 007 019 2.508e+01
E 008 011 2.236e+01
E 008 012 5.188e+01
E 008 013 4.123e+01
E 008 015 6.888e+01
E 008 016 8.742e+01
E 008 019 6.754e+01
E 009 014 5.532e+01
E 009 016 6.435e+01
E 010 011 3.289e+01
E 010 017 7.170e+01
E 012 013 3.311e+01
E 012 014 2.309e+01
E 012 017 2.729e+01
E 013 014 5.247e+01
E 013 015 8.210e+01
E 013 017 5.401e+01
E 013 019 4.455e+01
E 015 019 6.103e+01
E 016 019 8.273e+01
E 016 017 8.801e+01
E 017 018 1.050e+02
E 017 019 1.166e+01
E 018 019 9.351e+01
