N 000 061 052 5.048e-01
N 001 092 002 4.600e-01
N 002 021 082 4.907e-01
N 003 049 007 3.291e-01
N 004 018 017 1.540e-01
N 005 020 013 9.952e-01
N 006 079 058 5.943e-01
N 007 045 026 3.855e-01
N 008 092 025 3.317e-01
N 009 077 005 6.026e-01
N 010 027 039 4.181e-01
N 011 012 071 2.034e-01
N 012 093 031 8.915e-02
N 013 079 086 5.064e-01
N 014 022 094 4.758e-01
N 015 007 074 3.319e-02
N 016 044 026 2.029e-01
N 017 029 004 1.023e-01
N 018 016 025 2.769e-01
N 019 015 079 3.401e-01
E 000 019 5.334e+01
E 000 001 5.883e+01
E 000 010 3.640e+01
E 000 003 4.657e+01
E 000 005 5.659e+01
E 001 002 1.070e+02
E 001 004 7.550e+01
E 001 010 7.479e+01
E 001 011 1.056e+02
E 001 012 2.902e+01
E 001 017 6.303e+01
E 001 018 7.940e+01
E 001 019 1.089e+02
E 002 008 9.105e+01
E 002 010 4.342e+01
E 003 006 5.917e+01
E 003 007 1.942e+01
E 003 011 7.393e+01
E 003 014 9.109e+01
E 003 019 7.962e+01
E 004 008 7.443e+01
E 004 015 5.805e+01
E 004 014 7.710e+01
E 004 009 6.021e+01
E 005 018 1.265e+01
E 006 009 5.304e+01
E 006 010 5.536e+01
E 006 012 3.041e+01
E 006 013 2.800e+01
E 006 015 7.376e+01
E 006 016 4.742e+01
E 006 018 7.112e+01
E 006 019 6.736e+01
E 007 010 2.220e+01
E 007 011 5.580e+01
E 007 013 6.896e+01
E 007 014 7.178e+01
E 007 015 6.122e+01
E 008 016 4.801e+01
E 008 017 6.641e+01
E 008 010 6.649e+01
E 009 019 9.654e+01
E 010 012 6.648e+01
E 010 014 5.523e+01
E 010 015 4.031e+01
E 010 016 2.140e+01
E 011 019 8.544e+00
E 011 014 2.508e+01
E 012 013 5.675e+01
E 012 016 4.925e+01
E 012 017 6.946e+01
E 012 018 7.723e+01
E 013 016 6.946e+01
E 013 017 9.604e+01
E 014 018 6.926e+01
E 014 019 1.655e+01
E 015 016 6.061e+01
E 015 017 7.338e+01
E 016 018 2.802e+01
E 018 019 5.401e+01
