N 000 096 043 6.826e-01
N 001 027 016 3.671e-02
N 002 020 081 6.417e-01
N 003 009 096 3.508e-01
N 004 088 099 4.470e-01
N 005 004 020 4.767e-02
N 006 000 091 6.242e-01
N 007 091 084 7.179e-01
N 008 010 056 9.246e-01
N 009 027 019 3.745e-01
N 010 089 083 6.076e-01
N 011 088 088 4.630e-01
N 012 041 071 7.513e-01
N 013 080 082 7.967e-01
N 014 044 032 5.767e-01
N 015 047 052 8.286e-01
N 016 039 026 9.515e-01
N 017 059 067 8.657e-01
N 018 026 016 6.832e-01
N 019 034 072 4.339e-01
E 000 002 8.497e+01
E 000 006 1.073e+02
E 000 008 8.698e+01
E 000 013 4.215e+01
E 000 014 5.315e+01
E 000 016 5.948e+01
E 000 017 4.410e+01
E 000 018 7.503e+01
E 000 019 6.845e+01
E 001 002 6.538e+01
E 001 007 9.338e+01
E 001 008 4.346e+01
E 001 009 3.000e+00
E 001 010 9.129e+01
E 001 011 9.437e+01
E 001 012 5.675e+01
E 001 017 6.021e+01
E 001 018 1.000e+00
E 001 019 5.644e+01
E 002 010 6.903e+01
E 002 004 7.034e+01
E 002 015 3.962e+01
E 003 004 7.906e+01
E 003 013 7.237e+01
E 004 006 8.836e+01
E 004 007 1.530e+01
E 004 012 5.471e+01
E 004 014 8.016e+01
E 004 017 4.319e+01
E 005 019 6.003e+01
E 005 010 1.058e+02
E 005 015 5.360e+01
E 005 013 9.808e+01
E 005 007 1.080e+02
E 006 007 9.127e+01
E 006 010 8.936e+01
E 006 015 6.107e+01
E 006 016 7.580e+01
E 006 017 6.369e+01
E 007 009 9.122e+01
E 007 012 5.166e+01
E 007 015 5.441e+01
E 008 011 8.431e+01
E 008 019 2.884e+01
E 008 017 5.022e+01
E 009 016 1.389e+01
E 009 015 3.859e+01
E 010 012 4.948e+01
E 010 016 7.582e+01
E 010 019 5.609e+01
E 011 018 9.502e+01
E 011 014 7.122e+01
E 011 016 7.903e+01
E 012 015 1.992e+01
E 012 019 7.071e+00
E 013 016 6.940e+01
E 013 015 4.460e+01
E 014 019 4.123e+01
E 014 018 2.408e+01
E 015 017 1.921e+01
