N 000 075 085 2.594e-01
N 001 053 095 9.141e-01
N 002 025 088 7.547e-01
N 003 048 086 3.728e-02
N 004 087 089 6.276e-01
N 005 024 029 3.305e-01
N 006 009 073 1.577e-01
N 007 011 005 5.089e-01
N 008 062 011 3.587e-01
N 009 080 097 4.153e-01
N 010 078 008 8.036e-01
N 011 065 059 3.375e-01
N 012 070 042 8.497e-02
N 013 002 070 1.672e-01
N 014 083 024 8.626e-01
N 015 044 087 2.521e-01
N 016 074 068 3.658e-01
N 017 088 011 9.742e-01
N 018 019 049 8.833e-01
N 019 091 015 7.652e-01
E 000 005 7.574e+01
E 000 007 1.024e+02
E 000 010 7.706e+01
E 000 011 2.786e+01
E 000 012 4.329e+01
E 000 013 7.453e+01
E 000 014 6.152e+01
E 000 018 6.657e+01
E 001 003 1.030e+01
E 001 006 4.919e+01
E 001 007 9.932e+01
E 001 011 3.795e+01
E 001 013 5.680e+01
E 001 019 8.857e+01
E 002 008 8.543e+01
E 002 018 3.946e+01
E 002 019 9.841e+01
E 002 004 6.201e+01
E 003 019 8.301e+01
E 003 010 8.357e+01
E 003 011 3.191e+01
E 003 018 4.701e+01
E 004 009 1.063e+01
E 004 007 1.133e+02
E 005 018 2.062e+01
E 005 014 5.921e+01
E 006 007 6.803e+01
E 006 009 7.495e+01
E 006 011 5.772e+01
E 006 013 7.616e+00
E 006 019 1.004e+02
E 007 008 5.135e+01
E 007 014 7.446e+01
E 007 015 8.839e+01
E 008 010 1.628e+01
E 008 012 3.202e+01
E 008 013 8.415e+01
E 008 017 2.600e+01
E 008 018 5.738e+01
E 008 019 2.927e+01
E 009 010 8.902e+01
E 009 015 3.736e+01
E 009 016 2.961e+01
E 009 018 7.762e+01
E 009 019 8.273e+01
E 010 016 6.013e+01
E 010 017 1.044e+01
E 010 018 7.185e+01
E 010 019 1.476e+01
E 011 013 6.395e+01
E 011 014 3.936e+01
E 011 015 3.500e+01
E 012 013 7.354e+01
E 012 016 2.631e+01
E 012 017 3.585e+01
E 012 018 5.148e+01
E 013 019 1.046e+02
E 014 018 6.871e+01
E 015 018 4.549e+01
E 018 019 7.962e+01
