N 000 070 071 6.103e-01
N 001 059 047 8.932e-01
N 002 093 025 4.242e-01
N 003 071 046 9.637e-01
N 004 011 034 6.344e-03
N 005 072 096 4.203e-01
N 006 016 041 3.334e-01
N 007 027 008 8.500e-01
N 008 009 094 9.109e-01
N 009 029 097 2.689e-01
N 010 005 035 3.563e-01
N 011 039 019 7.179e-01
N 012 037 081 6.886e-01
N 013 020 038 8.809e-01
N 014 071 098 1.436e-01
N 015 090 024 6.932e-01
N 016 097 023 4.397e-01
N 017 024 044 2.230e-01
N 018 033 099 2.348e-01
N 019 077 077 7.180e-01
E 000 017 5.334e+01
E 000 002 5.143e+01
E 000 011 6.054e+01
E 000 013 5.991e+01
E 000 014 2.702e+01
E 001 018 5.814e+01
E 001 015 3.860e+01
E 002 004 8.249e+01
E 002 005 7.404e+01
E 002 012 7.920e+01
E 002 013 7.415e+01
E 002 015 3.162e+00
E 002 017 7.157e+01
E 002 018 9.527e+01
E 003 009 6.607e+01
E 003 010 6.691e+01
E 003 012 4.880e+01
E 003 015 2.907e+01
E 004 017 1.640e+01
E 004 012 5.371e+01
E 004 010 6.083e+00
E 004 014 8.773e+01
E 005 009 4.301e+01
E 005 018 3.912e+01
E 005 017 7.077e+01
E 006 008 5.346e+01
E 006 009 5.749e+01
E 006 010 1.253e+01
E 006 011 3.183e+01
E 006 015 7.593e+01
E 006 016 8.298e+01
E 007 008 8.786e+01
E 007 017 3.612e+01
E 007 010 3.483e+01
E 007 011 1.628e+01
E 007 012 7.368e+01
E 008 016 1.131e+02
E 008 018 2.452e+01
E 008 011 8.078e+01
E 009 011 7.864e+01
E 009 017 5.324e+01
E 009 019 5.200e+01
E 010 013 1.530e+01
E 010 017 2.102e+01
E 011 012 6.203e+01
E 011 016 5.814e+01
E 011 017 2.915e+01
E 012 016 8.345e+01
E 012 019 4.020e+01
E 013 015 7.139e+01
E 013 016 7.845e+01
E 013 018 6.237e+01
E 014 016 7.938e+01
E 014 018 3.801e+01
E 015 016 7.071e+00
E 015 017 6.896e+01
E 015 019 5.457e+01
E 016 018 9.936e+01
E 017 019 6.243e+01
E 018 019 4.919e+01
