N 000 062 092 4.664e-01
N 001 000 083 6.111e-01
N 002 051 070 7.014e-01
N 003 048 009 3.583e-01
N 004 061 051 1.000e+00
N 005 022 036 7.282e-01
N 006 087 020 5.724e-01
N 007 076 090 5.502e-01
N 008 032 013 3.733e-01
N 009 079 059 7.698e-01
N 010 093 051 7.067e-01
N 011 039 034 2.226e-01
N 012 021 048 1.066e-01
N 013 002 014 3.820e-02
N 014 031 050 9.934e-03
N 015 015 066 2.084e-01
N 016 004 079 6.672e-02
N 017 032 067 6.411e-01
N 018 091 015 9.877e-01
N 019 003 004 7.178e-01
E 000 009 3.712e+01
E 000 018 8.228e+01
E 000 011 6.239e+01
E 000 004 4.101e+01
E 000 013 9.841e+01
E 001 004 6.888e+01
E 001 008 7.697e+01
E 001 009 8.257e+01
E 001 010 9.835e+01
E 001 013 6.903e+01
E 001 015 2.267e+01
E 002 003 6.107e+01
E 002 008 6.008e+01
E 002 010 4.610e+01
E 002 011 3.795e+01
E 002 012 3.720e+01
E 002 013 7.441e+01
E 002 014 2.828e+01
E 002 015 3.622e+01
E 003 004 4.397e+01
E 003 008 1.649e+01
E 003 009 5.883e+01
E 003 012 4.743e+01
E 003 015 6.586e+01
E 003 017 6.017e+01
E 004 005 4.179e+01
E 004 008 4.780e+01
E 004 009 1.970e+01
E 005 008 2.508e+01
E 005 009 6.147e+01
E 005 010 7.257e+01
E 005 007 7.637e+01
E 006 007 7.086e+01
E 006 010 3.158e+01
E 006 011 5.000e+01
E 006 012 7.169e+01
E 006 013 8.521e+01
E 006 014 6.353e+01
E 006 018 6.403e+00
E 007 016 7.284e+01
E 007 010 4.254e+01
E 008 013 3.002e+01
E 008 015 5.566e+01
E 008 017 5.400e+01
E 008 018 5.903e+01
E 009 011 4.717e+01
E 010 013 9.823e+01
E 010 016 9.330e+01
E 011 012 2.280e+01
E 011 016 5.701e+01
E 011 017 3.373e+01
E 012 014 1.020e+01
E 012 016 3.536e+01
E 013 014 4.623e+01
E 013 016 6.503e+01
E 014 017 1.703e+01
E 014 018 6.946e+01
E 014 019 5.385e+01
E 015 016 1.703e+01
E 017 019 6.935e+01
