N 000 026 046 2.657e-01
N 001 069 019 5.035e-01
N 002 015 065 2.729e-01
N 003 082 007 4.320e-01
N 004 022 031 1.905e-01
N 005 014 019 3.948e-02
N 006 075 073 7.693e-01
N 007 069 090 7.280e-01
N 008 030 008 4.157e-01
N 009 010 002 1.676e-02
N 010 024 006 9.148e-01
N 011 054 064 8.566e-02
N 012 051 051 7.166e-01
N 013 085 068 4.507e-01
N 014 034 038 9.230e-01
N 015 004 083 2.154e-01
N 016 007 022 3.390e-01
N 017 048 017 4.412e-01
N 018 083 089 7.098e-01
N 019 062 089 3.415e-01
E 000 010 4.005e+01
E 000 018 7.140e+01
E 000 014 1.131e+01
E 000 015 4.305e+01
E 001 014 3.982e+01
E 001 019 7.035e+01
E 001 005 5.500e+01
E 001 006 5.433e+01
E 001 015 9.122e+01
E 002 007 5.951e+01
E 002 008 5.894e+01
E 002 011 3.901e+01
E 002 012 3.863e+01
E 002 015 2.110e+01
E 002 016 4.374e+01
E 002 017 5.825e+01
E 003 016 7.649e+01
E 003 017 3.544e+01
E 003 011 6.351e+01
E 003 005 6.905e+01
E 003 015 1.089e+02
E 004 005 1.442e+01
E 004 006 6.762e+01
E 004 007 7.543e+01
E 004 008 2.435e+01
E 004 009 3.138e+01
E 004 012 3.523e+01
E 004 014 1.389e+01
E 004 017 2.953e+01
E 005 010 1.640e+01
E 005 011 6.021e+01
E 005 013 8.627e+01
E 006 007 1.803e+01
E 006 010 8.420e+01
E 006 013 1.118e+01
E 006 015 7.170e+01
E 006 017 6.217e+01
E 006 019 2.062e+01
E 007 017 7.596e+01
E 007 013 2.720e+01
E 008 018 9.680e+01
E 008 013 8.139e+01
E 009 010 1.456e+01
E 009 012 6.389e+01
E 009 016 2.022e+01
E 009 017 4.085e+01
E 009 018 1.136e+02
E 010 012 5.248e+01
E 010 014 3.353e+01
E 010 015 7.956e+01
E 010 019 9.129e+01
E 011 012 1.334e+01
E 011 013 3.126e+01
E 011 017 4.738e+01
E 012 016 5.270e+01
E 012 019 3.956e+01
E 013 017 6.301e+01
E 013 019 3.114e+01
E 014 019 5.818e+01
E 017 019 7.335e+01
