N 000 089 011 9.209e-01
N 001 017 021 4.740e-01
N 002 059 053 9.819e-01
N 003 076 013 3.448e-01
N 004 009 078 2.933e-01
N 005 017 095 2.521e-02
N 006 002 082 7.945e-01
N 007 050 013 8.043e-01
N 008 057 001 1.446e-01
N 009 083 070 6.922e-02
N 010 050 041 9.161e-01
N 011 002 051 1.808e-01
N 012 076 023 7.302e-01
N 013 028 001 4.900e-01
N 014 095 010 1.838e-01
N 015 085 035 7.042e-01
N 016 052 034 4.170e-01
N 017 082 094 9.544e-01
N 018 060 080 5.058e-01
N 019 089 008 8.734e-02
E 000 008 3.353e+01
E 000 018 7.485e+01
E 000 013 6.181e+01
E 000 014 6.083e+00
E 001 002 5.280e+01
E 001 006 6.282e+01
E 001 008 4.472e+01
E 001 012 5.903e+01
E 001 015 6.943e+01
E 001 017 9.774e+01
E 001 019 7.316e+01
E 002 008 5.204e+01
E 002 012 3.448e+01
E 002 016 2.025e+01
E 002 007 4.100e+01
E 003 008 2.247e+01
E 003 010 3.821e+01
E 003 012 1.000e+01
E 003 015 2.377e+01
E 003 016 3.189e+01
E 003 018 6.888e+01
E 004 015 8.732e+01
E 004 005 1.879e+01
E 004 006 8.062e+00
E 004 013 7.931e+01
E 005 008 1.022e+02
E 005 009 7.058e+01
E 005 010 6.329e+01
E 005 012 9.309e+01
E 005 015 9.069e+01
E 005 017 6.501e+01
E 005 019 1.129e+02
E 006 018 5.803e+01
E 006 019 1.142e+02
E 006 009 8.188e+01
E 007 017 8.709e+01
E 007 018 6.774e+01
E 007 013 2.506e+01
E 008 012 2.907e+01
E 008 013 2.900e+01
E 008 015 4.405e+01
E 009 014 6.119e+01
E 009 016 4.751e+01
E 009 017 2.402e+01
E 009 018 2.508e+01
E 010 017 6.191e+01
E 010 018 4.026e+01
E 011 017 9.082e+01
E 012 014 2.302e+01
E 012 018 5.920e+01
E 012 019 1.985e+01
E 014 015 2.693e+01
E 014 018 7.826e+01
E 014 019 6.325e+00
E 015 016 3.302e+01
E 015 018 5.148e+01
E 015 019 2.729e+01
E 016 018 4.669e+01
E 016 019 4.522e+01
E 017 019 8.628e+01
