N 000 023 020 7.335e-01
N 001 094 029 2.938e-01
N 002 034 059 9.671e-01
N 003 004 087 1.678e-02
N 004 076 072 3.279e-01
N 005 069 019 2.104e-01
N 006 028 052 1.793e-01
N 007 084 064 3.924e-01
N 008 032 022 4.542e-01
N 009 035 097 3.244e-01
N 010 085 010 4.554e-01
N 011 018 046 9.368e-02
N 012 089 069 9.859e-01
N 013 003 065 5.414e-01
N 014 069 052 8.437e-01
N 015 077 089 9.007e-01
N 016 011 036 2.296e-01
N 017 013 044 2.536e-01
N 018 006 095 1.248e-02
N 019 036 009 7.811e-01
E 000 008 9.220e+00
E 000 016 2.000e+01
E 000 019 1.703e+01
E 000 013 4.924e+01
E 000 006 3.239e+01
E 001 004 4.662e+01
E 001 007 3.640e+01
E 001 009 9.003e+01
E 001 011 7.788e+01
E 001 018 1.100e+02
E 001 019 6.135e+01
E 002 004 4.397e+01
E 002 005 5.315e+01
E 002 008 3.705e+01
E 002 009 3.801e+01
E 002 011 2.062e+01
E 002 013 3.158e+01
E 002 014 3.569e+01
E 002 019 5.004e+01
E 003 009 3.257e+01
E 003 012 8.688e+01
E 003 013 2.202e+01
E 003 017 4.393e+01
E 004 014 2.119e+01
E 004 010 6.265e+01
E 004 006 5.200e+01
E 005 009 8.509e+01
E 005 012 5.385e+01
E 005 010 1.836e+01
E 005 014 3.300e+01
E 006 009 4.554e+01
E 006 018 4.830e+01
E 006 019 4.374e+01
E 007 008 6.684e+01
E 007 014 1.921e+01
E 007 016 7.819e+01
E 008 011 2.778e+01
E 008 013 5.187e+01
E 008 016 2.524e+01
E 009 011 5.376e+01
E 009 012 6.083e+01
E 009 016 6.555e+01
E 009 019 8.801e+01
E 010 016 7.843e+01
E 010 011 7.606e+01
E 011 013 2.421e+01
E 011 014 5.135e+01
E 011 015 7.301e+01
E 011 016 1.221e+01
E 011 017 5.385e+00
E 011 019 4.115e+01
E 013 015 7.779e+01
E 013 016 3.008e+01
E 014 017 5.657e+01
E 014 018 7.628e+01
E 015 016 8.465e+01
E 015 019 8.989e+01
E 017 019 4.188e+01
E 017 018 5.148e+01
E 018 019 9.108e+01
