N 000 014 008 5.284e-01
N 001 020 047 1.226e-01
N 002 005 022 6.202e-01
N 003 067 001 8.460e-01
N 004 019 025 3.365e-01
N 005 075 067 3.892e-01
N 006 082 026 3.321e-01
N 007 050 053 5.946e-01
N 008 022 035 3.574e-01
N 009 040 009 1.098e-01
N 010 043 024 3.715e-01
N 011 004 076 1.875e-01
N 012 009 032 6.625e-01
N 013 088 071 1.099e-01
N 014 027 081 9.276e-01
N 015 068 026 8.996e-01
N 016 005 094 3.908e-01
N 017 072 003 6.890e-01
N 018 080 075 2.751e-01
N 019 021 063 2.678e-01
E 000 003 5.346e+01
E 000 005 8.486e+01
E 000 006 7.034e+01
E 000 008 2.816e+01
E 000 013 9.719e+01
E 000 018 9.405e+01
E 000 019 5.544e+01
E 001 006 6.546e+01
E 001 007 3.059e+01
E 001 008 1.217e+01
E 001 010 3.253e+01
E 001 012 1.860e+01
E 001 019 1.603e+01
E 002 008 2.140e+01
E 002 009 3.734e+01
E 002 010 3.805e+01
E 002 003 6.546e+01
E 002 006 7.710e+01
E 003 004 5.367e+01
E 003 005 6.648e+01
E 003 007 5.471e+01
E 003 012 6.576e+01
E 003 014 8.944e+01
E 003 015 2.502e+01
E 003 016 1.118e+02
E 003 019 7.720e+01
E 004 016 7.041e+01
E 004 010 2.402e+01
E 004 005 7.000e+01
E 004 014 5.657e+01
E 005 007 2.865e+01
E 005 008 6.191e+01
E 005 013 1.360e+01
E 005 018 9.434e+00
E 005 019 5.415e+01
E 006 019 7.134e+01
E 006 012 7.325e+01
E 007 011 5.143e+01
E 007 014 3.624e+01
E 007 017 5.463e+01
E 007 018 3.720e+01
E 007 019 3.068e+01
E 008 011 4.478e+01
E 008 013 7.518e+01
E 008 017 5.936e+01
E 009 011 7.606e+01
E 009 018 7.718e+01
E 010 016 7.965e+01
E 010 017 3.581e+01
E 011 013 8.415e+01
E 011 016 1.803e+01
E 011 017 9.976e+01
E 012 014 5.220e+01
E 013 017 6.986e+01
E 014 015 6.860e+01
E 014 016 2.555e+01
E 014 017 9.005e+01
E 015 017 2.335e+01
E 017 018 7.244e+01
E 017 019 7.875e+01
