N 000 036 035 8.150e-01
N 001 099 057 2.821e-01
N 002 056 014 6.338e-02
N 003 021 075 7.847e-01
N 004 064 096 5.563e-01
N 005 072 080 8.396e-01
N 006 077 047 4.811e-01
N 007 042 036 3.789e-01
N 008 045 014 9.601e-01
N 009 003 020 9.817e-01
N 010 071 006 6.450e-01
N 011 086 045 8.660e-01
N 012 089 017 7.145e-01
N 013 076 007 7.951e-01
N 014 090 042 4.431e-01
N 015 090 093 7.950e-01
N 016 039 012 3.636e-01
N 017 021 047 5.485e-02
N 018 083 003 8.501e-01
N 019 050 034 6.167e-01
E 000 001 6.673e+01
E 000 002 2.900e+01
E 000 004 6.712e+01
E 000 007 6.083e+00
E 000 008 2.285e+01
E 000 010 4.545e+01
E 000 012 5.597e+01
E 000 015 7.925e+01
E 000 017 1.921e+01
E 000 018 5.686e+01
E 000 019 1.404e+01
E 001 004 5.240e+01
E 001 005 3.547e+01
E 001 006 2.417e+01
E 001 007 6.075e+01
E 001 008 6.903e+01
E 001 009 1.029e+02
E 001 016 7.500e+01
E 001 018 5.632e+01
E 002 009 5.334e+01
E 002 013 2.119e+01
E 002 015 8.601e+01
E 003 018 9.502e+01
E 003 015 7.131e+01
E 003 005 5.124e+01
E 003 014 7.649e+01
E 003 013 8.746e+01
E 004 006 5.070e+01
E 004 007 6.391e+01
E 004 008 8.417e+01
E 004 009 9.745e+01
E 004 012 8.286e+01
E 004 018 9.492e+01
E 004 019 6.356e+01
E 005 007 5.325e+01
E 005 011 3.770e+01
E 005 012 6.525e+01
E 005 019 5.099e+01
E 006 010 4.144e+01
E 006 018 4.441e+01
E 006 014 1.393e+01
E 007 008 2.220e+01
E 007 010 4.173e+01
E 007 011 4.491e+01
E 007 019 8.246e+00
E 008 009 4.243e+01
E 008 010 2.720e+01
E 008 011 5.140e+01
E 008 012 4.410e+01
E 008 015 9.092e+01
E 010 014 4.071e+01
E 010 017 6.466e+01
E 010 019 3.500e+01
E 011 013 3.929e+01
E 012 018 1.523e+01
E 013 018 8.062e+00
E 015 018 9.027e+01
E 016 018 4.491e+01
E 016 019 2.460e+01
E 017 018 7.603e+01
