N 000 022 020 4.871e-01
N 001 038 077 6.905e-02
N 002 090 091 6.286e-01
N 003 054 092 1.958e-01
N 004 085 074 2.390e-01
N 005 080 034 2.613e-01
N 006 099 018 5.817e-01
N 007 054 068 6.080e-01
N 008 045 096 4.615e-01
N 009 058 089 7.335e-01
N 010 037 090 7.775e-01
N 011 098 022 2.407e-01
N 012 028 053 7.260e-01
N 013 080 007 9.137e-01
N 014 091 096 8.997e-01
N 015 018 084 7.917e-01
N 016 034 027 3.037e-01
N 017 085 081 9.754e-01
N 018 027 020 5.621e-01
N 019 059 053 7.618e-01
E 000 001 5.920e+01
E 000 002 9.831e+01
E 000 003 7.879e+01
E 000 004 8.298e+01
E 000 011 7.603e+01
E 000 017 8.769e+01
E 001 003 2.193e+01
E 001 005 6.011e+01
E 001 006 8.486e+01
E 001 008 2.025e+01
E 001 010 1.304e+01
E 001 011 8.139e+01
E 001 016 5.016e+01
E 002 018 9.492e+01
E 002 012 7.272e+01
E 002 007 4.272e+01
E 003 006 8.661e+01
E 003 009 5.000e+00
E 003 013 8.889e+01
E 003 014 3.722e+01
E 003 019 3.932e+01
E 004 006 5.772e+01
E 004 011 5.360e+01
E 004 012 6.075e+01
E 004 013 6.719e+01
E 004 014 2.280e+01
E 005 016 4.653e+01
E 005 015 7.965e+01
E 005 007 4.280e+01
E 006 007 6.727e+01
E 006 008 9.487e+01
E 006 012 7.916e+01
E 006 015 1.045e+02
E 006 017 6.454e+01
E 007 010 2.780e+01
E 007 012 3.002e+01
E 007 014 4.640e+01
E 007 015 3.940e+01
E 007 016 4.562e+01
E 008 010 1.000e+01
E 008 011 9.102e+01
E 008 016 6.987e+01
E 008 019 4.522e+01
E 009 016 6.648e+01
E 009 017 2.816e+01
E 009 012 4.686e+01
E 009 014 3.373e+01
E 010 011 9.135e+01
E 010 013 9.348e+01
E 010 014 5.433e+01
E 010 017 4.884e+01
E 010 018 7.071e+01
E 011 014 7.433e+01
E 012 013 6.943e+01
E 013 016 5.016e+01
E 015 016 5.920e+01
E 015 017 6.707e+01
E 015 018 6.463e+01
E 015 019 5.140e+01
E 016 019 3.607e+01
