N 000 042 076 3.966e-01
N 001 089 091 9.264e-01
N 002 023 081 2.345e-01
N 003 042 006 9.612e-01
N 004 088 075 8.473e-01
N 005 073 095 8.413e-01
N 006 042 043 1.429e-01
N 007 003 033 7.223e-01
N 008 068 018 5.741e-01
N 009 051 097 8.336e-01
N 010 019 040 8.920e-01
N 011 010 060 9.487e-01
N 012 037 099 4.517e-01
N 013 022 028 3.041e-01
N 014 027 082 7.225e-01
N 015 012 049 9.048e-01
N 016 023 046 3.353e-01
N 017 020 006 9.766e-01
N 018 027 077 2.524e-01
N 019 047 014 1.868e-01
E 000 019 6.220e+01
E 000 018 1.503e+01
E 000 015 4.036e+01
E 000 014 1.616e+01
E 000 007 5.805e+01
E 001 002 6.675e+01
E 001 006 6.718e+01
E 001 009 3.847e+01
E 001 013 9.197e+01
E 001 014 6.265e+01
E 001 017 1.095e+02
E 001 019 8.771e+01
E 002 016 3.500e+01
E 002 013 5.301e+01
E 002 014 4.123e+00
E 003 005 9.424e+01
E 003 009 9.144e+01
E 003 010 4.105e+01
E 003 012 9.313e+01
E 003 014 7.747e+01
E 003 015 5.243e+01
E 004 008 6.041e+01
E 004 018 6.103e+01
E 004 015 8.032e+01
E 005 010 7.708e+01
E 005 012 3.622e+01
E 005 015 7.640e+01
E 005 017 1.036e+02
E 005 019 8.507e+01
E 006 007 4.026e+01
E 006 009 5.474e+01
E 006 012 5.622e+01
E 006 015 3.059e+01
E 006 018 3.716e+01
E 007 009 8.000e+01
E 007 019 4.793e+01
E 007 015 1.836e+01
E 008 009 8.081e+01
E 008 011 7.161e+01
E 008 012 8.673e+01
E 008 016 5.300e+01
E 008 017 4.948e+01
E 008 019 2.138e+01
E 009 013 7.485e+01
E 009 018 3.124e+01
E 009 019 8.310e+01
E 010 011 2.193e+01
E 011 017 5.492e+01
E 011 014 2.780e+01
E 012 017 9.454e+01
E 012 018 2.417e+01
E 012 019 8.559e+01
E 013 017 2.209e+01
E 014 016 3.622e+01
E 014 017 7.632e+01
E 015 016 1.140e+01
E 015 018 3.176e+01
E 016 018 3.126e+01
E 016 019 4.000e+01
E 017 018 7.134e+01
