N 000 098 074 5.465e-01
N 001 025 098 4.651e-01
N 002 083 070 7.005e-01
N 003 096 071 5.211e-01
N 004 018 026 5.091e-01
N 005 064 029 8.867e-02
N 006 005 067 1.418e-01
N 007 081 009 5.295e-01
N 008 055 034 3.873e-01
N 009 015 032 2.402e-01
N 010 038 097 9.174e-01
N 011 027 062 5.371e-01
N 012 057 025 1.084e-01
N 013 040 095 5.746e-01
N 014 055 044 2.801e-01
N 015 023 004 4.727e-01
N 016 056 003 1.534e-01
N 017 057 034 4.082e-02
N 018 036 067 7.110e-03
N 019 004 068 4.815e-01
E 000 016 8.249e+01
E 000 001 7.684e+01
E 000 012 6.389e+01
E 000 005 5.640e+01
E 001 008 7.068e+01
E 001 002 6.440e+01
E 001 004 7.234e+01
E 001 014 6.177e+01
E 002 004 7.849e+01
E 002 005 4.519e+01
E 002 007 6.103e+01
E 002 010 5.248e+01
E 002 012 5.197e+01
E 002 013 4.974e+01
E 002 014 3.821e+01
E 002 017 4.441e+01
E 003 004 9.005e+01
E 003 005 5.280e+01
E 003 007 6.379e+01
E 003 008 5.523e+01
E 003 009 8.990e+01
E 003 011 6.958e+01
E 003 014 4.909e+01
E 003 015 9.909e+01
E 004 006 4.301e+01
E 004 009 6.708e+00
E 004 011 3.711e+01
E 004 012 3.901e+01
E 005 009 4.909e+01
E 005 010 7.280e+01
E 005 012 8.062e+00
E 005 017 8.602e+00
E 006 017 6.159e+01
E 006 018 3.100e+01
E 006 019 1.414e+00
E 006 014 5.504e+01
E 007 012 2.884e+01
E 007 015 5.822e+01
E 008 010 6.525e+01
E 008 012 9.220e+00
E 008 014 1.000e+01
E 009 013 6.778e+01
E 009 016 5.022e+01
E 009 017 4.205e+01
E 009 018 4.082e+01
E 010 013 2.828e+00
E 010 015 9.420e+01
E 010 016 9.571e+01
E 010 017 6.580e+01
E 010 018 3.007e+01
E 011 016 6.574e+01
E 011 017 4.104e+01
E 011 014 3.329e+01
E 013 014 5.316e+01
E 014 017 1.020e+01
E 014 018 2.983e+01
E 014 019 5.636e+01
E 015 017 4.534e+01
E 015 018 6.433e+01
E 017 019 6.297e+01
