N 000 084 058 8.368e-01
N 001 018 020 9.658e-01
N 002 099 087 1.053e-01
N 003 029 071 3.661e-01
N 004 028 072 4.306e-02
N 005 077 054 1.812e-01
N 006 064 049 2.221e-01
N 007 061 075 9.249e-01
N 008 085 083 5.177e-01
N 009 056 052 4.622e-01
N 010 058 068 1.743e-01
N 011 057 042 4.856e-02
N 012 019 058 7.967e-01
N 013 087 091 1.836e-01
N 014 079 083 8.164e-01
N 015 070 032 8.744e-01
N 016 096 001 1.041e-01
N 017 046 082 4.131e-01
N 018 048 066 1.913e-01
N 019 050 044 4.190e-01
E 000 008 2.502e+01
E 000 010 2.786e+01
E 000 003 5.652e+01
E 000 018 3.688e+01
E 000 014 2.550e+01
E 001 008 9.197e+01
E 001 002 1.051e+02
E 001 010 6.248e+01
E 001 014 8.769e+01
E 001 015 5.337e+01
E 002 013 1.265e+01
E 002 014 2.040e+01
E 002 015 6.218e+01
E 002 016 8.605e+01
E 002 017 5.324e+01
E 002 018 5.515e+01
E 003 005 5.092e+01
E 003 011 4.031e+01
E 003 012 1.640e+01
E 003 016 9.690e+01
E 003 017 2.025e+01
E 004 018 2.088e+01
E 004 012 1.664e+01
E 004 015 5.800e+01
E 005 016 5.630e+01
E 005 017 4.177e+01
E 005 012 5.814e+01
E 005 015 2.309e+01
E 006 010 1.992e+01
E 006 015 1.803e+01
E 007 009 2.354e+01
E 007 013 3.053e+01
E 007 014 1.970e+01
E 007 015 4.393e+01
E 007 016 8.186e+01
E 007 017 1.655e+01
E 008 009 4.245e+01
E 008 011 4.965e+01
E 008 013 8.246e+00
E 008 014 6.000e+00
E 008 015 5.316e+01
E 008 016 8.273e+01
E 009 011 1.005e+01
E 009 012 3.748e+01
E 009 014 3.860e+01
E 009 015 2.441e+01
E 009 018 1.612e+01
E 010 019 2.530e+01
E 011 018 2.563e+01
E 011 015 1.640e+01
E 012 013 7.558e+01
E 012 015 5.725e+01
E 012 017 3.612e+01
E 013 016 9.045e+01
E 013 019 5.982e+01
E 014 018 3.536e+01
E 014 019 4.860e+01
E 016 018 8.080e+01
E 016 019 6.297e+01
E 018 019 2.209e+01
