N 000 087 081 5.169e-01
N 001 061 018 1.630e-01
N 002 010 053 8.030e-01
N 003 024 059 4.096e-01
N 004 020 092 3.159e-01
N 005 097 057 1.594e-03
N 006 069 018 4.291e-02
N 007 030 022 6.266e-01
N 008 074 087 6.323e-01
N 009 010 085 6.489e-01
N 010 038 019 1.474e-01
N 011 043 074 7.987e-01
N 012 046 025 5.479e-01
N 013 039 078 9.105e-01
N 014 001 008 5.202e-01
N 015 059 072 3.418e-01
N 016 051 091 6.067e-01
N 017 002 095 8.594e-01
N 018 070 033 3.285e-01
N 019 087 034 9.129e-01
E 000 004 6.790e+01
E 000 007 8.204e+01
E 000 009 7.710e+01
E 000 010 7.903e+01
E 000 012 6.940e+01
E 000 015 2.941e+01
E 000 018 5.092e+01
E 001 003 5.523e+01
E 001 004 8.460e+01
E 001 005 5.308e+01
E 001 009 8.420e+01
E 001 010 2.302e+01
E 001 011 5.882e+01
E 001 013 6.391e+01
E 001 016 7.368e+01
E 001 018 1.749e+01
E 002 018 6.325e+01
E 002 004 4.026e+01
E 002 013 3.829e+01
E 002 014 4.589e+01
E 003 011 2.421e+01
E 003 013 2.421e+01
E 003 017 4.219e+01
E 004 005 8.458e+01
E 004 007 7.071e+01
E 004 011 2.921e+01
E 005 006 4.801e+01
E 005 008 3.780e+01
E 005 012 6.021e+01
E 005 013 6.168e+01
E 005 015 4.085e+01
E 006 016 7.519e+01
E 006 011 6.174e+01
E 007 008 7.849e+01
E 007 009 6.610e+01
E 007 012 1.628e+01
E 007 014 3.220e+01
E 007 016 7.212e+01
E 007 017 7.819e+01
E 007 018 4.148e+01
E 008 012 6.803e+01
E 008 014 1.076e+02
E 009 014 7.752e+01
E 009 018 7.940e+01
E 009 019 9.236e+01
E 010 011 5.523e+01
E 010 013 5.901e+01
E 010 019 5.124e+01
E 011 015 1.612e+01
E 011 016 1.879e+01
E 011 019 5.946e+01
E 012 013 5.346e+01
E 013 019 6.512e+01
E 014 017 8.701e+01
E 015 016 2.062e+01
E 015 017 6.147e+01
E 015 019 4.720e+01
E 016 017 4.916e+01
E 016 019 6.742e+01
E 017 018 9.202e+01
