N 000 007 053 6.511e-01
N 001 045 082 4.820e-01
N 002 009 044 3.884e-01
N 003 090 058 9.628e-01
N 004 024 052 5.582e-01
N 005 031 057 3.273e-01
N 006 000 011 5.537e-01
N 007 043 027 3.341e-01
N 008 049 080 7.603e-01
N 009 088 002 1.942e-01
N 010 016 093 9.944e-01
N 011 028 099 2.508e-01
N 012 026 051 5.304e-01
N 013 018 074 7.491e-01
N 014 056 002 8.113e-01
N 015 052 069 5.364e-01
N 016 081 024 9.949e-01
N 017 020 025 2.477e-01
N 018 030 016 6.386e-01
N 019 002 080 9.710e-01
E 000 001 4.780e+01
E 000 003 8.315e+01
E 000 004 1.703e+01
E 000 008 4.993e+01
E 000 011 5.057e+01
E 000 012 1.910e+01
E 000 016 7.948e+01
E 001 007 5.504e+01
E 001 008 4.472e+00
E 001 012 3.636e+01
E 001 017 6.224e+01
E 001 019 4.305e+01
E 002 003 8.220e+01
E 002 007 3.801e+01
E 002 011 5.819e+01
E 002 015 4.974e+01
E 002 017 2.195e+01
E 002 018 3.500e+01
E 003 010 8.186e+01
E 003 014 6.551e+01
E 003 015 3.956e+01
E 003 017 7.739e+01
E 004 005 8.602e+00
E 004 009 8.122e+01
E 004 011 4.717e+01
E 004 014 5.936e+01
E 004 016 6.351e+01
E 005 008 2.921e+01
E 005 015 2.419e+01
E 006 007 4.588e+01
E 006 009 8.846e+01
E 006 011 9.235e+01
E 006 013 6.552e+01
E 006 014 5.672e+01
E 006 018 3.041e+01
E 007 014 2.818e+01
E 007 013 5.324e+01
E 008 011 2.832e+01
E 008 013 3.158e+01
E 008 015 1.140e+01
E 008 017 6.218e+01
E 008 019 4.700e+01
E 009 012 7.903e+01
E 009 014 3.200e+01
E 009 015 7.606e+01
E 010 011 1.342e+01
E 010 018 7.826e+01
E 010 012 4.317e+01
E 010 013 1.910e+01
E 011 013 2.693e+01
E 011 014 1.010e+02
E 011 015 3.842e+01
E 011 017 7.443e+01
E 011 018 8.302e+01
E 011 019 3.220e+01
E 012 017 2.668e+01
E 013 016 8.043e+01
E 014 015 6.712e+01
E 015 016 5.354e+01
E 016 019 9.683e+01
