N 000 003 049 1.060e-01
N 001 020 071 6.792e-01
N 002 053 043 8.580e-01
N 003 051 069 3.906e-01
N 004 012 095 2.653e-01
N 005 087 090 8.988e-01
N 006 010 063 3.000e-01
N 007 029 079 3.397e-01
N 008 096 062 1.587e-01
N 009 049 017 1.099e-01
N 010 078 055 9.360e-01
N 011 005 022 2.064e-01
N 012 077 001 4.284e-01
N 013 054 046 6.393e-01
N 014 008 004 3.677e-01
N 015 052 075 2.549e-01
N 016 037 023 3.962e-01
N 017 068 087 5.567e-01
N 018 030 002 9.708e-02
N 019 067 066 5.945e-01
E 000 002 5.036e+01
E 000 004 4.687e+01
E 000 006 1.565e+01
E 000 007 3.970e+01
E 000 009 5.604e+01
E 000 012 8.820e+01
E 000 013 5.109e+01
E 000 018 5.420e+01
E 001 002 4.328e+01
E 001 003 3.106e+01
E 001 004 2.530e+01
E 001 005 6.964e+01
E 001 006 1.281e+01
E 001 007 1.204e+01
E 001 015 3.225e+01
E 001 016 5.092e+01
E 001 017 5.060e+01
E 001 018 6.972e+01
E 002 011 5.239e+01
E 002 004 6.622e+01
E 002 012 4.837e+01
E 003 005 4.168e+01
E 003 007 2.417e+01
E 003 009 5.204e+01
E 003 010 3.041e+01
E 003 011 6.576e+01
E 003 014 7.794e+01
E 003 015 6.083e+00
E 003 019 1.628e+01
E 004 007 2.335e+01
E 004 010 7.718e+01
E 004 019 6.218e+01
E 005 009 8.230e+01
E 005 010 3.614e+01
E 005 011 1.065e+02
E 005 018 1.048e+02
E 006 018 6.420e+01
E 006 009 6.031e+01
E 007 008 6.912e+01
E 007 009 6.515e+01
E 008 019 2.927e+01
E 008 009 6.507e+01
E 008 011 9.940e+01
E 009 011 4.428e+01
E 009 014 4.301e+01
E 009 016 1.342e+01
E 010 012 5.401e+01
E 010 014 8.661e+01
E 010 015 3.280e+01
E 010 017 3.353e+01
E 011 013 5.456e+01
E 011 015 7.084e+01
E 011 017 9.052e+01
E 012 019 6.576e+01
E 012 018 4.701e+01
E 013 018 5.012e+01
E 014 016 3.467e+01
E 014 017 1.024e+02
E 014 018 2.209e+01
E 017 018 9.311e+01
