N 000 028 022 9.425e-02
N 001 052 011 2.754e-01
N 002 092 075 7.417e-01
N 003 014 088 7.908e-01
N 004 054 046 2.177e-01
N 005 010 067 9.277e-01
N 006 040 001 1.370e-01
N 007 061 067 2.212e-01
N 008 021 029 4.248e-01
N 009 049 067 7.746e-01
N 010 014 014 3.976e-01
N 011 061 075 2.328e-01
N 012 057 045 4.371e-01
N 013 068 078 5.175e-01
N 014 053 061 9.479e-01
N 015 005 066 5.750e-01
N 016 092 030 4.138e-01
N 017 067 060 7.037e-01
N 018 047 071 7.619e-01
N 019 005 065 8.809e-01
E 000 017 5.445e+01
E 000 003 6.747e+01
E 000 012 3.701e+01
E 001 016 4.428e+01
E 001 002 7.547e+01
E 001 004 3.506e+01
E 001 005 7.000e+01
E 001 007 5.672e+01
E 002 008 8.460e+01
E 002 003 7.908e+01
E 002 005 8.239e+01
E 002 019 8.757e+01
E 003 004 5.800e+01
E 003 005 2.138e+01
E 003 006 9.080e+01
E 003 010 7.400e+01
E 003 012 6.081e+01
E 003 013 5.492e+01
E 003 014 4.743e+01
E 003 016 9.720e+01
E 003 017 5.994e+01
E 003 019 2.470e+01
E 004 005 4.875e+01
E 004 006 4.713e+01
E 004 009 2.159e+01
E 004 011 2.983e+01
E 004 014 1.503e+01
E 004 018 2.596e+01
E 005 006 7.250e+01
E 005 008 3.956e+01
E 005 010 5.315e+01
E 005 013 5.903e+01
E 005 015 5.099e+00
E 005 017 5.743e+01
E 005 018 3.722e+01
E 006 008 3.384e+01
E 006 014 6.139e+01
E 006 018 7.035e+01
E 007 008 5.517e+01
E 007 012 2.236e+01
E 008 012 3.940e+01
E 008 015 4.031e+01
E 008 016 7.101e+01
E 009 016 5.673e+01
E 009 017 1.931e+01
E 009 010 6.351e+01
E 009 019 4.405e+01
E 010 012 5.301e+01
E 010 014 6.107e+01
E 011 014 1.612e+01
E 012 015 5.608e+01
E 012 016 3.808e+01
E 012 018 2.786e+01
E 013 018 2.214e+01
E 014 015 4.826e+01
E 014 016 4.982e+01
E 014 018 1.166e+01
E 014 019 4.817e+01
E 015 017 6.229e+01
E 017 019 6.220e+01
