N 000 026 075 7.388e-01
N 001 071 052 5.091e-01
N 002 082 042 4.668e-01
N 003 004 034 3.631e-01
N 004 006 077 3.815e-02
N 005 075 049 1.621e-01
N 006 011 035 2.988e-01
N 007 096 038 2.904e-01
N 008 055 017 3.954e-01
N 009 083 005 6.698e-02
N 010 066 062 6.018e-01
N 011 016 028 4.810e-01
N 012 073 010 6.076e-01
N 013 053 060 1.467e-01
N 014 091 060 6.513e-01
N 015 020 076 1.633e-01
N 016 078 023 8.823e-01
N 017 063 070 2.048e-01
N 018 034 072 2.990e-01
N 019 000 099 4.205e-01
E 000 002 6.500e+01
E 000 003 4.653e+01
E 000 005 5.547e+01
E 001 008 3.848e+01
E 001 015 5.636e+01
E 001 012 4.205e+01
E 001 006 6.236e+01
E 001 007 2.865e+01
E 002 005 9.899e+00
E 002 006 7.134e+01
E 002 007 1.456e+01
E 002 008 3.680e+01
E 002 019 9.986e+01
E 003 004 4.305e+01
E 003 007 9.209e+01
E 003 009 8.415e+01
E 003 013 5.547e+01
E 003 014 9.080e+01
E 003 015 4.494e+01
E 004 008 7.747e+01
E 004 007 9.809e+01
E 005 006 6.551e+01
E 005 008 3.774e+01
E 005 009 4.472e+01
E 005 011 6.263e+01
E 005 012 3.905e+01
E 005 015 6.127e+01
E 005 016 2.617e+01
E 006 008 4.754e+01
E 006 014 8.382e+01
E 006 017 6.268e+01
E 006 019 6.494e+01
E 007 008 4.607e+01
E 007 013 4.830e+01
E 007 014 2.256e+01
E 007 017 4.597e+01
E 007 018 7.071e+01
E 008 012 1.931e+01
E 008 013 4.305e+01
E 008 019 9.874e+01
E 009 013 6.265e+01
E 009 016 1.868e+01
E 009 017 6.801e+01
E 009 019 1.254e+02
E 010 012 5.247e+01
E 010 015 4.808e+01
E 011 017 6.303e+01
E 011 018 4.754e+01
E 011 019 7.278e+01
E 011 014 8.154e+01
E 012 014 5.314e+01
E 012 016 1.393e+01
E 013 014 3.800e+01
E 013 017 1.414e+01
E 013 018 2.247e+01
E 014 015 7.278e+01
E 015 017 4.342e+01
E 015 019 3.048e+01
E 017 019 6.935e+01
E 018 019 4.342e+01
