N 000 060 059 3.149e-01
N 001 032 094 1.063e-01
N 002 065 089 2.939e-01
N 003 069 003 3.133e-01
N 004 081 013 3.332e-01
N 005 048 081 4.291e-01
N 006 091 091 9.724e-01
N 007 072 039 2.754e-01
N 008 067 087 8.954e-01
N 009 023 054 4.852e-01
N 010 048 076 3.708e-01
N 011 033 070 5.392e-01
N 012 010 062 8.784e-01
N 013 057 033 5.655e-01
N 014 003 046 1.839e-01
N 015 076 065 7.593e-03
N 016 043 033 1.029e-01
N 017 056 059 7.411e-01
N 018 049 000 1.476e-01
N 019 031 066 6.705e-01
E 000 001 4.482e+01
E 000 002 3.041e+01
E 000 003 5.672e+01
E 000 007 2.332e+01
E 000 009 3.734e+01
E 000 011 2.915e+01
E 000 012 5.009e+01
E 000 017 4.000e+00
E 001 002 3.338e+01
E 001 007 6.801e+01
E 001 009 4.100e+01
E 001 010 2.408e+01
E 001 014 5.608e+01
E 001 015 5.270e+01
E 001 016 6.198e+01
E 002 009 5.467e+01
E 002 011 3.722e+01
E 002 012 6.127e+01
E 002 017 3.132e+01
E 002 019 4.105e+01
E 003 004 1.562e+01
E 003 006 9.071e+01
E 003 012 8.344e+01
E 003 013 3.231e+01
E 003 019 7.357e+01
E 004 008 7.531e+01
E 004 016 4.294e+01
E 004 013 3.124e+01
E 005 016 4.826e+01
E 005 009 3.680e+01
E 005 012 4.249e+01
E 005 014 5.701e+01
E 005 006 4.415e+01
E 006 010 4.554e+01
E 006 013 6.723e+01
E 006 014 9.884e+01
E 006 019 6.500e+01
E 007 011 4.982e+01
E 007 008 4.826e+01
E 008 012 6.224e+01
E 008 013 5.492e+01
E 008 014 7.601e+01
E 008 015 2.377e+01
E 008 016 5.909e+01
E 009 010 3.330e+01
E 009 011 1.887e+01
E 009 014 2.154e+01
E 009 019 1.442e+01
E 010 011 1.616e+01
E 010 017 1.879e+01
E 011 015 4.329e+01
E 012 014 1.746e+01
E 013 016 1.400e+01
E 014 016 4.206e+01
E 014 018 6.505e+01
E 014 019 3.441e+01
E 015 016 4.597e+01
E 015 017 2.088e+01
E 016 019 3.511e+01
E 017 019 2.596e+01
