N 000 084 048 4.473e-01
N 001 025 000 2.582e-01
N 002 008 091 6.553e-01
N 003 027 092 7.672e-01
N 004 046 010 8.422e-01
N 005 000 081 8.449e-01
N 006 003 063 1.414e-02
N 007 010 090 1.685e-02
N 008 090 069 9.025e-01
N 009 097 088 7.296e-01
N 010 098 064 2.733e-01
N 011 032 061 3.690e-01
N 012 059 060 6.984e-01
N 013 097 015 6.398e-01
N 014 048 065 3.816e-01
N 015 040 072 7.892e-01
N 016 092 059 2.105e-01
N 017 026 035 1.057e-01
N 018 014 056 9.073e-01
N 019 087 056 5.017e-01
E 000 002 8.732e+01
E 000 004 5.374e+01
E 000 006 8.238e+01
E 000 007 8.509e+01
E 000 009 4.206e+01
E 000 011 5.360e+01
E 000 012 2.773e+01
E 000 015 5.012e+01
E 000 016 1.360e+01
E 000 019 8.544e+00
E 001 003 9.202e+01
E 001 004 2.326e+01
E 001 008 9.479e+01
E 001 012 6.896e+01
E 001 013 7.355e+01
E 001 015 7.355e+01
E 002 006 2.844e+01
E 002 007 2.236e+00
E 002 011 3.842e+01
E 002 016 8.989e+01
E 002 017 5.882e+01
E 003 019 6.997e+01
E 003 011 3.140e+01
E 003 012 4.525e+01
E 003 013 1.041e+02
E 004 005 8.460e+01
E 004 007 8.773e+01
E 004 009 9.319e+01
E 004 014 5.504e+01
E 005 008 9.080e+01
E 006 017 3.624e+01
E 006 010 9.501e+01
E 007 008 8.271e+01
E 007 009 8.702e+01
E 007 011 3.640e+01
E 007 017 5.728e+01
E 008 011 5.855e+01
E 008 013 5.445e+01
E 008 018 7.710e+01
E 009 011 7.038e+01
E 009 017 8.860e+01
E 009 018 8.896e+01
E 009 019 3.353e+01
E 010 012 3.920e+01
E 010 014 5.001e+01
E 010 015 5.855e+01
E 010 018 8.438e+01
E 010 019 1.360e+01
E 011 013 7.963e+01
E 011 016 6.003e+01
E 011 017 2.668e+01
E 011 019 5.523e+01
E 012 017 4.140e+01
E 012 018 4.518e+01
E 012 019 2.828e+01
E 014 016 4.441e+01
E 014 017 3.720e+01
E 015 017 3.956e+01
E 016 017 7.023e+01
E 017 019 6.451e+01
