N 000 046 040 8.364e-01
N 001 029 060 5.190e-01
N 002 010 075 6.743e-01
N 003 035 019 7.406e-01
N 004 097 033 7.391e-01
N 005 000 092 3.293e-01
N 006 078 065 1.840e-01
N 007 049 001 3.666e-01
N 008 048 054 6.704e-01
N 009 070 026 9.057e-01
N 010 026 074 1.824e-01
N 011 064 031 7.843e-01
N 012 083 067 9.600e-01
N 013 036 001 4.648e-01
N 014 079 078 9.021e-01
N 015 049 080 9.955e-01
N 016 056 076 9.298e-01
N 017 020 092 5.593e-01
N 018 029 095 4.396e-01
N 019 036 077 1.486e-01
E 000 008 1.414e+01
E 000 004 5.148e+01
E 000 006 4.061e+01
E 000 015 4.011e+01
E 001 016 3.138e+01
E 001 009 5.326e+01
E 001 019 1.838e+01
E 001 014 5.314e+01
E 001 007 6.230e+01
E 002 004 9.661e+01
E 002 005 1.972e+01
E 002 010 1.603e+01
E 002 012 7.344e+01
E 002 016 4.601e+01
E 002 017 1.972e+01
E 003 015 6.259e+01
E 003 006 6.297e+01
E 003 007 2.280e+01
E 004 013 6.888e+01
E 004 015 6.718e+01
E 004 016 5.941e+01
E 004 018 9.202e+01
E 004 019 7.521e+01
E 005 018 2.915e+01
E 006 007 7.026e+01
E 006 009 3.981e+01
E 006 011 3.677e+01
E 006 012 5.385e+00
E 006 016 2.460e+01
E 006 018 5.745e+01
E 007 008 5.301e+01
E 007 009 3.265e+01
E 007 010 7.654e+01
E 007 012 7.424e+01
E 007 014 8.264e+01
E 007 015 7.900e+01
E 007 017 9.551e+01
E 007 018 9.610e+01
E 008 010 2.973e+01
E 008 011 2.802e+01
E 008 017 4.720e+01
E 008 018 4.519e+01
E 009 010 6.512e+01
E 009 012 4.301e+01
E 009 016 5.192e+01
E 009 018 8.026e+01
E 010 014 5.315e+01
E 010 015 2.377e+01
E 010 018 2.121e+01
E 011 016 4.571e+01
E 011 018 7.295e+01
E 011 015 5.124e+01
E 012 013 8.102e+01
E 012 014 1.170e+01
E 012 016 2.846e+01
E 013 014 8.819e+01
E 013 015 8.006e+01
E 014 016 2.309e+01
E 016 018 3.302e+01
E 017 018 9.487e+00
