N 000 066 080 7.419e-01
N 001 024 040 1.797e-01
N 002 083 020 8.633e-01
N 003 061 020 9.601e-01
N 004 023 029 4.421e-01
N 005 034 087 5.459e-02
N 006 092 017 6.440e-01
N 007 099 023 5.045e-01
N 008 067 032 4.259e-01
N 009 098 005 6.783e-01
N 010 051 089 4.880e-01
N 011 032 002 1.300e-01
N 012 062 012 7.916e-01
N 013 047 016 9.949e-01
N 014 049 026 7.592e-01
N 015 058 020 1.542e-01
N 016 020 077 1.439e-01
N 017 060 000 1.868e-01
N 018 017 051 3.579e-01
N 019 074 016 9.023e-01
E 000 001 5.800e+01
E 000 007 6.586e+01
E 000 008 4.801e+01
E 000 009 8.154e+01
E 000 010 1.749e+01
E 000 016 4.610e+01
E 001 002 6.230e+01
E 001 018 1.304e+01
E 001 010 5.595e+01
E 001 014 2.865e+01
E 002 004 6.067e+01
E 002 007 1.628e+01
E 002 014 3.453e+01
E 002 016 8.496e+01
E 002 017 3.048e+01
E 003 008 1.342e+01
E 003 009 3.992e+01
E 003 004 3.905e+01
E 003 016 7.021e+01
E 003 007 3.812e+01
E 004 006 7.004e+01
E 004 007 7.624e+01
E 004 008 4.410e+01
E 004 010 6.621e+01
E 004 014 2.617e+01
E 004 018 2.280e+01
E 004 019 5.263e+01
E 005 008 6.414e+01
E 005 009 1.040e+02
E 005 012 8.006e+01
E 005 013 7.218e+01
E 005 016 1.720e+01
E 005 018 3.981e+01
E 006 007 9.220e+00
E 006 009 1.342e+01
E 006 012 3.041e+01
E 006 013 4.501e+01
E 006 016 9.372e+01
E 007 008 3.324e+01
E 007 009 1.803e+01
E 007 016 9.569e+01
E 007 019 2.596e+01
E 008 015 1.500e+01
E 008 016 6.507e+01
E 008 017 3.276e+01
E 008 019 1.746e+01
E 009 013 5.217e+01
E 009 017 3.833e+01
E 010 012 7.778e+01
E 010 015 6.935e+01
E 010 016 3.324e+01
E 010 017 8.945e+01
E 010 019 7.654e+01
E 011 016 7.595e+01
E 011 015 3.162e+01
E 012 019 1.265e+01
E 013 014 1.020e+01
E 015 017 2.010e+01
E 015 019 1.649e+01
E 016 017 8.677e+01
