N 000 082 061 1.504e-01
N 001 024 021 9.487e-01
N 002 097 092 1.197e-01
N 003 027 041 4.400e-01
N 004 085 089 7.758e-01
N 005 007 058 6.388e-01
N 006 089 063 7.935e-01
N 007 010 018 8.357e-01
N 008 018 004 6.538e-01
N 009 017 013 3.947e-01
N 010 027 046 8.793e-01
N 011 044 059 9.759e-01
N 012 023 078 4.918e-02
N 013 046 076 6.095e-02
N 014 078 072 6.320e-01
N 015 083 022 8.600e-02
N 016 078 081 5.903e-03
N 017 015 018 6.366e-01
N 018 050 017 4.461e-01
N 019 058 073 3.089e-01
E 000 001 7.046e+01
E 000 003 5.852e+01
E 000 004 2.816e+01
E 000 016 2.040e+01
E 000 018 5.441e+01
E 000 019 2.683e+01
E 001 003 2.022e+01
E 001 004 9.135e+01
E 001 005 4.072e+01
E 001 006 7.739e+01
E 001 012 5.701e+01
E 001 015 5.901e+01
E 002 008 1.183e+02
E 002 009 1.124e+02
E 002 010 8.376e+01
E 002 014 2.759e+01
E 002 015 7.139e+01
E 003 006 6.579e+01
E 003 009 2.973e+01
E 003 010 5.000e+00
E 003 017 2.594e+01
E 004 005 8.393e+01
E 004 009 1.020e+02
E 004 014 1.838e+01
E 004 016 1.063e+01
E 004 017 9.970e+01
E 004 018 8.006e+01
E 005 008 5.511e+01
E 005 009 4.610e+01
E 005 010 2.332e+01
E 005 014 7.237e+01
E 005 015 8.410e+01
E 005 016 7.463e+01
E 006 011 4.518e+01
E 006 015 4.144e+01
E 006 007 9.092e+01
E 007 010 3.276e+01
E 007 011 5.326e+01
E 007 013 6.826e+01
E 008 010 4.295e+01
E 008 016 9.762e+01
E 008 017 1.432e+01
E 008 019 7.976e+01
E 009 011 5.334e+01
E 009 014 8.486e+01
E 009 018 3.324e+01
E 010 011 2.140e+01
E 010 013 3.551e+01
E 010 019 4.111e+01
E 011 013 1.712e+01
E 012 019 3.536e+01
E 013 014 3.225e+01
E 013 015 6.546e+01
E 013 016 3.239e+01
E 013 017 6.576e+01
E 015 017 6.812e+01
E 015 019 5.680e+01
E 016 017 8.910e+01
E 017 019 6.981e+01
E 018 019 5.657e+01
