N 000 030 035 3.586e-01
N 001 029 051 5.003e-01
N 002 025 079 4.017e-01
N 003 053 077 2.648e-01
N 004 030 095 5.751e-01
N 005 099 045 9.335e-01
N 006 050 005 7.892e-01
N 007 047 021 3.190e-02
N 008 050 075 3.934e-01
N 009 058 017 5.981e-02
N 010 038 043 1.639e-01
N 011 073 086 9.330e-01
N 012 070 025 2.104e-01
N 013 016 057 3.967e-01
N 014 018 062 9.987e-01
N 015 016 086 3.948e-01
N 016 063 052 4.736e-01
N 017 011 086 3.343e-01
N 018 002 090 7.813e-01
N 019 018 012 4.268e-02
E 000 006 3.606e+01
E 000 008 4.472e+01
E 000 012 4.123e+01
E 000 013 2.608e+01
E 000 014 2.955e+01
E 000 015 5.289e+01
E 000 017 5.442e+01
E 000 018 6.172e+01
E 001 005 7.026e+01
E 001 007 3.499e+01
E 001 009 4.469e+01
E 001 010 1.204e+01
E 001 012 4.855e+01
E 001 015 3.734e+01
E 001 019 4.052e+01
E 002 003 2.807e+01
E 002 005 8.144e+01
E 002 010 3.828e+01
E 002 011 4.851e+01
E 002 013 2.377e+01
E 002 015 1.140e+01
E 003 010 3.716e+01
E 003 006 7.206e+01
E 003 015 3.808e+01
E 004 006 9.220e+01
E 004 010 5.261e+01
E 004 011 4.393e+01
E 004 015 1.664e+01
E 004 017 2.102e+01
E 004 018 2.844e+01
E 005 006 6.325e+01
E 005 007 5.727e+01
E 005 011 4.855e+01
E 005 014 8.276e+01
E 005 017 9.708e+01
E 005 018 1.069e+02
E 006 007 1.628e+01
E 007 008 5.408e+01
E 007 009 1.170e+01
E 007 011 7.001e+01
E 007 014 5.022e+01
E 007 018 8.238e+01
E 008 010 3.418e+01
E 008 013 3.847e+01
E 008 016 2.642e+01
E 008 018 5.029e+01
E 009 019 4.031e+01
E 009 012 1.442e+01
E 011 012 6.107e+01
E 011 015 5.700e+01
E 011 016 3.544e+01
E 011 019 9.220e+01
E 012 018 9.407e+01
E 013 019 4.504e+01
E 013 018 3.585e+01
E 014 017 2.500e+01
E 015 017 5.000e+00
E 016 017 6.213e+01
E 017 018 9.849e+00
E 018 019 7.962e+01
