N 000 071 003 7.337e-02
N 001 034 084 5.714e-01
N 002 097 005 8.440e-01
N 003 038 021 5.924e-01
N 004 084 015 4.172e-01
N 005 063 092 3.433e-01
N 006 053 094 8.588e-01
N 007 041 097 3.150e-01
N 008 074 030 1.974e-01
N 009 078 013 8.196e-01
N 010 040 049 7.720e-01
N 011 064 008 5.726e-01
N 012 098 007 4.872e-01
N 013 025 032 8.965e-01
N 014 032 022 1.125e-01
N 015 046 053 5.224e-01
N 016 063 055 2.263e-01
N 017 014 070 5.875e-01
N 018 061 070 8.683e-01
N 019 058 067 3.478e-01
E 000 006 9.276e+01
E 000 011 8.602e+00
E 000 013 5.438e+01
E 000 015 5.590e+01
E 000 016 5.261e+01
E 000 017 8.797e+01
E 001 002 1.010e+02
E 001 003 6.313e+01
E 001 006 2.147e+01
E 001 009 8.353e+01
E 001 011 8.171e+01
E 001 012 1.001e+02
E 001 014 6.203e+01
E 001 017 2.441e+01
E 001 018 3.041e+01
E 002 003 6.113e+01
E 002 006 9.928e+01
E 002 007 1.077e+02
E 002 008 3.397e+01
E 002 010 7.201e+01
E 003 004 4.639e+01
E 003 011 2.907e+01
E 003 012 6.161e+01
E 003 015 3.298e+01
E 004 011 2.119e+01
E 004 016 4.518e+01
E 004 013 6.140e+01
E 004 015 5.374e+01
E 005 008 6.297e+01
E 005 009 8.041e+01
E 005 011 8.401e+01
E 005 013 7.102e+01
E 005 014 7.656e+01
E 006 010 4.684e+01
E 006 013 6.803e+01
E 006 014 7.500e+01
E 006 015 4.159e+01
E 007 008 7.469e+01
E 007 011 9.192e+01
E 008 009 1.746e+01
E 008 016 2.731e+01
E 008 019 4.031e+01
E 009 013 5.630e+01
E 009 015 5.122e+01
E 009 018 5.948e+01
E 010 013 2.267e+01
E 010 015 7.211e+00
E 010 016 2.377e+01
E 010 017 3.342e+01
E 010 018 2.970e+01
E 010 019 2.546e+01
E 011 012 3.401e+01
E 012 014 6.768e+01
E 012 016 5.941e+01
E 012 018 7.306e+01
E 012 019 7.211e+01
E 013 017 3.956e+01
E 015 017 3.624e+01
E 016 019 1.300e+01
E 017 018 4.700e+01
