N 000 060 048 9.368e-01
N 001 042 079 9.703e-01
N 002 045 000 1.795e-01
N 003 093 086 2.247e-02
N 004 012 007 3.355e-01
N 005 098 032 9.041e-01
N 006 089 094 6.455e-01
N 007 083 086 9.228e-01
N 008 096 079 1.004e-01
N 009 063 095 3.879e-01
N 010 042 025 1.564e-01
N 011 011 006 5.188e-01
N 012 089 045 8.432e-01
N 013 065 012 5.732e-01
N 014 015 067 5.206e-01
N 015 008 059 8.019e-02
N 016 075 021 2.787e-01
N 017 094 002 4.398e-01
N 018 047 055 2.637e-01
N 019 053 094 5.821e-01
E 000 003 5.033e+01
E 000 006 5.438e+01
E 000 011 6.454e+01
E 000 014 4.885e+01
E 000 015 5.315e+01
E 000 017 5.720e+01
E 000 019 4.653e+01
E 001 008 5.400e+01
E 001 009 2.640e+01
E 001 011 7.931e+01
E 001 004 7.800e+01
E 001 013 7.084e+01
E 002 005 6.191e+01
E 002 007 9.402e+01
E 002 013 2.332e+01
E 002 015 6.964e+01
E 002 016 3.662e+01
E 002 019 9.434e+01
E 003 005 5.423e+01
E 003 006 8.944e+00
E 003 010 7.951e+01
E 003 011 1.146e+02
E 003 012 4.119e+01
E 003 015 8.919e+01
E 004 010 3.499e+01
E 004 014 6.007e+01
E 004 015 5.215e+01
E 004 018 5.941e+01
E 004 019 9.618e+01
E 005 007 5.604e+01
E 005 012 1.581e+01
E 005 014 9.008e+01
E 005 019 7.661e+01
E 006 008 1.655e+01
E 006 011 1.176e+02
E 006 012 4.900e+01
E 006 014 7.877e+01
E 006 018 5.731e+01
E 006 019 3.600e+01
E 007 008 1.476e+01
E 007 017 8.472e+01
E 007 018 4.751e+01
E 007 019 3.105e+01
E 008 012 3.471e+01
E 008 015 9.024e+01
E 008 018 5.456e+01
E 009 016 7.497e+01
E 009 012 5.636e+01
E 010 011 3.636e+01
E 010 015 4.808e+01
E 010 017 5.686e+01
E 010 018 3.041e+01
E 011 012 8.721e+01
E 011 015 5.308e+01
E 011 016 6.573e+01
E 011 017 8.310e+01
E 012 016 2.778e+01
E 013 017 3.068e+01
E 015 016 7.703e+01
E 015 019 5.701e+01
