N 000 046 067 7.759e-01
N 001 059 023 8.738e-01
N 002 023 092 5.040e-01
N 003 050 021 8.767e-02
N 004 062 092 9.549e-01
N 005 039 000 9.874e-01
N 006 043 033 2.675e-01
N 007 051 070 3.545e-01
N 008 058 061 3.767e-01
N 009 006 053 8.466e-01
N 010 032 010 2.864e-01
N 011 037 077 7.424e-01
N 012 024 098 3.393e-01
N 013 015 026 8.244e-01
N 014 004 012 2.177e-01
N 015 018 072 1.875e-01
N 016 031 000 8.972e-01
N 017 026 099 4.369e-01
N 018 097 023 6.815e-01
N 019 046 047 5.546e-01
E 000 002 3.397e+01
E 000 003 4.617e+01
E 000 004 2.968e+01
E 000 007 5.831e+00
E 000 012 3.801e+01
E 000 013 5.140e+01
E 001 003 9.220e+00
E 001 006 1.887e+01
E 001 008 3.801e+01
E 001 011 5.831e+01
E 001 013 4.410e+01
E 001 019 2.729e+01
E 002 019 5.054e+01
E 002 003 7.596e+01
E 002 005 9.338e+01
E 002 013 6.648e+01
E 003 006 1.389e+01
E 003 010 2.110e+01
E 003 013 3.536e+01
E 003 016 2.832e+01
E 003 019 2.631e+01
E 004 014 9.881e+01
E 004 006 6.198e+01
E 005 009 6.243e+01
E 005 014 3.700e+01
E 006 008 3.176e+01
E 006 009 4.206e+01
E 006 010 2.550e+01
E 006 013 2.886e+01
E 006 015 4.632e+01
E 006 018 5.492e+01
E 007 010 6.294e+01
E 007 011 1.565e+01
E 007 013 5.685e+01
E 007 015 3.306e+01
E 007 019 2.354e+01
E 008 011 2.640e+01
E 008 012 5.025e+01
E 008 014 7.292e+01
E 008 016 6.671e+01
E 008 017 4.968e+01
E 009 016 5.860e+01
E 009 011 3.920e+01
E 009 012 4.847e+01
E 010 011 6.719e+01
E 010 013 2.335e+01
E 010 014 2.807e+01
E 010 015 6.356e+01
E 010 016 1.005e+01
E 010 018 6.629e+01
E 011 013 5.554e+01
E 011 017 2.460e+01
E 013 014 1.780e+01
E 013 015 4.610e+01
E 013 017 7.382e+01
E 014 018 9.365e+01
E 016 019 4.934e+01
E 017 019 5.571e+01
E 017 018 1.040e+02
E 018 019 5.636e+01
