N 000 034 033 6.030e-01
N 001 064 067 7.812e-01
N 002 065 051 2.239e-01
N 003 035 087 2.471e-01
N 004 044 091 2.752e-02
N 005 063 038 9.910e-01
N 006 093 082 7.363e-01
N 007 069 050 4.353e-01
N 008 041 094 8.826e-01
N 009 054 030 1.205e-01
N 010 014 094 9.223e-01
N 011 041 061 8.267e-01
N 012 072 050 2.154e-01
N 013 014 093 6.600e-01
N 014 053 061 8.604e-03
N 015 053 078 8.267e-01
N 016 074 056 5.307e-01
N 017 001 050 3.716e-01
N 018 040 012 9.321e-01
N 019 011 024 9.805e-01
E 000 001 4.534e+01
E 000 003 5.401e+01
E 000 007 3.891e+01
E 000 009 2.022e+01
E 000 011 2.886e+01
E 000 012 4.163e+01
E 000 013 6.325e+01
E 000 014 3.384e+01
E 000 015 4.885e+01
E 000 016 4.614e+01
E 001 004 3.124e+01
E 001 010 5.682e+01
E 001 011 2.377e+01
E 001 016 1.487e+01
E 001 017 6.525e+01
E 001 018 6.001e+01
E 001 019 6.825e+01
E 002 003 4.686e+01
E 002 004 4.518e+01
E 002 007 4.123e+00
E 002 010 6.671e+01
E 002 011 2.600e+01
E 002 014 1.562e+01
E 002 015 2.955e+01
E 003 007 5.025e+01
E 003 012 5.233e+01
E 003 016 4.982e+01
E 003 017 5.025e+01
E 003 018 7.517e+01
E 004 006 4.982e+01
E 004 007 4.802e+01
E 004 010 3.015e+01
E 004 015 1.581e+01
E 005 019 5.385e+01
E 005 011 3.183e+01
E 005 013 7.366e+01
E 005 007 1.342e+01
E 006 009 6.500e+01
E 006 017 9.741e+01
E 006 013 7.976e+01
E 006 015 4.020e+01
E 007 017 6.800e+01
E 007 018 4.780e+01
E 007 019 6.356e+01
E 008 019 7.616e+01
E 008 015 2.000e+01
E 009 016 3.280e+01
E 009 010 7.547e+01
E 009 012 2.691e+01
E 010 012 7.280e+01
E 010 018 8.602e+01
E 011 012 3.289e+01
E 011 016 3.338e+01
E 011 018 4.901e+01
E 012 013 7.220e+01
E 013 016 7.049e+01
E 013 018 8.507e+01
E 015 017 5.906e+01
E 016 018 5.561e+01
E 016 019 7.066e+01
