N 000 024 033 3.696e-02
N 001 019 056 9.966e-01
N 002 062 086 5.461e-01
N 003 077 007 8.446e-01
N 004 091 098 3.081e-01
N 005 090 040 2.767e-01
N 006 054 079 9.787e-01
N 007 008 000 8.745e-01
N 008 076 046 6.633e-01
N 009 079 085 3.296e-01
N 010 056 001 6.901e-01
N 011 017 013 2.316e-01
N 012 063 042 1.620e-01
N 013 026 002 9.461e-02
N 014 028 085 9.447e-01
N 015 066 027 4.038e-01
N 016 094 053 6.954e-01
N 017 025 074 9.861e-01
N 018 049 071 3.964e-01
N 019 019 068 7.510e-01
E 000 009 7.569e+01
E 000 018 4.549e+01
E 000 013 3.106e+01
E 000 006 5.492e+01
E 000 007 3.667e+01
E 001 003 7.593e+01
E 001 005 7.278e+01
E 001 006 4.188e+01
E 001 007 5.707e+01
E 001 009 6.664e+01
E 001 011 4.305e+01
E 001 015 5.523e+01
E 002 003 8.041e+01
E 002 004 3.138e+01
E 002 005 5.385e+01
E 002 006 1.063e+01
E 002 007 1.015e+02
E 002 009 1.703e+01
E 002 015 5.914e+01
E 003 004 9.207e+01
E 003 010 2.184e+01
E 003 013 5.124e+01
E 003 015 2.283e+01
E 003 018 6.986e+01
E 004 006 4.159e+01
E 004 008 5.412e+01
E 004 014 6.433e+01
E 004 015 7.527e+01
E 004 017 7.023e+01
E 004 018 4.993e+01
E 005 008 1.523e+01
E 005 014 7.661e+01
E 005 016 1.360e+01
E 005 017 7.336e+01
E 005 019 7.632e+01
E 006 010 7.803e+01
E 006 014 2.668e+01
E 006 016 4.771e+01
E 006 018 9.434e+00
E 007 008 8.210e+01
E 007 012 6.920e+01
E 007 014 8.732e+01
E 008 018 3.680e+01
E 009 016 3.534e+01
E 009 017 5.511e+01
E 010 011 4.080e+01
E 010 019 7.654e+01
E 010 015 2.786e+01
E 011 012 5.438e+01
E 011 014 7.284e+01
E 012 016 3.289e+01
E 012 017 4.968e+01
E 013 017 7.201e+01
E 013 018 7.273e+01
E 014 015 6.934e+01
E 014 018 2.524e+01
E 015 017 6.237e+01
E 015 018 4.717e+01
E 016 019 7.649e+01
E 017 018 2.419e+01
