N 000 063 018 1.418e-01
N 001 055 012 5.292e-01
N 002 075 067 1.963e-01
N 003 009 099 7.743e-01
N 004 076 087 2.672e-01
N 005 017 063 1.424e-02
N 006 025 009 9.398e-01
N 007 041 037 8.163e-01
N 008 062 064 1.055e-02
N 009 058 043 5.954e-02
N 010 070 007 8.724e-01
N 011 018 000 9.146e-02
N 012 063 014 1.149e-01
N 013 089 030 9.995e-01
N 014 017 094 8.533e-01
N 015 034 000 2.183e-01
N 016 093 063 4.104e-01
N 017 066 018 2.645e-01
N 018 049 040 1.604e-01
N 019 065 085 1.984e-01
E 000 007 2.907e+01
E 000 009 2.550e+01
E 000 010 1.304e+01
E 000 011 4.847e+01
E 000 015 3.413e+01
E 000 018 2.608e+01
E 000 019 6.703e+01
E 001 004 7.788e+01
E 001 005 6.360e+01
E 001 007 2.865e+01
E 001 011 3.890e+01
E 001 013 3.847e+01
E 001 018 2.864e+01
E 002 005 5.814e+01
E 002 006 7.658e+01
E 002 009 2.941e+01
E 002 011 8.797e+01
E 002 016 1.844e+01
E 002 018 3.748e+01
E 003 019 5.772e+01
E 003 010 1.104e+02
E 003 011 9.941e+01
E 003 012 1.007e+02
E 003 007 6.977e+01
E 004 005 6.369e+01
E 004 007 6.103e+01
E 004 013 5.846e+01
E 004 014 5.941e+01
E 004 017 6.972e+01
E 004 019 1.118e+01
E 005 010 7.710e+01
E 005 011 6.301e+01
E 005 014 3.100e+01
E 005 018 3.941e+01
E 005 019 5.280e+01
E 006 009 4.738e+01
E 006 019 8.588e+01
E 006 007 3.225e+01
E 007 009 1.803e+01
E 007 011 4.357e+01
E 007 013 4.851e+01
E 007 014 6.185e+01
E 008 009 2.138e+01
E 008 011 7.767e+01
E 008 013 4.342e+01
E 009 012 2.943e+01
E 009 015 4.924e+01
E 010 012 9.899e+00
E 010 013 2.983e+01
E 010 016 6.054e+01
E 011 012 4.713e+01
E 012 019 7.103e+01
E 013 014 9.633e+01
E 013 016 3.324e+01
E 013 017 2.594e+01
E 013 019 6.001e+01
E 015 019 9.048e+01
E 016 017 5.248e+01
E 016 019 3.561e+01
E 017 019 6.701e+01
