N 000 023 098 7.278e-01
N 001 085 086 4.623e-01
N 002 048 030 8.751e-01
N 003 093 029 2.908e-01
N 004 043 007 1.536e-01
N 005 025 088 5.740e-02
N 006 014 086 6.164e-01
N 007 025 036 9.663e-02
N 008 037 080 2.397e-01
N 009 026 032 5.150e-01
N 010 046 017 1.066e-01
N 011 013 016 4.025e-01
N 012 009 070 8.333e-01
N 013 098 061 9.871e-01
N 014 074 056 4.601e-01
N 015 046 066 4.725e-01
N 016 038 013 2.396e-01
N 017 046 098 3.675e-01
N 018 062 067 3.660e-02
N 019 018 010 1.522e-01
E 000 001 6.315e+01
E 000 003 9.829e+01
E 000 005 1.020e+01
E 000 007 6.203e+01
E 000 008 2.280e+01
E 000 012 3.130e+01
E 000 015 3.941e+01
E 000 017 2.300e+01
E 000 018 4.982e+01
E 001 002 6.712e+01
E 001 004 8.947e+01
E 001 007 7.810e+01
E 001 008 4.837e+01
E 001 009 7.998e+01
E 002 004 2.354e+01
E 002 009 2.209e+01
E 002 014 3.677e+01
E 002 018 3.956e+01
E 002 019 3.606e+01
E 003 004 5.463e+01
E 003 007 6.836e+01
E 003 009 6.707e+01
E 003 011 8.105e+01
E 003 012 9.347e+01
E 003 014 3.302e+01
E 004 005 8.298e+01
E 004 010 1.044e+01
E 004 011 3.132e+01
E 004 012 7.159e+01
E 004 013 7.708e+01
E 004 019 2.518e+01
E 005 006 1.118e+01
E 005 007 5.200e+01
E 005 009 5.601e+01
E 005 011 7.299e+01
E 005 013 7.783e+01
E 005 015 3.041e+01
E 005 018 4.254e+01
E 005 019 7.831e+01
E 006 015 3.774e+01
E 007 010 2.832e+01
E 007 013 7.716e+01
E 007 015 3.662e+01
E 007 017 6.546e+01
E 007 018 4.827e+01
E 007 019 2.693e+01
E 008 017 2.012e+01
E 008 016 6.701e+01
E 008 015 1.664e+01
E 009 011 2.062e+01
E 009 014 5.367e+01
E 010 012 6.464e+01
E 010 013 6.812e+01
E 010 016 8.944e+00
E 010 018 5.250e+01
E 011 014 7.295e+01
E 011 019 7.810e+00
E 012 016 6.395e+01
E 013 018 3.650e+01
E 016 017 8.538e+01
