N 000 047 082 6.520e-01
N 001 059 076 6.490e-01
N 002 070 023 7.211e-01
N 003 061 006 2.849e-02
N 004 075 008 4.148e-01
N 005 031 053 7.922e-02
N 006 099 028 2.193e-01
N 007 040 006 4.920e-01
N 008 023 010 3.725e-01
N 009 050 012 3.111e-01
N 010 067 052 5.348e-01
N 011 084 088 6.501e-02
N 012 056 080 8.363e-01
N 013 022 080 1.597e-01
N 014 053 089 1.698e-01
N 015 060 049 5.924e-01
N 016 042 049 6.126e-01
N 017 022 017 1.450e-01
N 018 003 099 9.541e-01
N 019 042 018 8.056e-01
E 000 002 6.332e+01
E 000 004 7.912e+01
E 000 006 7.497e+01
E 000 007 7.632e+01
E 000 008 7.589e+01
E 000 009 7.006e+01
E 000 013 2.508e+01
E 000 014 9.220e+00
E 001 002 5.413e+01
E 001 005 3.624e+01
E 001 006 6.248e+01
E 001 011 2.773e+01
E 001 012 5.000e+00
E 001 017 6.964e+01
E 002 003 1.924e+01
E 002 005 4.920e+01
E 002 007 3.448e+01
E 002 012 5.869e+01
E 002 017 4.837e+01
E 002 018 1.013e+02
E 003 010 4.639e+01
E 003 006 4.391e+01
E 004 008 5.204e+01
E 004 009 2.532e+01
E 004 013 8.940e+01
E 004 015 4.366e+01
E 004 016 5.263e+01
E 004 017 5.376e+01
E 005 019 3.669e+01
E 005 010 3.601e+01
E 005 009 4.519e+01
E 006 008 7.810e+01
E 006 009 5.155e+01
E 006 011 6.185e+01
E 006 012 6.748e+01
E 006 013 9.291e+01
E 007 008 1.746e+01
E 007 014 8.401e+01
E 007 015 4.742e+01
E 008 012 7.739e+01
E 009 011 8.326e+01
E 009 013 7.354e+01
E 009 016 3.785e+01
E 009 017 2.844e+01
E 010 019 4.220e+01
E 010 012 3.008e+01
E 011 018 8.174e+01
E 011 012 2.912e+01
E 012 016 3.401e+01
E 012 017 7.159e+01
E 012 019 6.356e+01
E 013 015 4.904e+01
E 013 018 2.687e+01
E 014 016 4.148e+01
E 014 018 5.099e+01
E 014 017 7.839e+01
E 015 017 4.968e+01
E 016 018 6.341e+01
E 017 018 8.417e+01
E 017 019 2.002e+01
