N 000 004 065 7.483e-01
N 001 032 034 8.455e-01
N 002 082 027 6.882e-01
N 003 030 038 4.697e-01
N 004 007 027 4.086e-01
N 005 095 083 4.483e-01
N 006 060 002 5.499e-01
N 007 035 097 6.480e-01
N 008 055 044 1.680e-01
N 009 085 019 6.995e-01
N 010 020 025 8.073e-01
N 011 016 087 4.342e-01
N 012 009 091 5.331e-01
N 013 055 080 2.071e-01
N 014 040 069 5.146e-02
N 015 010 036 5.152e-02
N 016 055 097 9.030e-01
N 017 030 019 1.336e-01
N 018 054 042 3.991e-01
N 019 046 067 4.518e-01
E 000 016 6.021e+01
E 000 001 4.177e+01
E 000 010 4.308e+01
E 000 009 9.315e+01
E 000 007 4.455e+01
E 001 004 2.596e+01
E 001 007 6.307e+01
E 001 008 2.508e+01
E 001 009 5.508e+01
E 001 010 1.500e+01
E 001 012 6.147e+01
E 001 015 2.209e+01
E 002 003 5.315e+01
E 002 004 7.500e+01
E 002 008 3.191e+01
E 002 009 8.544e+00
E 002 013 5.948e+01
E 002 015 7.256e+01
E 002 017 5.261e+01
E 002 018 3.176e+01
E 002 019 5.381e+01
E 003 009 5.819e+01
E 003 004 2.550e+01
E 003 007 5.921e+01
E 004 005 1.043e+02
E 004 008 5.092e+01
E 004 012 6.403e+01
E 004 014 5.341e+01
E 004 016 8.488e+01
E 004 018 4.934e+01
E 005 008 5.587e+01
E 005 018 5.798e+01
E 005 013 4.011e+01
E 006 009 3.023e+01
E 006 010 4.614e+01
E 006 011 9.571e+01
E 006 014 6.992e+01
E 006 017 3.448e+01
E 007 012 2.668e+01
E 007 013 2.625e+01
E 007 017 7.816e+01
E 008 016 5.300e+01
E 009 013 6.798e+01
E 009 014 6.727e+01
E 009 016 8.357e+01
E 010 011 6.213e+01
E 010 012 6.691e+01
E 011 016 4.026e+01
E 011 018 5.890e+01
E 011 013 3.962e+01
E 012 018 6.653e+01
E 013 014 1.860e+01
E 013 015 6.294e+01
E 013 017 6.592e+01
E 013 018 3.801e+01
E 014 016 3.176e+01
E 014 018 3.041e+01
E 015 017 2.625e+01
E 016 019 3.132e+01
E 018 019 2.625e+01
