N 000 034 068 1.963e-01
N 001 069 010 8.332e-01
N 002 080 011 5.341e-01
N 003 076 076 7.049e-01
N 004 064 049 3.411e-01
N 005 094 017 5.367e-01
N 006 064 073 1.358e-01
N 007 078 046 9.061e-02
N 008 009 089 3.667e-01
N 009 023 085 3.802e-01
N 010 018 035 4.812e-01
N 011 005 092 3.858e-01
N 012 070 065 8.187e-01
N 013 014 066 2.068e-01
N 014 078 094 8.503e-02
N 015 006 078 7.188e-01
N 016 067 004 9.760e-01
N 017 019 042 3.164e-01
N 018 025 017 6.701e-01
N 019 042 034 3.838e-01
E 000 009 2.025e+01
E 000 019 3.493e+01
E 000 017 3.002e+01
E 000 013 2.010e+01
E 000 007 4.919e+01
E 001 016 6.325e+00
E 001 012 5.501e+01
E 001 002 1.105e+01
E 001 004 3.932e+01
E 001 013 7.849e+01
E 002 005 1.523e+01
E 002 006 6.403e+01
E 002 009 9.341e+01
E 002 010 6.648e+01
E 002 012 5.492e+01
E 002 014 8.302e+01
E 002 018 5.533e+01
E 003 010 7.103e+01
E 003 014 1.811e+01
E 004 008 6.801e+01
E 004 010 4.808e+01
E 004 012 1.709e+01
E 004 014 4.713e+01
E 004 019 2.663e+01
E 005 006 6.353e+01
E 005 008 1.114e+02
E 005 011 1.164e+02
E 005 012 5.367e+01
E 005 013 9.381e+01
E 005 014 7.864e+01
E 005 015 1.071e+02
E 005 017 7.906e+01
E 005 018 6.900e+01
E 006 008 5.728e+01
E 006 015 5.822e+01
E 007 017 5.914e+01
E 007 012 2.062e+01
E 007 015 7.879e+01
E 008 014 6.918e+01
E 008 015 1.140e+01
E 008 018 7.376e+01
E 009 010 5.025e+01
E 009 011 1.931e+01
E 009 014 5.573e+01
E 009 015 1.838e+01
E 009 018 6.803e+01
E 010 012 6.003e+01
E 010 014 8.415e+01
E 010 017 7.071e+00
E 011 019 6.880e+01
E 011 013 2.751e+01
E 012 016 6.107e+01
E 012 017 5.595e+01
E 013 016 8.157e+01
E 013 017 2.452e+01
E 014 015 7.376e+01
E 014 019 6.997e+01
E 015 018 6.389e+01
E 016 019 3.905e+01
E 016 017 6.122e+01
