N 000 044 029 4.772e-01
N 001 093 008 8.889e-01
N 002 015 041 3.316e-01
N 003 028 042 9.996e-01
N 004 055 042 4.615e-01
N 005 029 018 7.398e-02
N 006 066 097 5.480e-01
N 007 017 004 4.504e-01
N 008 020 050 2.210e-01
N 009 075 014 3.241e-01
N 010 042 011 5.665e-01
N 011 080 076 7.052e-01
N 012 075 054 7.619e-01
N 013 009 034 5.253e-01
N 014 067 019 4.709e-01
N 015 046 001 8.118e-01
N 016 048 055 8.416e-01
N 017 005 018 2.020e-01
N 018 082 066 5.027e-01
N 019 095 007 2.954e-01
E 000 003 2.062e+01
E 000 004 1.703e+01
E 000 005 1.860e+01
E 000 008 3.189e+01
E 000 011 5.920e+01
E 000 013 3.536e+01
E 000 015 2.807e+01
E 001 018 5.903e+01
E 001 012 4.940e+01
E 001 013 8.793e+01
E 001 006 9.301e+01
E 002 017 2.508e+01
E 003 016 2.385e+01
E 003 010 3.401e+01
E 003 004 2.700e+01
E 003 015 4.478e+01
E 004 006 5.609e+01
E 004 007 5.374e+01
E 004 008 3.590e+01
E 004 015 4.198e+01
E 004 017 5.546e+01
E 005 006 8.724e+01
E 005 009 4.617e+01
E 005 011 7.723e+01
E 005 013 2.561e+01
E 005 015 2.404e+01
E 005 018 7.151e+01
E 005 019 6.691e+01
E 006 012 4.393e+01
E 006 013 8.496e+01
E 006 016 4.569e+01
E 006 017 9.981e+01
E 006 019 9.456e+01
E 007 008 4.610e+01
E 007 009 5.886e+01
E 007 012 7.658e+01
E 007 013 3.105e+01
E 007 014 5.220e+01
E 007 017 1.844e+01
E 007 019 7.806e+01
E 008 012 5.515e+01
E 008 016 2.844e+01
E 008 017 3.534e+01
E 009 010 3.314e+01
E 009 015 3.178e+01
E 009 017 7.011e+01
E 009 018 5.247e+01
E 009 019 2.119e+01
E 010 011 7.529e+01
E 010 018 6.801e+01
E 010 012 5.420e+01
E 011 014 5.846e+01
E 011 013 8.249e+01
E 012 014 3.590e+01
E 012 016 2.702e+01
E 013 015 4.958e+01
E 014 018 4.934e+01
E 015 017 4.438e+01
E 016 018 3.574e+01
E 017 019 9.067e+01
