N 000 052 017 7.594e-01
N 001 003 042 6.229e-01
N 002 041 096 2.846e-01
N 003 013 045 6.515e-01
N 004 042 009 4.865e-01
N 005 069 084 7.332e-01
N 006 005 050 2.573e-01
N 007 006 017 6.774e-01
N 008 066 099 2.875e-01
N 009 006 057 1.021e-03
N 010 011 000 9.010e-02
N 011 020 072 9.373e-01
N 012 081 063 7.208e-01
N 013 065 035 7.290e-01
N 014 022 031 6.898e-01
N 015 055 036 5.901e-01
N 016 074 073 7.904e-01
N 017 080 005 3.461e-01
N 018 013 008 6.461e-01
N 019 068 063 5.877e-01
E 000 011 6.363e+01
E 000 016 6.017e+01
E 000 002 7.976e+01
E 000 003 4.801e+01
E 000 005 6.912e+01
E 001 003 1.044e+01
E 001 004 5.109e+01
E 001 008 8.496e+01
E 001 010 4.276e+01
E 001 013 6.239e+01
E 001 014 2.195e+01
E 001 016 7.747e+01
E 001 019 6.831e+01
E 002 006 5.841e+01
E 002 011 3.189e+01
E 002 012 5.186e+01
E 002 015 6.161e+01
E 002 016 4.022e+01
E 002 017 9.901e+01
E 003 004 4.623e+01
E 003 005 6.824e+01
E 003 008 7.566e+01
E 003 010 4.504e+01
E 003 012 7.034e+01
E 003 018 3.700e+01
E 004 009 6.000e+01
E 004 010 3.228e+01
E 004 011 6.673e+01
E 004 014 2.973e+01
E 005 006 7.247e+01
E 005 008 1.530e+01
E 005 009 6.854e+01
E 005 010 1.021e+02
E 005 013 4.916e+01
E 005 016 1.208e+01
E 005 017 7.976e+01
E 005 018 9.440e+01
E 006 008 7.824e+01
E 006 011 2.663e+01
E 006 013 6.185e+01
E 006 014 2.550e+01
E 007 016 8.809e+01
E 007 018 1.140e+01
E 008 016 2.720e+01
E 008 018 1.053e+02
E 008 019 3.606e+01
E 009 016 6.986e+01
E 009 013 6.297e+01
E 010 015 5.685e+01
E 010 016 9.643e+01
E 011 012 6.166e+01
E 011 014 4.105e+01
E 011 015 5.021e+01
E 011 018 6.438e+01
E 012 013 3.225e+01
E 013 015 1.005e+01
E 013 018 5.859e+01
E 014 018 2.470e+01
E 017 019 5.923e+01
E 017 018 6.707e+01
