N 000 073 062 3.742e-01
N 001 072 056 6.291e-01
N 002 084 028 5.001e-02
N 003 018 045 9.513e-01
N 004 015 012 1.879e-01
N 005 041 018 5.491e-01
N 006 030 067 7.254e-01
N 007 077 023 4.780e-01
N 008 019 091 3.216e-01
N 009 057 011 8.425e-01
N 010 013 088 7.846e-02
N 011 053 037 1.323e-01
N 012 048 030 6.426e-01
N 013 026 043 8.831e-01
N 014 080 005 4.128e-01
N 015 057 006 7.452e-01
N 016 069 050 4.737e-01
N 017 039 083 2.325e-01
N 018 035 093 2.985e-01
N 019 010 012 5.399e-01
E 000 005 5.441e+01
E 000 006 4.329e+01
E 000 010 6.539e+01
E 000 012 4.061e+01
E 000 013 5.070e+01
E 000 017 3.996e+01
E 000 018 4.904e+01
E 000 019 8.043e+01
E 001 008 6.351e+01
E 001 009 4.743e+01
E 001 017 4.264e+01
E 002 008 9.052e+01
E 002 010 9.296e+01
E 002 011 3.228e+01
E 002 018 8.140e+01
E 003 009 5.174e+01
E 003 011 3.590e+01
E 003 012 3.354e+01
E 003 005 3.547e+01
E 003 013 8.246e+00
E 004 005 2.668e+01
E 004 008 7.910e+01
E 004 011 4.549e+01
E 004 012 3.759e+01
E 004 014 6.538e+01
E 004 015 4.243e+01
E 004 017 7.495e+01
E 005 006 5.022e+01
E 005 009 1.746e+01
E 005 013 2.915e+01
E 005 016 4.252e+01
E 005 018 7.524e+01
E 006 008 2.640e+01
E 006 015 6.671e+01
E 007 009 2.332e+01
E 007 018 8.163e+01
E 007 019 6.790e+01
E 007 014 1.825e+01
E 007 015 2.625e+01
E 008 013 4.851e+01
E 008 015 9.311e+01
E 008 016 6.466e+01
E 008 018 1.612e+01
E 009 011 2.631e+01
E 009 012 2.102e+01
E 009 015 5.000e+00
E 009 016 4.080e+01
E 010 017 2.648e+01
E 010 011 6.482e+01
E 010 013 4.684e+01
E 011 012 8.602e+00
E 011 019 4.974e+01
E 012 018 6.433e+01
E 012 019 4.205e+01
E 014 016 4.632e+01
E 015 018 8.974e+01
E 016 017 4.460e+01
E 016 018 5.482e+01
E 016 019 7.018e+01
E 017 018 1.077e+01
