N 000 074 076 5.743e-01
N 001 036 024 2.631e-01
N 002 044 097 2.882e-01
N 003 032 097 5.563e-01
N 004 021 023 2.148e-01
N 005 085 053 7.166e-01
N 006 033 035 9.604e-01
N 007 061 056 3.556e-01
N 008 049 029 1.353e-01
N 009 094 063 3.179e-01
N 010 059 039 7.471e-01
N 011 036 022 5.170e-01
N 012 034 002 3.643e-01
N 013 045 045 8.472e-01
N 014 048 045 2.629e-03
N 015 033 073 9.184e-01
N 016 082 094 7.345e-02
N 017 067 032 2.851e-01
N 018 096 000 3.863e-01
N 019 067 062 1.089e-01
E 000 001 6.440e+01
E 000 003 4.696e+01
E 000 004 7.495e+01
E 000 005 2.550e+01
E 000 006 5.798e+01
E 000 007 2.385e+01
E 000 008 5.324e+01
E 000 010 3.992e+01
E 000 011 6.603e+01
E 000 012 8.412e+01
E 000 014 4.046e+01
E 001 011 2.000e+00
E 001 006 1.140e+01
E 002 007 4.438e+01
E 002 010 5.991e+01
E 002 011 7.543e+01
E 002 014 5.215e+01
E 002 015 2.640e+01
E 002 018 1.101e+02
E 003 004 7.481e+01
E 003 005 6.888e+01
E 003 007 5.022e+01
E 003 011 7.511e+01
E 003 012 9.502e+01
E 003 013 5.360e+01
E 004 005 7.068e+01
E 004 006 1.697e+01
E 004 007 5.186e+01
E 004 009 8.324e+01
E 004 010 4.123e+01
E 005 008 4.327e+01
E 005 009 1.345e+01
E 005 010 2.953e+01
E 005 014 3.785e+01
E 005 017 2.766e+01
E 006 007 3.500e+01
E 007 009 3.373e+01
E 008 016 7.290e+01
E 009 011 7.103e+01
E 009 012 8.556e+01
E 009 014 4.940e+01
E 009 016 3.324e+01
E 009 017 4.111e+01
E 009 019 2.702e+01
E 010 013 1.523e+01
E 010 014 1.253e+01
E 010 016 5.962e+01
E 010 018 5.376e+01
E 011 012 2.010e+01
E 011 013 2.470e+01
E 011 014 2.594e+01
E 011 015 5.109e+01
E 011 019 5.061e+01
E 012 016 1.038e+02
E 012 018 6.203e+01
E 013 019 2.780e+01
E 014 016 5.964e+01
E 015 017 5.326e+01
E 015 018 9.643e+01
E 016 019 3.534e+01
