N 000 086 045 7.506e-01
N 001 061 018 1.467e-01
N 002 023 041 2.107e-01
N 003 057 021 7.599e-01
N 004 086 009 3.270e-01
N 005 042 015 7.987e-01
N 006 013 071 6.223e-01
N 007 088 038 9.660e-01
N 008 086 060 4.689e-01
N 009 061 098 9.501e-01
N 010 066 043 5.518e-01
N 011 029 054 4.359e-01
N 012 049 040 2.702e-01
N 013 047 078 4.602e-01
N 014 062 026 5.745e-01
N 015 064 030 9.440e-01
N 016 031 091 5.340e-01
N 017 010 089 6.001e-01
N 018 080 011 7.628e-01
N 019 096 007 7.609e-02
E 000 003 3.764e+01
E 000 005 5.325e+01
E 000 006 7.749e+01
E 000 007 7.280e+00
E 000 012 3.734e+01
E 000 018 3.453e+01
E 000 019 3.929e+01
E 001 002 4.442e+01
E 001 004 2.657e+01
E 001 014 8.062e+00
E 001 007 3.360e+01
E 002 005 3.220e+01
E 002 006 3.162e+01
E 002 007 6.507e+01
E 002 011 1.432e+01
E 002 013 4.410e+01
E 002 014 4.179e+01
E 002 016 5.064e+01
E 002 019 8.053e+01
E 003 005 1.616e+01
E 003 007 3.536e+01
E 003 008 4.860e+01
E 003 010 2.377e+01
E 003 016 7.467e+01
E 004 018 6.325e+00
E 004 005 4.441e+01
E 004 014 2.941e+01
E 004 017 1.103e+02
E 005 013 6.320e+01
E 005 016 7.679e+01
E 005 018 3.821e+01
E 006 007 8.194e+01
E 006 009 5.507e+01
E 006 014 6.653e+01
E 006 019 1.048e+02
E 007 008 2.209e+01
E 007 019 3.202e+01
E 008 014 4.162e+01
E 008 015 3.720e+01
E 008 016 6.313e+01
E 008 017 8.134e+01
E 009 013 2.441e+01
E 010 011 3.860e+01
E 010 016 5.941e+01
E 010 012 1.726e+01
E 010 015 1.315e+01
E 011 016 3.705e+01
E 011 018 6.671e+01
E 011 013 3.000e+01
E 012 017 6.263e+01
E 012 019 5.743e+01
E 012 015 1.803e+01
E 013 016 2.062e+01
E 013 017 3.860e+01
E 013 018 7.469e+01
E 013 019 8.627e+01
E 014 018 2.343e+01
E 015 019 3.941e+01
E 016 019 1.062e+02
E 017 018 1.048e+02
