N 000 081 020 9.204e-01
N 001 035 018 3.714e-01
N 002 056 043 2.083e-01
N 003 013 039 7.693e-01
N 004 043 011 4.693e-01
N 005 010 046 1.724e-01
N 006 020 035 1.578e-01
N 007 053 076 3.779e-02
N 008 080 091 1.565e-01
N 009 071 009 8.803e-01
N 010 009 009 7.624e-01
N 011 096 078 2.207e-01
N 012 061 022 3.996e-02
N 013 010 099 4.023e-01
N 014 069 043 1.119e-01
N 015 080 057 2.091e-01
N 016 060 068 6.305e-01
N 017 095 026 3.777e-01
N 018 073 076 8.835e-01
N 019 009 097 2.144e-01
E 000 002 3.397e+01
E 000 003 7.060e+01
E 000 004 3.905e+01
E 000 006 6.282e+01
E 000 008 7.101e+01
E 000 012 2.010e+01
E 000 015 3.701e+01
E 000 018 5.657e+01
E 000 019 1.054e+02
E 001 003 3.041e+01
E 001 009 3.711e+01
E 001 011 8.556e+01
E 001 013 8.477e+01
E 001 014 4.220e+01
E 001 017 6.053e+01
E 001 019 8.317e+01
E 002 008 5.367e+01
E 002 012 2.159e+01
E 002 006 3.688e+01
E 002 015 2.778e+01
E 003 006 8.062e+00
E 003 007 5.449e+01
E 003 014 5.614e+01
E 003 015 6.938e+01
E 003 018 7.049e+01
E 004 019 9.248e+01
E 004 014 4.123e+01
E 004 006 3.324e+01
E 004 007 6.576e+01
E 005 008 8.322e+01
E 005 018 6.978e+01
E 005 011 9.176e+01
E 005 013 5.300e+01
E 006 013 6.478e+01
E 006 015 6.391e+01
E 007 008 3.089e+01
E 007 017 6.530e+01
E 008 014 4.924e+01
E 008 016 3.048e+01
E 008 018 1.655e+01
E 008 019 7.125e+01
E 010 018 9.266e+01
E 010 014 6.896e+01
E 010 015 8.570e+01
E 011 013 8.853e+01
E 011 014 4.420e+01
E 011 016 3.736e+01
E 011 019 8.905e+01
E 012 019 9.126e+01
E 012 014 2.247e+01
E 013 016 5.883e+01
E 013 018 6.707e+01
E 013 019 2.236e+00
E 014 016 2.657e+01
E 014 019 8.072e+01
E 015 016 2.283e+01
E 015 019 8.149e+01
E 016 017 5.467e+01
E 016 019 5.867e+01
E 018 019 6.736e+01
