N 000 005 027 3.341e-01
N 001 064 090 6.222e-01
N 002 031 055 9.159e-01
N 003 003 016 8.114e-01
N 004 040 026 1.373e-01
N 005 072 016 4.296e-01
N 006 084 015 4.006e-01
N 007 007 068 4.749e-02
N 008 063 082 7.256e-01
N 009 066 037 1.046e-01
N 010 011 015 6.956e-01
N 011 051 099 2.882e-01
N 012 070 088 3.550e-01
N 013 062 013 9.067e-01
N 014 048 076 2.917e-01
N 015 042 050 2.370e-01
N 016 049 045 8.488e-01
N 017 072 083 4.942e-02
N 018 074 044 4.986e-01
N 019 027 057 9.692e-01
E 000 001 8.631e+01
E 000 006 7.991e+01
E 000 008 7.993e+01
E 000 009 6.181e+01
E 000 011 8.544e+01
E 000 012 8.914e+01
E 000 013 5.869e+01
E 000 018 7.106e+01
E 001 003 9.590e+01
E 001 010 9.184e+01
E 001 012 6.325e+00
E 001 014 2.126e+01
E 001 016 4.743e+01
E 002 009 3.936e+01
E 002 017 4.965e+01
E 002 005 5.659e+01
E 002 007 2.729e+01
E 003 004 3.833e+01
E 003 007 5.215e+01
E 003 008 8.920e+01
E 003 009 6.641e+01
E 003 010 8.062e+00
E 003 014 7.500e+01
E 003 015 5.174e+01
E 003 016 5.438e+01
E 004 008 6.054e+01
E 004 011 7.382e+01
E 004 018 3.847e+01
E 004 014 5.064e+01
E 005 007 8.324e+01
E 005 009 2.184e+01
E 005 011 8.562e+01
E 005 013 1.044e+01
E 005 017 6.700e+01
E 005 018 2.807e+01
E 006 009 2.843e+01
E 006 011 9.025e+01
E 006 007 9.348e+01
E 007 010 5.315e+01
E 007 014 4.177e+01
E 007 015 3.936e+01
E 008 009 4.510e+01
E 008 010 8.481e+01
E 008 015 3.828e+01
E 008 018 3.956e+01
E 009 010 5.924e+01
E 009 015 2.729e+01
E 009 018 1.063e+01
E 009 019 4.383e+01
E 012 018 4.418e+01
E 012 013 7.543e+01
E 012 017 5.385e+00
E 013 019 5.622e+01
E 013 014 6.454e+01
E 014 015 2.668e+01
E 014 017 2.500e+01
E 014 018 4.123e+01
E 015 017 4.460e+01
E 016 018 2.502e+01
E 018 019 4.876e+01
