N 000 015 035 3.647e-01
N 001 082 039 5.074e-01
N 002 093 008 7.461e-01
N 003 029 049 4.347e-01
N 004 020 045 7.546e-01
N 005 083 056 9.385e-01
N 006 008 032 8.673e-01
N 007 039 083 4.966e-01
N 008 075 002 5.030e-01
N 009 027 045 4.536e-02
N 010 017 079 1.011e-01
N 011 021 048 7.661e-01
N 012 004 026 6.063e-01
N 013 034 087 2.300e-01
N 014 010 099 7.751e-01
N 015 027 043 1.261e-02
N 016 080 061 8.019e-01
N 017 025 081 9.222e-01
N 018 055 083 2.198e-01
N 019 077 070 5.266e-01
E 000 016 7.001e+01
E 000 001 6.712e+01
E 000 013 5.536e+01
E 000 006 7.616e+00
E 000 015 1.442e+01
E 001 016 2.209e+01
E 001 011 6.166e+01
E 001 012 7.908e+01
E 001 019 3.140e+01
E 002 005 4.903e+01
E 002 007 9.242e+01
E 002 008 1.897e+01
E 002 009 7.566e+01
E 002 010 1.040e+02
E 002 013 9.860e+01
E 002 014 1.232e+02
E 002 017 9.976e+01
E 002 018 8.408e+01
E 003 015 6.325e+00
E 003 017 3.225e+01
E 003 011 8.062e+00
E 003 007 3.544e+01
E 004 007 4.249e+01
E 004 010 3.413e+01
E 004 014 5.492e+01
E 004 015 7.280e+00
E 004 017 3.635e+01
E 004 019 6.224e+01
E 005 006 7.875e+01
E 005 010 6.989e+01
E 005 011 6.251e+01
E 005 015 5.749e+01
E 005 016 5.831e+00
E 006 008 7.341e+01
E 006 010 4.785e+01
E 006 013 6.084e+01
E 006 017 5.187e+01
E 006 019 7.877e+01
E 007 009 3.985e+01
E 007 015 4.176e+01
E 007 016 4.653e+01
E 008 011 7.094e+01
E 008 014 1.168e+02
E 008 015 6.313e+01
E 008 018 8.343e+01
E 008 019 6.803e+01
E 009 012 2.983e+01
E 010 014 2.119e+01
E 010 016 6.552e+01
E 010 018 3.821e+01
E 011 016 6.042e+01
E 011 018 4.880e+01
E 013 015 4.455e+01
E 013 016 5.284e+01
E 013 017 1.082e+01
E 013 018 2.138e+01
E 014 015 5.852e+01
E 014 018 4.776e+01
E 015 017 3.805e+01
E 016 019 9.487e+00
