N 000 011 011 7.980e-02
N 001 050 079 8.156e-01
N 002 056 022 1.845e-01
N 003 089 035 8.859e-01
N 004 074 051 3.691e-01
N 005 068 041 6.049e-01
N 006 040 006 2.569e-01
N 007 020 056 8.552e-01
N 008 021 089 6.640e-01
N 009 041 032 6.338e-01
N 010 091 048 6.530e-01
N 011 001 078 4.612e-01
N 012 062 052 6.233e-01
N 013 062 018 7.584e-01
N 014 087 006 1.971e-01
N 015 037 075 8.081e-01
N 016 079 024 2.975e-01
N 017 040 009 8.411e-01
N 018 000 043 2.461e-01
N 019 010 099 8.793e-01
E 000 001 7.839e+01
E 000 002 4.632e+01
E 000 017 2.907e+01
E 000 013 5.148e+01
E 000 009 3.662e+01
E 001 006 7.368e+01
E 001 007 3.780e+01
E 001 011 4.901e+01
E 001 015 1.360e+01
E 001 017 7.071e+01
E 001 019 4.472e+01
E 002 006 2.263e+01
E 002 007 4.952e+01
E 002 010 4.360e+01
E 002 012 3.059e+01
E 002 013 7.211e+00
E 002 017 2.062e+01
E 002 018 5.981e+01
E 002 019 8.969e+01
E 003 018 8.936e+01
E 003 012 3.191e+01
E 003 015 6.560e+01
E 004 017 5.404e+01
E 004 018 7.443e+01
E 004 011 7.783e+01
E 004 013 3.511e+01
E 004 015 4.410e+01
E 005 017 4.252e+01
E 005 013 2.377e+01
E 006 010 6.607e+01
E 006 015 6.907e+01
E 006 016 4.295e+01
E 006 019 9.772e+01
E 007 011 2.907e+01
E 007 017 5.108e+01
E 007 015 2.550e+01
E 008 016 8.711e+01
E 008 011 2.283e+01
E 008 013 8.199e+01
E 008 014 1.060e+02
E 008 015 2.126e+01
E 009 017 2.302e+01
E 009 011 6.096e+01
E 009 019 7.382e+01
E 009 015 4.319e+01
E 010 019 9.572e+01
E 010 018 9.114e+01
E 011 014 1.122e+02
E 011 015 3.612e+01
E 011 016 9.487e+01
E 012 016 3.276e+01
E 012 019 7.009e+01
E 012 014 5.235e+01
E 013 014 2.773e+01
E 013 016 1.803e+01
E 013 018 6.685e+01
E 014 015 8.521e+01
E 014 016 1.970e+01
E 014 018 9.454e+01
E 017 019 9.487e+01
