N 000 088 017 2.316e-01
N 001 097 088 9.634e-01
N 002 051 080 9.665e-01
N 003 010 092 8.026e-01
N 004 052 024 5.730e-01
N 005 018 026 2.486e-02
N 006 016 037 1.508e-01
N 007 024 056 9.594e-01
N 008 010 033 3.402e-01
N 009 094 044 8.702e-01
N 010 048 083 1.016e-01
N 011 063 022 5.307e-01
N 012 020 014 6.466e-01
N 013 030 097 9.902e-01
N 014 088 005 1.869e-01
N 015 006 049 3.980e-01
N 016 029 044 2.697e-01
N 017 019 013 2.276e-01
N 018 081 028 3.871e-01
N 019 008 020 2.517e-01
E 000 005 7.058e+01
E 000 006 7.473e+01
E 000 007 7.495e+01
E 000 008 7.962e+01
E 000 010 7.718e+01
E 000 011 2.550e+01
E 000 012 6.807e+01
E 001 004 7.824e+01
E 001 008 1.029e+02
E 001 009 4.410e+01
E 001 013 6.760e+01
E 001 015 9.901e+01
E 001 016 8.099e+01
E 002 016 4.219e+01
E 002 017 7.425e+01
E 002 005 6.329e+01
E 002 006 5.544e+01
E 002 015 5.464e+01
E 003 014 1.168e+02
E 003 018 9.559e+01
E 003 005 6.648e+01
E 003 006 5.533e+01
E 003 007 3.863e+01
E 004 012 3.353e+01
E 004 013 7.624e+01
E 004 014 4.071e+01
E 005 010 6.441e+01
E 005 012 1.217e+01
E 005 015 2.594e+01
E 005 019 1.166e+01
E 006 017 2.419e+01
E 006 019 1.879e+01
E 007 017 4.329e+01
E 007 010 3.612e+01
E 007 013 4.144e+01
E 008 010 6.280e+01
E 008 011 5.413e+01
E 008 016 2.195e+01
E 008 018 7.118e+01
E 008 019 1.315e+01
E 009 010 6.031e+01
E 009 018 2.062e+01
E 009 014 3.946e+01
E 009 017 8.115e+01
E 010 019 7.463e+01
E 011 012 4.374e+01
E 011 013 8.194e+01
E 011 014 3.023e+01
E 011 015 6.307e+01
E 011 017 4.491e+01
E 011 018 1.897e+01
E 012 013 8.360e+01
E 012 015 3.770e+01
E 013 017 8.472e+01
E 013 019 8.008e+01
E 014 015 9.306e+01
E 014 017 6.946e+01
E 015 017 3.828e+01
E 017 018 6.379e+01
E 018 019 7.344e+01
