N 000 085 022 8.652e-01
N 001 019 048 9.301e-01
N 002 048 057 5.792e-01
N 003 085 054 5.790e-01
N 004 033 097 7.505e-01
N 005 046 004 9.775e-01
N 006 025 068 2.497e-01
N 007 046 037 3.671e-01
N 008 013 035 1.876e-01
N 009 040 010 6.046e-01
N 010 094 049 4.996e-01
N 011 084 082 4.778e-01
N 012 024 000 3.809e-01
N 013 034 009 7.596e-01
N 014 006 030 7.451e-02
N 015 001 065 5.076e-01
N 016 094 019 6.184e-01
N 017 041 024 9.924e-01
N 018 037 028 1.572e-01
N 019 021 055 1.700e-01
E 000 001 7.094e+01
E 000 006 7.560e+01
E 000 009 4.657e+01
E 000 011 6.001e+01
E 000 013 5.263e+01
E 000 014 7.940e+01
E 000 015 9.437e+01
E 000 016 9.487e+00
E 000 019 7.201e+01
E 001 005 5.162e+01
E 001 010 7.501e+01
E 001 011 7.336e+01
E 001 012 4.826e+01
E 001 015 2.476e+01
E 001 019 7.280e+00
E 002 010 4.669e+01
E 002 006 2.550e+01
E 002 007 2.010e+01
E 003 004 6.748e+01
E 003 013 6.801e+01
E 003 006 6.161e+01
E 004 016 9.902e+01
E 004 005 9.390e+01
E 004 014 7.224e+01
E 004 007 6.139e+01
E 005 008 4.528e+01
E 005 010 6.580e+01
E 005 012 2.236e+01
E 005 014 4.771e+01
E 005 017 2.062e+01
E 006 008 3.511e+01
E 006 015 2.419e+01
E 006 016 8.463e+01
E 006 019 1.360e+01
E 007 008 3.306e+01
E 007 011 5.890e+01
E 007 012 4.305e+01
E 007 016 5.126e+01
E 008 010 8.220e+01
E 008 016 8.257e+01
E 008 017 3.008e+01
E 009 017 1.404e+01
E 009 011 8.438e+01
E 009 019 4.885e+01
E 009 015 6.742e+01
E 010 011 3.448e+01
E 010 014 9.003e+01
E 010 016 3.000e+01
E 011 012 1.016e+02
E 011 018 7.159e+01
E 011 019 6.854e+01
E 012 016 7.253e+01
E 012 018 3.087e+01
E 013 018 1.924e+01
E 013 014 3.500e+01
E 013 015 6.500e+01
E 014 016 8.868e+01
E 014 017 3.551e+01
E 015 017 5.728e+01
E 017 019 3.689e+01
