N 000 022 044 7.183e-01
N 001 009 097 5.378e-01
N 002 020 035 6.285e-01
N 003 003 064 4.052e-01
N 004 000 070 3.472e-02
N 005 095 049 2.562e-01
N 006 035 018 5.967e-02
N 007 073 076 2.177e-01
N 008 053 067 7.996e-01
N 009 015 072 3.504e-02
N 010 004 051 4.748e-01
N 011 085 031 9.585e-01
N 012 098 084 4.932e-02
N 013 094 059 4.760e-01
N 014 025 062 2.608e-01
N 015 034 071 6.714e-01
N 016 066 079 3.958e-01
N 017 091 096 1.478e-01
N 018 029 084 3.730e-01
N 019 098 076 4.395e-02
E 000 004 3.406e+01
E 000 005 7.317e+01
E 000 006 2.907e+01
E 000 009 2.886e+01
E 000 013 7.355e+01
E 000 014 1.825e+01
E 000 017 8.640e+01
E 000 018 4.061e+01
E 001 002 6.297e+01
E 001 007 6.736e+01
E 001 009 2.571e+01
E 001 012 8.994e+01
E 001 014 3.848e+01
E 001 019 9.144e+01
E 002 014 2.746e+01
E 002 019 8.812e+01
E 002 013 7.779e+01
E 002 006 2.267e+01
E 003 004 6.708e+00
E 003 009 1.442e+01
E 003 013 9.114e+01
E 003 015 3.178e+01
E 003 016 6.476e+01
E 003 019 9.575e+01
E 004 007 7.325e+01
E 004 008 5.308e+01
E 004 012 9.899e+01
E 004 019 9.818e+01
E 005 010 9.102e+01
E 005 011 2.059e+01
E 005 013 1.005e+01
E 005 015 6.485e+01
E 005 019 2.717e+01
E 006 017 9.602e+01
E 006 011 5.166e+01
E 006 014 4.512e+01
E 007 017 2.691e+01
E 007 013 2.702e+01
E 007 015 3.932e+01
E 008 009 3.833e+01
E 008 018 2.941e+01
E 008 011 4.817e+01
E 008 013 4.177e+01
E 009 011 8.112e+01
E 009 013 8.006e+01
E 009 015 1.903e+01
E 010 011 8.343e+01
E 010 012 9.962e+01
E 010 014 2.371e+01
E 010 013 9.035e+01
E 011 012 5.457e+01
E 011 014 6.754e+01
E 011 015 6.482e+01
E 011 017 6.528e+01
E 011 018 7.710e+01
E 012 016 3.239e+01
E 012 018 6.900e+01
E 013 018 6.964e+01
E 013 019 1.746e+01
E 015 019 6.420e+01
