N 000 083 035 7.535e-02
N 001 020 078 8.313e-01
N 002 091 071 1.869e-02
N 003 063 064 4.113e-01
N 004 097 053 3.984e-01
N 005 011 004 2.465e-01
N 006 092 003 9.840e-01
N 007 059 025 1.349e-01
N 008 084 011 5.446e-01
N 009 083 023 9.133e-01
N 010 016 034 8.302e-01
N 011 073 080 1.787e-01
N 012 070 011 6.275e-01
N 013 046 089 3.642e-01
N 014 088 041 9.165e-01
N 015 095 027 2.819e-02
N 016 056 013 5.869e-01
N 017 046 070 9.945e-01
N 018 097 095 4.169e-01
N 019 087 041 2.435e-01
E 000 002 3.688e+01
E 000 018 6.161e+01
E 001 002 7.134e+01
E 001 006 1.040e+02
E 001 007 6.580e+01
E 001 008 9.266e+01
E 001 011 5.304e+01
E 001 012 8.360e+01
E 001 014 7.741e+01
E 001 019 7.654e+01
E 002 010 8.363e+01
E 002 011 2.012e+01
E 002 017 4.501e+01
E 002 018 2.474e+01
E 003 017 1.803e+01
E 004 005 9.898e+01
E 004 006 5.025e+01
E 004 007 4.720e+01
E 004 008 4.397e+01
E 004 010 8.320e+01
E 004 011 3.612e+01
E 004 015 2.608e+01
E 004 019 1.562e+01
E 005 008 7.333e+01
E 005 009 7.446e+01
E 005 010 3.041e+01
E 005 012 5.941e+01
E 005 014 8.543e+01
E 005 017 7.471e+01
E 006 007 3.966e+01
E 006 009 2.193e+01
E 006 010 8.208e+01
E 006 014 3.821e+01
E 006 016 3.736e+01
E 007 014 3.312e+01
E 007 017 4.684e+01
E 007 018 7.965e+01
E 008 010 7.178e+01
E 008 011 6.987e+01
E 008 012 1.400e+01
E 009 017 5.982e+01
E 009 018 7.335e+01
E 009 011 5.787e+01
E 010 014 7.234e+01
E 010 017 4.686e+01
E 012 013 8.161e+01
E 012 016 1.414e+01
E 012 018 8.823e+01
E 012 019 3.448e+01
E 013 014 6.378e+01
E 013 016 7.666e+01
E 013 017 1.900e+01
E 013 018 5.135e+01
E 013 019 6.313e+01
E 015 017 6.519e+01
E 015 018 6.803e+01
E 015 019 1.612e+01
E 016 019 4.177e+01
E 017 018 5.680e+01
E 017 019 5.022e+01
