N 000 095 025 2.556e-01
N 001 030 038 4.406e-01
N 002 015 055 4.405e-01
N 003 061 022 9.706e-01
N 004 078 051 9.363e-01
N 005 014 082 8.651e-01
N 006 050 059 5.202e-01
N 007 025 025 1.151e-01
N 008 000 039 2.628e-01
N 009 066 091 7.143e-01
N 010 019 010 2.912e-01
N 011 067 075 2.678e-01
N 012 023 098 3.377e-01
N 013 003 000 6.056e-01
N 014 057 063 8.720e-01
N 015 050 014 5.375e-01
N 016 014 021 5.879e-01
N 017 013 080 2.133e-02
N 018 010 004 6.513e-02
N 019 081 059 4.012e-01
E 000 001 6.629e+01
E 000 005 9.905e+01
E 000 007 7.000e+01
E 000 008 9.603e+01
E 000 011 5.731e+01
E 000 012 1.025e+02
E 000 014 5.374e+01
E 000 015 4.632e+01
E 000 016 8.110e+01
E 000 019 3.677e+01
E 001 002 2.267e+01
E 001 011 5.233e+01
E 001 012 6.041e+01
E 001 013 4.662e+01
E 001 015 3.124e+01
E 001 016 2.335e+01
E 001 017 4.531e+01
E 002 004 6.313e+01
E 002 006 3.523e+01
E 002 010 4.518e+01
E 002 011 5.571e+01
E 002 012 4.374e+01
E 002 014 4.276e+01
E 003 004 3.362e+01
E 003 005 7.622e+01
E 003 008 6.332e+01
E 003 012 8.497e+01
E 003 013 6.203e+01
E 003 018 5.408e+01
E 003 019 4.206e+01
E 004 008 7.892e+01
E 004 012 7.235e+01
E 004 006 2.912e+01
E 005 008 4.522e+01
E 005 015 7.694e+01
E 005 007 5.805e+01
E 006 016 5.235e+01
E 006 019 3.100e+01
E 006 011 2.335e+01
E 007 017 5.629e+01
E 008 009 8.402e+01
E 008 012 6.332e+01
E 008 015 5.590e+01
E 008 016 2.280e+01
E 009 011 1.603e+01
E 009 015 7.864e+01
E 010 019 7.903e+01
E 010 018 1.082e+01
E 010 015 3.126e+01
E 011 013 9.860e+01
E 012 014 4.880e+01
E 012 018 9.489e+01
E 013 014 8.298e+01
E 013 019 9.780e+01
E 014 016 6.011e+01
E 014 017 4.717e+01
E 014 018 7.543e+01
E 016 017 5.901e+01
E 017 018 7.606e+01
E 017 019 7.117e+01
