N 000 038 023 3.914e-01
N 001 032 062 1.915e-01
N 002 096 093 6.178e-01
N 003 023 086 2.630e-03
N 004 028 025 5.904e-01
N 005 055 043 8.661e-03
N 006 080 092 3.446e-01
N 007 065 044 3.980e-01
N 008 029 031 2.324e-01
N 009 062 060 4.367e-01
N 010 013 016 2.710e-01
N 011 022 005 8.604e-01
N 012 085 045 7.256e-02
N 013 013 013 8.942e-01
N 014 077 098 5.504e-01
N 015 080 030 9.939e-02
N 016 084 080 4.818e-01
N 017 017 097 5.730e-01
N 018 049 096 2.039e-01
N 019 008 056 9.423e-01
E 000 002 9.091e+01
E 000 006 8.078e+01
E 000 007 3.421e+01
E 000 008 1.204e+01
E 000 010 2.596e+01
E 000 011 2.408e+01
E 000 018 7.382e+01
E 000 019 4.460e+01
E 001 003 2.563e+01
E 001 004 3.722e+01
E 001 005 2.983e+01
E 001 012 5.566e+01
E 001 016 5.503e+01
E 001 017 3.808e+01
E 002 005 6.466e+01
E 002 006 1.603e+01
E 002 011 1.150e+02
E 002 014 1.965e+01
E 002 016 1.769e+01
E 002 018 4.710e+01
E 003 004 6.120e+01
E 003 005 5.360e+01
E 003 010 7.071e+01
E 003 011 8.101e+01
E 003 014 5.532e+01
E 004 009 4.880e+01
E 004 011 2.088e+01
E 004 012 6.041e+01
E 004 014 8.792e+01
E 004 015 5.224e+01
E 004 016 7.849e+01
E 004 017 7.284e+01
E 005 013 5.161e+01
E 005 006 5.501e+01
E 006 008 7.951e+01
E 006 009 3.672e+01
E 006 010 1.013e+02
E 006 016 1.265e+01
E 006 017 6.320e+01
E 007 008 3.828e+01
E 007 017 7.151e+01
E 007 014 5.532e+01
E 007 015 2.052e+01
E 008 011 2.693e+01
E 008 016 7.366e+01
E 008 018 6.801e+01
E 009 017 5.826e+01
E 009 018 3.828e+01
E 009 019 5.415e+01
E 010 016 9.559e+01
E 010 015 6.845e+01
E 011 015 6.316e+01
E 011 017 9.214e+01
E 012 014 5.360e+01
E 013 016 9.762e+01
E 013 014 1.064e+02
E 015 017 9.197e+01
E 015 018 7.292e+01
E 016 018 3.848e+01
E 018 019 5.728e+01
