N 000 052 026 2.368e-01
N 001 003 058 9.875e-01
N 002 085 009 4.188e-01
N 003 019 035 8.261e-01
N 004 052 021 1.365e-01
N 005 048 000 1.348e-01
N 006 021 042 2.307e-01
N 007 063 097 1.855e-01
N 008 039 075 4.399e-01
N 009 013 060 8.510e-01
N 010 015 045 1.849e-01
N 011 056 007 8.420e-01
N 012 001 014 8.085e-01
N 013 071 058 5.841e-01
N 014 048 060 7.000e-01
N 015 045 027 7.846e-01
N 016 047 081 4.761e-02
N 017 032 082 7.519e-01
N 018 024 047 8.365e-01
N 019 097 088 2.881e-02
E 000 001 5.852e+01
E 000 004 5.000e+00
E 000 012 5.239e+01
E 000 013 3.722e+01
E 000 017 5.946e+01
E 000 018 3.500e+01
E 001 016 4.965e+01
E 001 004 6.140e+01
E 001 014 4.504e+01
E 001 015 5.220e+01
E 002 009 8.823e+01
E 002 014 6.301e+01
E 002 013 5.096e+01
E 002 006 7.201e+01
E 002 007 9.071e+01
E 003 009 2.571e+01
E 003 014 3.829e+01
E 003 013 5.686e+01
E 003 006 7.280e+00
E 003 015 2.720e+01
E 004 010 4.410e+01
E 004 012 5.148e+01
E 004 013 4.159e+01
E 004 014 3.920e+01
E 005 010 5.580e+01
E 005 013 6.239e+01
E 005 006 4.993e+01
E 005 015 2.717e+01
E 006 008 3.759e+01
E 006 012 3.441e+01
E 006 016 4.687e+01
E 006 018 5.831e+00
E 007 009 6.220e+01
E 007 010 7.077e+01
E 008 019 5.944e+01
E 008 017 9.899e+00
E 008 018 3.176e+01
E 008 011 7.009e+01
E 009 010 1.513e+01
E 009 018 1.703e+01
E 009 019 8.854e+01
E 010 011 5.590e+01
E 010 014 3.625e+01
E 010 015 3.499e+01
E 010 017 4.072e+01
E 010 018 9.220e+00
E 010 019 9.259e+01
E 011 012 5.544e+01
E 011 013 5.316e+01
E 011 014 5.360e+01
E 011 017 7.875e+01
E 012 017 7.473e+01
E 012 018 4.022e+01
E 013 015 4.046e+01
E 013 016 3.324e+01
E 014 016 2.102e+01
E 015 019 8.016e+01
E 016 017 1.503e+01
E 016 019 5.049e+01
E 018 019 8.373e+01
