N 000 025 075 7.762e-02
N 001 061 035 7.872e-01
N 002 076 089 3.072e-02
N 003 019 096 9.001e-01
N 004 077 021 8.173e-02
N 005 006 031 6.196e-01
N 006 024 045 2.921e-01
N 007 016 074 3.922e-01
N 008 064 036 3.361e-01
N 009 047 065 5.785e-01
N 010 004 030 7.699e-01
N 011 057 054 6.974e-01
N 012 095 075 3.921e-01
N 013 069 013 1.441e-01
N 014 021 062 6.669e-01
N 015 065 079 9.148e-01
N 016 031 004 8.147e-01
N 017 015 085 1.154e-01
N 018 011 053 1.948e-01
N 019 084 068 9.249e-01
E 000 016 7.125e+01
E 000 010 4.966e+01
E 000 018 2.608e+01
E 000 005 4.793e+01
E 000 006 3.002e+01
E 001 008 3.162e+00
E 001 016 4.314e+01
E 001 014 4.826e+01
E 001 006 3.833e+01
E 001 007 5.955e+01
E 002 009 3.764e+01
E 002 003 5.743e+01
E 002 012 2.360e+01
E 002 006 6.812e+01
E 003 006 5.124e+01
E 003 009 4.177e+01
E 003 010 6.768e+01
E 003 011 5.664e+01
E 003 015 4.904e+01
E 003 018 4.374e+01
E 004 010 7.355e+01
E 004 012 5.692e+01
E 004 013 1.131e+01
E 005 010 2.236e+00
E 005 013 6.552e+01
E 005 006 2.280e+01
E 005 007 4.415e+01
E 006 009 3.048e+01
E 006 012 7.708e+01
E 006 015 5.326e+01
E 006 018 1.526e+01
E 006 019 6.426e+01
E 007 011 4.562e+01
E 007 013 8.081e+01
E 007 015 4.925e+01
E 007 019 6.826e+01
E 008 015 4.301e+01
E 008 017 6.930e+01
E 008 009 3.362e+01
E 009 011 1.487e+01
E 009 012 4.903e+01
E 009 013 5.646e+01
E 009 016 6.306e+01
E 009 017 3.774e+01
E 010 011 5.818e+01
E 010 012 1.015e+02
E 010 013 6.719e+01
E 010 017 5.609e+01
E 010 019 8.857e+01
E 011 016 5.636e+01
E 011 017 5.220e+01
E 011 018 4.601e+01
E 011 019 3.041e+01
E 012 013 6.723e+01
E 012 016 9.559e+01
E 012 017 8.062e+01
E 013 014 6.859e+01
E 014 015 4.717e+01
E 015 016 8.235e+01
E 016 018 5.292e+01
