N 000 079 034 4.007e-01
N 001 085 042 8.738e-01
N 002 087 044 2.098e-01
N 003 008 090 2.264e-02
N 004 045 083 9.329e-01
N 005 002 041 6.545e-01
N 006 080 029 2.824e-01
N 007 081 000 3.984e-01
N 008 050 047 1.040e-01
N 009 015 020 7.375e-01
N 010 038 084 9.488e-01
N 011 038 060 6.406e-01
N 012 054 013 6.467e-01
N 013 011 078 5.309e-01
N 014 020 084 3.431e-01
N 015 017 085 3.018e-02
N 016 059 047 2.563e-03
N 017 079 069 7.834e-01
N 018 098 077 1.891e-01
N 019 019 015 3.253e-02
E 000 009 6.551e+01
E 000 017 3.500e+01
E 000 015 8.028e+01
E 001 002 2.828e+00
E 001 004 5.728e+01
E 001 010 6.303e+01
E 001 011 5.033e+01
E 001 015 8.045e+01
E 001 017 2.766e+01
E 001 018 3.734e+01
E 002 005 8.505e+01
E 002 008 3.712e+01
E 002 009 7.589e+01
E 002 011 5.155e+01
E 002 019 7.393e+01
E 003 004 3.766e+01
E 003 011 4.243e+01
E 003 012 8.969e+01
E 003 017 7.404e+01
E 003 018 9.093e+01
E 003 019 7.580e+01
E 004 008 3.635e+01
E 004 015 2.807e+01
E 004 009 6.978e+01
E 005 017 8.193e+01
E 005 010 5.608e+01
E 005 007 8.901e+01
E 006 016 2.766e+01
E 006 010 6.920e+01
E 006 014 8.139e+01
E 007 008 5.630e+01
E 007 011 7.382e+01
E 007 013 1.048e+02
E 007 014 1.038e+02
E 007 016 5.189e+01
E 007 017 6.903e+01
E 007 018 7.885e+01
E 007 019 6.379e+01
E 008 009 4.420e+01
E 008 012 3.423e+01
E 008 013 4.982e+01
E 008 017 3.640e+01
E 009 011 4.614e+01
E 009 013 5.814e+01
E 009 018 1.007e+02
E 010 013 2.766e+01
E 010 014 1.800e+01
E 010 016 4.254e+01
E 010 017 4.366e+01
E 010 018 6.041e+01
E 011 012 4.965e+01
E 011 018 6.236e+01
E 012 013 7.794e+01
E 012 015 8.095e+01
E 013 017 6.859e+01
E 014 017 6.088e+01
E 015 017 6.403e+01
E 016 017 2.973e+01
E 017 018 2.062e+01
E 017 019 8.072e+01
