N 000 081 031 3.266e-01
N 001 034 028 3.908e-01
N 002 064 010 9.938e-01
N 003 030 012 7.153e-01
N 004 058 003 4.127e-01
N 005 059 080 8.793e-01
N 006 058 045 3.333e-02
N 007 078 076 7.236e-01
N 008 088 022 2.002e-01
N 009 049 083 1.927e-01
N 010 007 072 3.382e-01
N 011 005 049 7.834e-01
N 012 043 019 8.657e-01
N 013 058 091 3.562e-01
N 014 068 036 7.660e-01
N 015 054 032 4.673e-01
N 016 050 034 8.830e-01
N 017 040 095 4.168e-01
N 018 087 092 4.977e-01
N 019 041 099 6.870e-01
E 000 017 7.601e+01
E 000 002 2.702e+01
E 000 012 3.985e+01
E 001 012 1.273e+01
E 001 004 3.466e+01
E 001 006 2.941e+01
E 001 007 6.512e+01
E 002 004 9.220e+00
E 002 008 2.683e+01
E 002 010 8.422e+01
E 002 013 8.122e+01
E 002 014 2.631e+01
E 002 016 2.778e+01
E 003 004 2.941e+01
E 003 005 7.393e+01
E 003 006 4.328e+01
E 003 007 8.000e+01
E 003 008 5.886e+01
E 003 013 8.382e+01
E 003 016 2.973e+01
E 003 017 8.360e+01
E 003 019 8.769e+01
E 004 005 7.701e+01
E 004 006 4.200e+01
E 004 009 8.050e+01
E 004 010 8.580e+01
E 005 006 3.501e+01
E 005 007 1.942e+01
E 005 010 5.261e+01
E 005 017 2.421e+01
E 006 009 3.905e+01
E 006 010 5.771e+01
E 006 015 1.360e+01
E 007 008 5.492e+01
E 007 010 7.111e+01
E 007 011 7.783e+01
E 007 015 5.012e+01
E 007 018 1.836e+01
E 008 016 3.985e+01
E 008 017 8.737e+01
E 008 018 7.001e+01
E 009 017 1.500e+01
E 009 010 4.342e+01
E 010 012 6.407e+01
E 011 016 4.743e+01
E 011 019 6.161e+01
E 011 015 5.187e+01
E 011 014 6.433e+01
E 012 018 8.523e+01
E 012 017 7.606e+01
E 013 015 5.914e+01
E 013 017 1.844e+01
E 013 018 2.902e+01
E 013 019 1.879e+01
E 014 019 6.854e+01
E 014 018 5.914e+01
E 014 015 1.456e+01
E 016 017 6.181e+01
E 016 019 6.562e+01
E 017 019 4.123e+00
