N 000 089 027 2.887e-01
N 001 002 090 7.097e-02
N 002 073 051 3.403e-01
N 003 084 005 6.474e-01
N 004 039 017 2.658e-01
N 005 011 042 6.019e-02
N 006 090 048 5.089e-01
N 007 096 097 6.575e-01
N 008 078 091 7.387e-01
N 009 070 084 2.455e-02
N 010 072 063 5.288e-01
N 011 091 094 5.048e-01
N 012 090 000 6.526e-01
N 013 077 097 2.337e-01
N 014 081 040 3.096e-01
N 015 010 096 7.321e-01
N 016 028 047 6.276e-01
N 017 022 024 5.707e-01
N 018 040 086 4.163e-01
N 019 035 034 8.254e-01
E 000 017 6.707e+01
E 000 018 7.669e+01
E 000 014 1.526e+01
E 001 007 9.426e+01
E 001 010 7.503e+01
E 001 012 1.259e+02
E 001 013 7.533e+01
E 001 014 9.349e+01
E 001 016 5.025e+01
E 002 016 4.518e+01
E 002 017 5.771e+01
E 002 004 4.808e+01
E 002 015 7.742e+01
E 003 017 6.485e+01
E 003 018 9.218e+01
E 003 012 7.810e+00
E 003 014 3.513e+01
E 004 006 5.968e+01
E 004 007 9.823e+01
E 004 008 8.365e+01
E 004 012 5.376e+01
E 004 013 8.857e+01
E 004 014 4.789e+01
E 004 018 6.901e+01
E 005 009 7.242e+01
E 005 011 9.541e+01
E 005 014 7.003e+01
E 005 007 1.012e+02
E 006 009 4.118e+01
E 006 019 5.675e+01
E 006 014 1.204e+01
E 006 015 9.330e+01
E 007 009 2.907e+01
E 007 013 1.900e+01
E 007 014 5.894e+01
E 007 016 8.440e+01
E 007 017 1.039e+02
E 007 018 5.707e+01
E 008 009 1.063e+01
E 008 011 1.334e+01
E 008 013 6.083e+00
E 008 015 6.818e+01
E 008 016 6.660e+01
E 008 017 8.732e+01
E 008 019 7.140e+01
E 009 013 1.476e+01
E 009 014 4.535e+01
E 009 016 5.597e+01
E 009 017 7.684e+01
E 009 018 3.007e+01
E 010 011 3.636e+01
E 010 014 2.470e+01
E 011 013 1.432e+01
E 012 016 7.780e+01
E 013 015 6.701e+01
E 013 017 9.140e+01
E 014 018 6.162e+01
E 016 019 1.476e+01
E 017 018 6.456e+01
E 017 019 1.640e+01
