N 000 016 092 6.929e-01
N 001 027 096 7.157e-01
N 002 073 081 1.382e-02
N 003 056 034 6.586e-01
N 004 085 082 9.973e-01
N 005 042 042 3.578e-01
N 006 009 082 8.425e-01
N 007 089 078 1.450e-01
N 008 041 006 9.957e-01
N 009 077 032 6.091e-01
N 010 035 001 1.400e-02
N 011 063 045 8.899e-01
N 012 004 019 6.089e-01
N 013 015 080 7.119e-01
N 014 084 067 4.540e-02
N 015 045 027 3.799e-01
N 016 082 094 9.694e-01
N 017 066 001 4.196e-01
N 018 043 030 9.283e-01
N 019 002 012 3.638e-01
E 000 001 1.170e+01
E 000 003 7.046e+01
E 000 004 6.972e+01
E 000 006 1.221e+01
E 000 007 7.433e+01
E 000 008 8.956e+01
E 000 017 1.038e+02
E 000 018 6.762e+01
E 001 004 5.967e+01
E 001 007 6.456e+01
E 001 008 9.108e+01
E 001 012 8.036e+01
E 001 013 2.000e+01
E 001 019 8.764e+01
E 002 003 4.998e+01
E 002 004 1.204e+01
E 002 006 6.401e+01
E 002 008 8.154e+01
E 002 012 9.276e+01
E 002 014 1.780e+01
E 002 017 8.031e+01
E 002 019 9.901e+01
E 003 008 3.176e+01
E 003 012 5.412e+01
E 003 015 1.304e+01
E 004 007 5.657e+00
E 004 008 8.782e+01
E 004 016 1.237e+01
E 004 019 1.086e+02
E 005 010 4.159e+01
E 005 015 1.530e+01
E 005 014 4.888e+01
E 005 007 5.920e+01
E 006 012 6.320e+01
E 006 010 8.507e+01
E 007 008 8.653e+01
E 007 009 4.754e+01
E 007 013 7.403e+01
E 007 016 1.746e+01
E 007 017 8.036e+01
E 007 019 1.092e+02
E 008 012 3.922e+01
E 008 016 9.708e+01
E 008 017 2.550e+01
E 009 013 7.841e+01
E 010 014 8.220e+01
E 010 019 3.479e+01
E 010 015 2.786e+01
E 011 017 4.410e+01
E 011 018 2.500e+01
E 011 019 6.935e+01
E 011 012 6.447e+01
E 012 016 1.082e+02
E 012 017 6.456e+01
E 013 017 9.403e+01
E 013 014 7.021e+01
E 014 017 6.841e+01
E 014 018 5.523e+01
E 015 016 7.654e+01
E 015 019 4.554e+01
