N 000 019 031 7.942e-01
N 001 097 050 5.643e-01
N 002 063 001 6.918e-01
N 003 016 090 4.697e-01
N 004 040 028 7.676e-01
N 005 032 057 7.611e-01
N 006 002 005 9.932e-01
N 007 088 022 4.412e-01
N 008 073 050 6.557e-01
N 009 014 097 2.710e-01
N 010 022 021 5.348e-01
N 011 011 090 9.969e-01
N 012 050 010 2.966e-01
N 013 087 000 6.859e-01
N 014 099 023 5.055e-03
N 015 037 025 2.621e-01
N 016 098 071 9.611e-01
N 017 054 092 1.101e-02
N 018 017 047 2.405e-02
N 019 030 069 9.863e-01
E 000 016 8.855e+01
E 000 002 5.325e+01
E 000 003 5.908e+01
E 000 010 1.044e+01
E 001 002 5.964e+01
E 001 003 9.034e+01
E 001 004 6.110e+01
E 001 007 2.941e+01
E 001 013 5.099e+01
E 001 014 2.707e+01
E 001 015 6.500e+01
E 001 019 6.964e+01
E 002 004 3.547e+01
E 002 015 3.538e+01
E 002 016 7.826e+01
E 002 017 9.144e+01
E 003 004 6.648e+01
E 003 007 9.904e+01
E 003 012 8.693e+01
E 003 019 2.524e+01
E 004 005 3.008e+01
E 004 007 4.837e+01
E 004 009 7.374e+01
E 004 015 4.243e+00
E 004 016 7.220e+01
E 004 017 6.551e+01
E 005 006 6.003e+01
E 005 007 6.604e+01
E 005 010 3.736e+01
E 005 011 3.912e+01
E 005 016 6.747e+01
E 006 008 8.406e+01
E 006 010 2.561e+01
E 006 012 4.826e+01
E 006 014 9.866e+01
E 007 008 3.176e+01
E 007 013 2.202e+01
E 007 016 5.001e+01
E 007 017 7.782e+01
E 008 012 4.614e+01
E 008 014 3.748e+01
E 008 016 3.265e+01
E 008 018 5.608e+01
E 008 019 4.701e+01
E 009 016 8.793e+01
E 009 010 7.642e+01
E 009 014 1.127e+02
E 010 013 6.831e+01
E 010 017 7.788e+01
E 011 016 8.905e+01
E 011 017 4.305e+01
E 011 012 8.900e+01
E 011 014 1.106e+02
E 012 018 4.958e+01
E 013 016 7.185e+01
E 015 018 2.973e+01
E 015 017 6.912e+01
E 016 018 8.448e+01
E 016 019 6.803e+01
E 018 019 2.555e+01
