N 000 023 091 9.678e-01
N 001 025 052 9.746e-01
N 002 079 016 9.446e-01
N 003 091 053 2.254e-01
N 004 039 080 5.118e-01
N 005 019 014 5.051e-01
N 006 060 085 4.939e-01
N 007 094 019 8.803e-01
N 008 086 021 1.987e-01
N 009 084 051 9.986e-01
N 010 067 010 4.681e-01
N 011 053 026 7.780e-01
N 012 023 094 7.680e-01
N 013 001 061 3.839e-01
N 014 005 046 1.769e-01
N 015 053 014 9.837e-01
N 016 076 088 5.280e-01
N 017 056 021 1.674e-01
N 018 010 049 4.958e-01
N 019 099 040 6.180e-02
E 000 001 3.905e+01
E 000 007 1.011e+02
E 000 011 7.159e+01
E 000 012 3.000e+00
E 000 015 8.264e+01
E 000 018 4.397e+01
E 001 002 6.490e+01
E 001 003 6.601e+01
E 001 010 5.940e+01
E 001 012 4.205e+01
E 001 016 6.243e+01
E 001 019 7.497e+01
E 002 008 8.602e+00
E 002 009 3.536e+01
E 002 010 1.342e+01
E 002 011 2.786e+01
E 002 013 9.005e+01
E 002 015 2.608e+01
E 002 017 2.354e+01
E 002 019 3.124e+01
E 003 007 3.413e+01
E 003 012 7.940e+01
E 003 013 9.035e+01
E 003 015 5.445e+01
E 003 018 8.110e+01
E 004 005 6.896e+01
E 004 010 7.539e+01
E 004 011 5.579e+01
E 004 013 4.249e+01
E 004 014 4.808e+01
E 004 016 3.785e+01
E 005 013 5.033e+01
E 006 010 7.533e+01
E 006 011 5.941e+01
E 006 014 6.742e+01
E 006 015 7.134e+01
E 007 010 2.846e+01
E 007 013 1.020e+02
E 007 016 7.131e+01
E 007 017 3.805e+01
E 008 009 3.007e+01
E 008 011 3.338e+01
E 008 013 9.394e+01
E 008 017 3.000e+01
E 009 011 3.982e+01
E 009 013 8.360e+01
E 009 015 4.827e+01
E 009 017 4.104e+01
E 010 012 9.483e+01
E 011 014 5.200e+01
E 011 019 4.808e+01
E 012 015 8.544e+01
E 013 016 7.971e+01
E 013 017 6.801e+01
E 013 018 1.500e+01
E 015 018 5.544e+01
E 015 019 5.284e+01
E 016 018 7.666e+01
E 016 019 5.323e+01
E 017 019 4.701e+01
