N 000 024 025 8.028e-01
N 001 058 081 7.086e-01
N 002 028 038 3.418e-01
N 003 089 092 3.258e-01
N 004 066 001 2.296e-02
N 005 050 097 5.965e-01
N 006 027 069 6.404e-01
N 007 086 094 6.430e-01
N 008 057 048 7.580e-01
N 009 093 044 2.432e-01
N 010 005 026 8.330e-01
N 011 034 034 9.273e-01
N 012 088 057 9.299e-04
N 013 007 002 1.854e-01
N 014 021 050 6.157e-01
N 015 030 031 8.226e-01
N 016 050 052 5.483e-01
N 017 000 054 9.415e-01
N 018 010 060 6.849e-02
N 019 090 002 3.879e-01
E 000 004 4.837e+01
E 000 008 4.022e+01
E 000 014 2.518e+01
E 000 016 3.748e+01
E 000 017 3.764e+01
E 000 019 6.989e+01
E 001 009 5.093e+01
E 001 002 5.243e+01
E 001 014 4.827e+01
E 001 015 5.731e+01
E 002 003 8.147e+01
E 002 006 3.102e+01
E 002 008 3.068e+01
E 002 010 2.594e+01
E 002 014 1.389e+01
E 002 017 3.225e+01
E 002 018 2.843e+01
E 002 019 7.169e+01
E 003 009 4.817e+01
E 003 012 3.501e+01
E 003 017 9.677e+01
E 003 007 3.606e+00
E 004 009 5.077e+01
E 004 015 4.686e+01
E 004 017 8.465e+01
E 004 007 9.513e+01
E 005 019 1.031e+02
E 005 011 6.500e+01
E 005 006 3.624e+01
E 005 007 3.612e+01
E 006 008 3.662e+01
E 006 013 6.992e+01
E 006 016 2.860e+01
E 006 018 1.924e+01
E 006 019 9.197e+01
E 007 010 1.058e+02
E 007 013 1.213e+02
E 007 014 7.849e+01
E 007 018 8.326e+01
E 007 019 9.209e+01
E 008 011 2.693e+01
E 008 012 3.228e+01
E 008 018 4.851e+01
E 009 010 8.982e+01
E 009 014 7.225e+01
E 009 015 6.433e+01
E 009 016 4.374e+01
E 009 018 8.453e+01
E 010 019 8.832e+01
E 011 016 2.408e+01
E 012 016 3.833e+01
E 012 019 5.504e+01
E 013 017 5.247e+01
E 013 018 5.808e+01
E 015 017 3.780e+01
E 015 018 3.523e+01
E 015 019 6.664e+01
E 017 018 1.166e+01
E 017 019 1.039e+02
E 018 019 9.881e+01
