N 000 008 047 6.341e-01
N 001 053 037 2.933e-01
N 002 073 090 4.084e-01
N 003 078 039 8.172e-01
N 004 084 006 9.583e-01
N 005 005 012 1.469e-01
N 006 057 016 9.451e-01
N 007 054 050 9.106e-02
N 008 070 078 3.457e-01
N 009 028 045 9.220e-01
N 010 096 033 2.408e-01
N 011 013 041 7.060e-01
N 012 001 036 7.840e-01
N 013 032 073 1.722e-01
N 014 016 079 9.035e-01
N 015 028 069 1.768e-01
N 016 093 006 3.405e-01
N 017 061 050 1.948e-01
N 018 095 093 6.972e-01
N 019 095 086 5.134e-01
E 000 002 7.794e+01
E 000 004 8.635e+01
E 000 005 3.513e+01
E 000 007 4.610e+01
E 000 008 6.932e+01
E 000 009 2.010e+01
E 000 010 8.911e+01
E 001 002 5.665e+01
E 001 005 5.412e+01
E 001 007 1.304e+01
E 001 010 4.319e+01
E 001 013 4.168e+01
E 001 019 6.454e+01
E 002 003 5.124e+01
E 002 011 7.747e+01
E 002 013 4.438e+01
E 002 014 5.805e+01
E 002 015 4.966e+01
E 002 019 2.236e+01
E 003 016 3.625e+01
E 003 012 7.706e+01
E 003 007 2.640e+01
E 004 006 2.879e+01
E 004 007 5.325e+01
E 004 010 2.955e+01
E 004 011 7.916e+01
E 004 012 8.826e+01
E 004 015 8.429e+01
E 004 017 4.965e+01
E 005 006 5.215e+01
E 005 009 4.022e+01
E 005 010 9.339e+01
E 005 011 3.008e+01
E 005 012 2.433e+01
E 005 013 6.671e+01
E 005 014 6.790e+01
E 005 015 6.147e+01
E 006 016 3.736e+01
E 006 012 5.946e+01
E 006 019 7.965e+01
E 007 011 4.198e+01
E 007 013 3.183e+01
E 007 015 3.220e+01
E 007 017 7.000e+00
E 007 018 5.941e+01
E 008 016 7.558e+01
E 008 010 5.197e+01
E 008 019 2.625e+01
E 008 017 2.941e+01
E 009 016 7.580e+01
E 009 011 1.552e+01
E 009 014 3.606e+01
E 010 015 7.694e+01
E 010 018 6.001e+01
E 011 012 1.300e+01
E 012 017 6.161e+01
E 012 019 1.065e+02
E 014 018 8.023e+01
E 015 016 9.052e+01
E 016 018 8.702e+01
