N 000 042 035 8.699e-01
N 001 068 011 8.873e-01
N 002 010 001 7.302e-01
N 003 008 031 2.904e-01
N 004 025 092 8.828e-01
N 005 074 068 3.906e-01
N 006 021 079 2.039e-01
N 007 037 058 3.041e-01
N 008 018 058 3.025e-01
N 009 019 093 8.305e-01
N 010 041 018 8.600e-01
N 011 054 098 6.577e-01
N 012 026 056 3.587e-01
N 013 043 068 1.159e-02
N 014 006 067 4.316e-01
N 015 046 008 1.219e-01
N 016 002 002 6.165e-01
N 017 077 025 7.877e-01
N 018 015 036 1.109e-01
N 019 090 061 5.555e-01
E 000 006 4.875e+01
E 000 014 4.817e+01
E 000 015 2.729e+01
E 000 017 3.640e+01
E 000 018 2.702e+01
E 000 019 5.459e+01
E 001 011 8.812e+01
E 001 017 1.664e+01
E 001 018 5.860e+01
E 001 003 6.325e+01
E 001 012 6.155e+01
E 002 009 9.244e+01
E 002 012 5.728e+01
E 002 017 7.117e+01
E 002 006 7.877e+01
E 002 015 3.667e+01
E 003 004 6.332e+01
E 003 009 6.297e+01
E 003 014 3.606e+01
E 003 018 8.602e+00
E 003 019 8.732e+01
E 004 016 9.289e+01
E 004 010 7.571e+01
E 004 014 3.140e+01
E 005 008 5.689e+01
E 005 016 9.767e+01
E 005 019 1.746e+01
E 005 013 3.100e+01
E 006 007 2.640e+01
E 006 008 2.121e+01
E 006 012 2.354e+01
E 006 019 7.131e+01
E 007 008 1.900e+01
E 007 009 3.936e+01
E 007 010 4.020e+01
E 007 013 1.166e+01
E 007 014 3.228e+01
E 007 016 6.604e+01
E 008 016 5.824e+01
E 008 018 2.220e+01
E 008 019 7.206e+01
E 009 012 3.766e+01
E 009 013 3.466e+01
E 009 018 5.714e+01
E 010 016 4.215e+01
E 010 012 4.085e+01
E 010 011 8.105e+01
E 011 018 7.325e+01
E 011 012 5.048e+01
E 011 013 3.195e+01
E 012 013 2.081e+01
E 012 018 2.283e+01
E 013 014 3.701e+01
E 013 015 6.007e+01
E 013 017 5.482e+01
E 014 015 7.128e+01
E 014 019 8.421e+01
E 015 017 3.536e+01
E 017 018 6.297e+01
E 018 019 7.906e+01
