N 000 023 041 2.263e-01
N 001 039 057 4.704e-01
N 002 042 063 9.287e-01
N 003 021 061 6.043e-01
N 004 062 072 6.862e-01
N 005 011 009 7.818e-02
N 006 098 055 9.825e-01
N 007 082 024 9.349e-02
N 008 099 060 2.593e-01
N 009 094 080 4.150e-01
N 010 051 017 4.192e-01
N 011 056 032 5.162e-01
N 012 082 088 9.329e-01
N 013 016 049 6.257e-01
N 014 009 096 5.570e-01
N 015 078 024 1.590e-01
N 016 071 079 8.132e-01
N 017 027 033 9.683e-01
N 018 042 088 4.779e-02
N 019 095 084 6.678e-02
E 000 001 2.263e+01
E 000 006 7.630e+01
E 000 008 7.834e+01
E 000 012 7.543e+01
E 000 016 6.122e+01
E 000 017 8.944e+00
E 000 018 5.070e+01
E 000 019 8.386e+01
E 001 002 6.708e+00
E 001 003 1.844e+01
E 001 006 5.903e+01
E 001 009 5.962e+01
E 001 016 3.883e+01
E 002 005 6.227e+01
E 002 006 5.657e+01
E 002 007 5.587e+01
E 002 011 3.401e+01
E 002 014 4.667e+01
E 003 004 4.245e+01
E 003 005 5.295e+01
E 003 009 7.543e+01
E 003 010 5.325e+01
E 003 015 6.796e+01
E 003 019 7.749e+01
E 004 008 3.890e+01
E 004 011 4.045e+01
E 004 014 5.818e+01
E 004 006 3.981e+01
E 005 016 9.220e+01
E 005 010 4.079e+01
E 005 014 8.702e+01
E 006 013 8.222e+01
E 006 014 9.799e+01
E 006 015 3.689e+01
E 006 016 3.612e+01
E 006 019 2.915e+01
E 007 016 5.609e+01
E 007 019 6.139e+01
E 007 012 6.400e+01
E 007 013 7.058e+01
E 008 011 5.131e+01
E 008 013 8.373e+01
E 008 015 4.168e+01
E 008 017 7.690e+01
E 009 010 7.628e+01
E 009 012 1.442e+01
E 009 013 8.393e+01
E 009 014 8.649e+01
E 010 011 1.581e+01
E 010 014 8.947e+01
E 010 018 7.157e+01
E 011 017 2.902e+01
E 013 014 4.752e+01
E 013 015 6.685e+01
E 013 016 6.265e+01
E 014 015 9.972e+01
E 014 016 6.429e+01
E 014 017 6.552e+01
E 015 019 6.236e+01
E 016 018 3.036e+01
