N 000 098 051 8.325e-01
N 001 033 031 4.732e-01
N 002 081 024 7.602e-01
N 003 093 028 8.625e-01
N 004 044 099 9.656e-01
N 005 002 093 9.586e-01
N 006 052 023 8.969e-01
N 007 013 062 8.688e-01
N 008 004 081 2.434e-01
N 009 028 056 6.402e-01
N 010 064 082 4.892e-01
N 011 077 097 8.229e-01
N 012 074 097 9.435e-01
N 013 016 095 5.742e-01
N 014 087 029 8.363e-01
N 015 009 088 5.609e-01
N 016 033 069 8.710e-01
N 017 009 071 7.000e-01
N 018 081 016 7.818e-01
N 019 051 072 1.627e-01
E 000 002 3.191e+01
E 000 004 7.225e+01
E 000 006 5.385e+01
E 000 008 9.867e+01
E 000 010 4.601e+01
E 000 011 5.057e+01
E 000 013 9.306e+01
E 000 017 9.122e+01
E 001 010 5.968e+01
E 001 003 6.007e+01
E 001 004 6.888e+01
E 001 013 6.622e+01
E 002 005 1.049e+02
E 002 006 2.902e+01
E 002 007 7.790e+01
E 002 008 9.580e+01
E 002 009 6.191e+01
E 002 016 6.580e+01
E 002 019 5.660e+01
E 003 018 1.697e+01
E 003 019 6.083e+01
E 003 005 1.118e+02
E 004 008 4.386e+01
E 004 012 3.007e+01
E 004 015 3.669e+01
E 004 017 4.482e+01
E 004 019 2.789e+01
E 005 010 6.297e+01
E 005 012 7.211e+01
E 005 014 1.064e+02
E 005 015 8.602e+00
E 006 009 4.080e+01
E 006 012 7.720e+01
E 006 014 3.551e+01
E 006 015 7.794e+01
E 006 017 6.444e+01
E 006 018 2.983e+01
E 006 019 4.901e+01
E 007 008 2.102e+01
E 007 009 1.616e+01
E 007 010 5.478e+01
E 007 013 3.314e+01
E 007 014 8.102e+01
E 007 015 2.631e+01
E 008 014 9.794e+01
E 008 016 3.138e+01
E 008 017 1.118e+01
E 008 018 1.008e+02
E 009 013 4.080e+01
E 010 019 1.640e+01
E 011 016 5.215e+01
E 011 018 8.110e+01
E 011 012 3.000e+00
E 012 015 6.562e+01
E 013 015 9.899e+00
E 014 016 6.720e+01
E 015 016 3.061e+01
E 015 017 1.700e+01
E 015 018 1.018e+02
E 015 019 4.494e+01
