N 000 035 070 6.250e-01
N 001 038 039 8.094e-01
N 002 023 024 3.288e-01
N 003 069 081 7.867e-01
N 004 054 054 7.328e-01
N 005 090 046 7.058e-01
N 006 018 074 3.492e-03
N 007 008 034 5.056e-01
N 008 033 019 8.219e-01
N 009 074 028 9.261e-01
N 010 081 061 2.467e-01
N 011 022 037 7.420e-01
N 012 043 070 2.849e-01
N 013 008 092 7.922e-02
N 014 047 057 5.516e-01
N 015 015 012 2.981e-01
N 016 033 068 4.738e-01
N 017 038 050 4.355e-01
N 018 001 094 2.566e-01
N 019 020 095 6.479e-01
E 000 018 4.162e+01
E 000 010 4.687e+01
E 000 003 3.574e+01
E 000 013 3.483e+01
E 001 003 5.220e+01
E 001 004 2.193e+01
E 001 008 2.062e+01
E 001 010 4.830e+01
E 001 011 1.612e+01
E 001 019 5.882e+01
E 002 003 7.325e+01
E 002 005 7.052e+01
E 002 008 1.118e+01
E 002 012 5.016e+01
E 002 016 4.512e+01
E 002 018 7.338e+01
E 003 004 3.089e+01
E 003 008 7.169e+01
E 003 009 5.324e+01
E 003 012 2.823e+01
E 004 005 3.688e+01
E 004 006 4.118e+01
E 004 012 1.942e+01
E 004 014 7.616e+00
E 004 019 5.326e+01
E 005 009 2.408e+01
E 005 007 8.287e+01
E 006 010 6.433e+01
E 007 008 2.915e+01
E 007 009 6.627e+01
E 007 011 1.432e+01
E 007 012 5.021e+01
E 007 015 2.309e+01
E 007 017 3.400e+01
E 008 009 4.198e+01
E 008 010 6.378e+01
E 008 012 5.197e+01
E 008 015 1.931e+01
E 009 011 5.277e+01
E 009 019 8.605e+01
E 010 011 6.369e+01
E 010 013 7.931e+01
E 010 016 4.851e+01
E 011 013 5.675e+01
E 011 015 2.596e+01
E 012 014 1.360e+01
E 012 018 4.837e+01
E 013 016 3.466e+01
E 013 017 5.161e+01
E 014 019 4.662e+01
E 014 017 1.140e+01
E 014 015 5.522e+01
E 015 016 5.882e+01
E 015 017 4.442e+01
E 015 018 8.319e+01
E 015 019 8.315e+01
E 016 017 1.868e+01
E 017 018 5.749e+01
E 017 019 4.847e+01
E 018 019 1.903e+01
