N 000 083 005 1.386e-01
N 001 036 024 5.332e-01
N 002 087 086 6.875e-01
N 003 023 003 1.735e-01
N 004 013 084 1.056e-01
N 005 060 093 6.369e-04
N 006 029 081 7.675e-01
N 007 016 025 6.038e-01
N 008 096 026 2.299e-01
N 009 081 038 1.645e-01
N 010 031 003 4.399e-01
N 011 060 015 6.858e-01
N 012 041 058 7.351e-01
N 013 043 009 3.911e-01
N 014 001 049 5.040e-01
N 015 011 060 5.215e-01
N 016 041 002 8.193e-01
N 017 027 010 7.229e-02
N 018 098 048 9.107e-01
N 019 047 045 4.970e-01
E 000 003 6.003e+01
E 000 006 9.323e+01
E 000 008 2.470e+01
E 000 009 3.306e+01
E 000 010 5.204e+01
E 000 013 4.020e+01
E 000 015 9.060e+01
E 000 019 5.381e+01
E 001 016 2.256e+01
E 001 010 2.159e+01
E 001 012 3.437e+01
E 001 014 4.301e+01
E 002 004 7.403e+01
E 002 005 2.789e+01
E 002 006 5.822e+01
E 002 007 9.361e+01
E 002 015 8.032e+01
E 002 016 9.577e+01
E 002 017 9.683e+01
E 003 007 2.309e+01
E 003 010 8.000e+00
E 003 014 5.099e+01
E 003 018 8.746e+01
E 003 019 4.837e+01
E 004 009 8.210e+01
E 004 014 3.700e+01
E 004 015 2.408e+01
E 005 009 5.887e+01
E 005 010 9.456e+01
E 006 008 8.668e+01
E 006 009 6.748e+01
E 006 013 7.335e+01
E 006 016 7.991e+01
E 007 008 8.001e+01
E 007 010 2.663e+01
E 007 016 3.397e+01
E 007 018 8.516e+01
E 008 010 6.895e+01
E 008 014 9.774e+01
E 008 017 7.083e+01
E 008 019 5.255e+01
E 009 010 6.103e+01
E 009 012 4.472e+01
E 009 017 6.083e+01
E 010 011 3.138e+01
E 010 015 6.041e+01
E 011 017 3.338e+01
E 011 012 4.701e+01
E 011 018 5.033e+01
E 011 015 6.653e+01
E 012 015 3.007e+01
E 012 016 5.600e+01
E 012 018 5.787e+01
E 012 019 1.432e+01
E 013 014 5.800e+01
E 015 017 5.250e+01
E 015 018 8.782e+01
E 016 018 7.325e+01
E 017 018 8.053e+01
E 018 019 5.109e+01
