N 000 008 010 9.804e-01
N 001 097 007 9.212e-02
N 002 005 054 4.781e-01
N 003 031 091 3.193e-01
N 004 003 097 9.121e-02
N 005 087 072 3.482e-01
N 006 061 052 3.128e-01
N 007 041 057 7.559e-01
N 008 091 006 8.142e-01
N 009 066 037 4.809e-01
N 010 021 048 8.715e-01
N 011 058 060 8.442e-01
N 012 039 056 4.941e-01
N 013 016 028 4.531e-01
N 014 003 070 7.605e-01
N 015 008 091 2.302e-01
N 016 005 077 1.517e-01
N 017 082 041 2.717e-01
N 018 089 043 4.879e-01
N 019 027 097 1.920e-01
E 000 003 8.420e+01
E 000 005 1.004e+02
E 000 007 5.743e+01
E 000 012 5.547e+01
E 000 018 8.746e+01
E 000 019 8.905e+01
E 001 008 6.083e+00
E 001 002 1.033e+02
E 001 003 1.068e+02
E 001 013 8.368e+01
E 001 007 7.507e+01
E 002 015 3.712e+01
E 002 013 2.823e+01
E 002 006 5.604e+01
E 002 009 6.332e+01
E 003 011 4.111e+01
E 003 006 4.920e+01
E 003 017 7.142e+01
E 004 005 8.764e+01
E 004 008 1.266e+02
E 004 011 6.629e+01
E 004 012 5.456e+01
E 004 014 2.700e+01
E 004 017 9.683e+01
E 004 019 2.400e+01
E 005 007 4.838e+01
E 005 011 3.138e+01
E 005 013 8.353e+01
E 005 015 8.125e+01
E 005 017 3.140e+01
E 005 018 2.907e+01
E 006 008 5.492e+01
E 006 010 4.020e+01
E 006 012 2.236e+01
E 006 014 6.073e+01
E 006 019 5.640e+01
E 007 008 7.142e+01
E 007 009 3.202e+01
E 007 011 1.726e+01
E 007 014 4.016e+01
E 007 018 5.000e+01
E 007 019 4.238e+01
E 008 012 7.214e+01
E 008 013 7.816e+01
E 008 018 3.705e+01
E 009 015 7.925e+01
E 009 018 2.377e+01
E 010 014 2.843e+01
E 010 011 3.890e+01
E 010 013 2.062e+01
E 011 013 5.280e+01
E 011 015 5.883e+01
E 012 013 3.624e+01
E 012 015 4.675e+01
E 012 016 3.996e+01
E 012 017 4.554e+01
E 013 016 5.022e+01
E 015 017 8.931e+01
E 016 017 8.500e+01
E 018 019 8.222e+01
