N 000 098 093 6.594e-01
N 001 060 022 5.928e-01
N 002 094 087 7.831e-01
N 003 068 036 9.446e-01
N 004 029 090 8.603e-01
N 005 089 037 3.682e-01
N 006 005 041 3.033e-01
N 007 056 091 6.274e-01
N 008 082 030 6.484e-01
N 009 075 044 8.900e-01
N 010 076 039 7.672e-01
N 011 080 014 9.476e-01
N 012 050 098 2.571e-01
N 013 013 088 8.299e-01
N 014 042 005 5.240e-01
N 015 044 081 1.711e-01
N 016 017 051 9.179e-01
N 017 070 054 1.813e-01
N 018 019 064 1.714e-01
N 019 079 066 4.649e-01
E 000 016 9.124e+01
E 000 017 4.801e+01
E 000 002 7.211e+00
E 000 018 8.415e+01
E 001 004 7.473e+01
E 001 005 3.265e+01
E 001 007 6.912e+01
E 001 009 2.663e+01
E 001 011 2.154e+01
E 001 013 8.102e+01
E 001 015 6.113e+01
E 001 016 5.187e+01
E 001 018 5.869e+01
E 002 009 4.701e+01
E 002 019 2.581e+01
E 002 012 4.535e+01
E 003 006 6.320e+01
E 003 011 2.506e+01
E 003 012 6.456e+01
E 003 014 4.046e+01
E 003 015 5.100e+01
E 003 017 1.811e+01
E 003 018 5.644e+01
E 003 019 3.195e+01
E 004 008 8.006e+01
E 004 011 9.153e+01
E 004 006 5.456e+01
E 005 010 1.315e+01
E 005 013 9.153e+01
E 005 014 5.686e+01
E 005 017 2.550e+01
E 006 009 7.006e+01
E 006 011 7.971e+01
E 006 015 5.587e+01
E 006 017 6.629e+01
E 006 018 2.693e+01
E 007 008 6.631e+01
E 007 010 5.571e+01
E 007 014 8.713e+01
E 007 017 3.956e+01
E 007 018 4.580e+01
E 008 019 3.612e+01
E 009 011 3.041e+01
E 009 015 4.827e+01
E 010 011 2.532e+01
E 011 013 9.982e+01
E 011 015 7.606e+01
E 011 019 5.201e+01
E 012 019 4.319e+01
E 012 013 3.833e+01
E 012 015 1.803e+01
E 013 014 8.792e+01
E 013 016 3.722e+01
E 013 017 6.637e+01
E 014 016 5.235e+01
E 015 019 3.808e+01
E 016 017 5.308e+01
E 016 018 1.315e+01
E 016 019 6.379e+01
E 017 019 1.500e+01
