N 000 063 069 9.189e-01
N 001 083 014 2.076e-01
N 002 077 046 9.474e-01
N 003 084 006 7.955e-01
N 004 004 053 6.217e-01
N 005 001 083 1.838e-01
N 006 046 056 4.015e-01
N 007 085 023 5.739e-01
N 008 032 090 2.218e-01
N 009 015 003 8.984e-01
N 010 058 069 3.324e-01
N 011 038 009 8.687e-02
N 012 045 023 7.331e-01
N 013 025 019 2.144e-02
N 014 005 016 9.626e-02
N 015 088 074 7.745e-01
N 016 017 094 3.479e-01
N 017 042 007 7.113e-01
N 018 088 024 3.566e-01
N 019 076 034 9.988e-01
E 000 016 5.235e+01
E 000 001 5.852e+01
E 000 004 6.113e+01
E 000 005 6.356e+01
E 000 017 6.546e+01
E 001 002 3.256e+01
E 001 015 6.021e+01
E 001 007 9.220e+00
E 002 005 8.453e+01
E 002 006 3.257e+01
E 002 009 7.545e+01
E 002 011 5.376e+01
E 002 014 7.800e+01
E 002 019 1.204e+01
E 003 017 4.201e+01
E 003 012 4.254e+01
E 003 007 1.703e+01
E 004 017 5.967e+01
E 004 012 5.080e+01
E 004 005 3.015e+01
E 005 006 5.248e+01
E 005 008 3.178e+01
E 005 013 6.835e+01
E 005 017 8.635e+01
E 005 018 1.051e+02
E 005 019 8.959e+01
E 006 018 5.280e+01
E 006 010 1.769e+01
E 006 014 5.728e+01
E 007 009 7.280e+01
E 007 011 4.904e+01
E 007 012 4.000e+01
E 007 016 9.831e+01
E 008 009 8.865e+01
E 008 010 3.342e+01
E 008 013 7.134e+01
E 008 016 1.552e+01
E 008 017 8.360e+01
E 008 018 8.656e+01
E 009 011 2.377e+01
E 010 011 6.325e+01
E 010 012 4.780e+01
E 010 014 7.495e+01
E 011 012 1.565e+01
E 011 015 8.201e+01
E 011 018 5.220e+01
E 011 019 4.549e+01
E 012 014 4.061e+01
E 012 015 6.671e+01
E 012 017 1.628e+01
E 012 018 4.301e+01
E 012 019 3.289e+01
E 013 015 8.363e+01
E 014 015 1.013e+02
E 014 017 3.808e+01
E 015 017 8.127e+01
E 016 019 8.415e+01
E 016 017 9.052e+01
E 017 018 4.904e+01
E 018 019 1.562e+01
