N 000 053 088 1.811e-01
N 001 075 050 2.018e-01
N 002 058 093 4.123e-01
N 003 075 052 3.762e-03
N 004 029 017 1.420e-01
N 005 003 039 2.759e-01
N 006 092 077 9.219e-01
N 007 050 098 1.147e-01
N 008 050 084 8.193e-01
N 009 063 002 2.426e-01
N 010 073 030 8.725e-01
N 011 053 081 1.276e-01
N 012 028 069 3.535e-01
N 013 086 036 5.986e-02
N 014 065 077 2.812e-01
N 015 061 020 1.202e-01
N 016 015 092 7.095e-01
N 017 020 096 7.415e-01
N 018 057 056 8.898e-01
N 019 061 070 1.329e-01
E 000 003 4.219e+01
E 000 004 7.495e+01
E 000 008 5.000e+00
E 000 011 7.000e+00
E 000 016 3.821e+01
E 000 018 3.225e+01
E 001 016 7.324e+01
E 001 002 4.624e+01
E 002 008 1.204e+01
E 002 009 9.114e+01
E 002 013 6.351e+01
E 002 015 7.306e+01
E 002 016 4.301e+01
E 003 005 7.316e+01
E 003 007 5.235e+01
E 003 010 2.209e+01
E 003 013 1.942e+01
E 003 017 7.043e+01
E 004 007 8.368e+01
E 004 008 7.021e+01
E 004 012 5.201e+01
E 004 014 6.997e+01
E 004 015 3.214e+01
E 004 017 7.951e+01
E 004 019 6.191e+01
E 005 007 7.543e+01
E 005 011 6.530e+01
E 005 012 3.905e+01
E 005 014 7.272e+01
E 005 015 6.103e+01
E 005 016 5.434e+01
E 005 017 5.948e+01
E 006 008 4.258e+01
E 006 010 5.070e+01
E 006 012 6.450e+01
E 006 014 2.700e+01
E 006 015 6.488e+01
E 006 019 3.178e+01
E 007 008 1.400e+01
E 007 016 3.551e+01
E 007 017 3.007e+01
E 008 011 4.243e+00
E 008 014 1.655e+01
E 008 019 1.780e+01
E 009 016 1.020e+02
E 009 019 6.803e+01
E 009 011 7.963e+01
E 009 015 1.811e+01
E 010 017 8.465e+01
E 011 012 2.773e+01
E 011 014 1.265e+01
E 011 015 6.152e+01
E 011 017 3.625e+01
E 012 018 3.178e+01
E 012 019 3.302e+01
E 013 016 9.043e+01
E 013 019 4.220e+01
E 014 018 2.247e+01
E 014 019 8.062e+00
E 018 019 1.456e+01
