N 000 029 070 6.447e-01
N 001 098 081 6.358e-01
N 002 022 003 2.122e-01
N 003 066 002 7.652e-01
N 004 030 041 9.380e-01
N 005 092 029 5.429e-01
N 006 064 025 6.125e-01
N 007 036 010 3.649e-02
N 008 012 037 3.778e-01
N 009 082 086 9.037e-01
N 010 026 074 7.759e-01
N 011 055 068 1.636e-01
N 012 075 063 7.978e-01
N 013 063 047 4.628e-01
N 014 040 015 5.039e-02
N 015 019 020 2.406e-01
N 016 093 065 7.713e-01
N 017 079 067 1.718e-01
N 018 062 068 2.098e-01
N 019 075 019 4.970e-02
E 000 001 6.987e+01
E 000 003 7.741e+01
E 000 007 6.041e+01
E 000 008 3.712e+01
E 000 009 5.536e+01
E 000 011 2.608e+01
E 000 013 4.105e+01
E 000 019 6.868e+01
E 001 002 1.089e+02
E 001 004 7.889e+01
E 001 006 6.551e+01
E 001 014 8.786e+01
E 001 015 9.981e+01
E 001 017 2.360e+01
E 002 011 7.290e+01
E 002 012 8.006e+01
E 002 017 8.570e+01
E 002 009 1.024e+02
E 003 007 3.105e+01
E 003 011 6.691e+01
E 003 012 6.166e+01
E 003 016 6.854e+01
E 003 017 6.629e+01
E 003 018 6.612e+01
E 004 019 5.009e+01
E 004 017 5.547e+01
E 004 005 6.315e+01
E 004 009 6.877e+01
E 005 013 3.413e+01
E 006 007 3.176e+01
E 006 009 6.360e+01
E 006 016 4.941e+01
E 006 017 4.460e+01
E 006 018 4.305e+01
E 006 019 1.253e+01
E 007 009 8.884e+01
E 007 012 6.580e+01
E 007 018 6.356e+01
E 008 009 8.545e+01
E 008 011 5.301e+01
E 008 019 6.552e+01
E 009 013 4.338e+01
E 009 015 9.124e+01
E 009 016 2.371e+01
E 009 017 1.924e+01
E 009 019 6.736e+01
E 010 016 6.760e+01
E 010 019 7.366e+01
E 010 011 2.961e+01
E 011 014 5.508e+01
E 011 017 2.402e+01
E 012 019 4.400e+01
E 012 017 5.657e+00
E 013 016 3.499e+01
E 013 017 2.561e+01
E 013 019 3.046e+01
E 014 016 7.286e+01
E 014 018 5.738e+01
E 014 017 6.500e+01
E 015 019 5.601e+01
