N 000 005 053 8.822e-01
N 001 048 021 4.317e-01
N 002 059 052 8.996e-01
N 003 079 036 7.390e-01
N 004 008 077 6.339e-01
N 005 029 006 7.814e-01
N 006 037 044 8.544e-01
N 007 076 074 6.090e-01
N 008 027 052 6.586e-01
N 009 087 084 4.135e-01
N 010 092 001 8.976e-01
N 011 082 026 7.371e-01
N 012 082 017 8.630e-01
N 013 055 060 4.574e-01
N 014 039 095 3.900e-01
N 015 065 015 2.640e-01
N 016 049 074 8.064e-01
N 017 055 029 5.046e-01
N 018 045 090 5.078e-01
N 019 022 060 2.586e-01
E 000 008 2.202e+01
E 000 001 5.360e+01
E 000 011 8.160e+01
E 000 004 2.419e+01
E 000 006 3.324e+01
E 001 007 5.994e+01
E 001 011 3.437e+01
E 001 012 3.423e+01
E 001 013 3.962e+01
E 001 015 1.803e+01
E 001 018 6.907e+01
E 002 017 2.335e+01
E 002 010 6.075e+01
E 002 012 4.188e+01
E 002 018 4.050e+01
E 002 014 4.742e+01
E 003 006 4.276e+01
E 003 007 3.812e+01
E 003 011 1.044e+01
E 003 012 1.924e+01
E 003 014 7.128e+01
E 003 015 2.524e+01
E 004 008 3.140e+01
E 004 010 1.133e+02
E 004 015 8.422e+01
E 004 017 6.718e+01
E 004 018 3.922e+01
E 005 010 6.320e+01
E 005 011 5.665e+01
E 005 007 8.266e+01
E 006 019 2.193e+01
E 006 010 6.981e+01
E 007 008 5.371e+01
E 007 009 1.487e+01
E 007 014 4.254e+01
E 007 016 2.700e+01
E 008 009 6.800e+01
E 008 011 6.084e+01
E 008 016 3.111e+01
E 009 010 8.315e+01
E 009 012 6.719e+01
E 009 015 7.242e+01
E 009 017 6.363e+01
E 009 019 6.929e+01
E 010 011 2.693e+01
E 010 013 6.964e+01
E 010 014 1.079e+02
E 010 017 4.640e+01
E 011 018 7.393e+01
E 012 013 5.077e+01
E 012 015 1.712e+01
E 012 016 6.586e+01
E 012 017 2.955e+01
E 012 019 7.382e+01
E 013 014 3.848e+01
E 013 015 4.610e+01
E 013 017 3.100e+01
E 014 016 2.326e+01
E 016 019 3.041e+01
E 017 019 4.528e+01
