N 000 052 078 7.008e-01
N 001 001 097 2.091e-01
N 002 061 068 8.237e-01
N 003 087 066 6.081e-01
N 004 043 052 7.689e-01
N 005 033 017 3.693e-01
N 006 039 058 8.301e-01
N 007 023 044 5.208e-01
N 008 007 028 8.138e-01
N 009 060 031 7.699e-02
N 010 038 064 3.401e-01
N 011 043 025 6.281e-01
N 012 095 040 6.542e-01
N 013 017 050 5.909e-01
N 014 032 088 6.562e-01
N 015 045 066 9.538e-01
N 016 010 020 7.335e-01
N 017 000 068 8.503e-01
N 018 034 073 2.510e-01
N 019 016 041 4.228e-01
E 000 002 1.345e+01
E 000 003 3.700e+01
E 000 009 4.768e+01
E 000 013 4.482e+01
E 000 015 1.389e+01
E 000 016 7.161e+01
E 001 009 8.853e+01
E 001 018 4.080e+01
E 001 012 1.099e+02
E 001 005 8.616e+01
E 002 004 2.408e+01
E 002 005 5.818e+01
E 002 006 2.417e+01
E 002 011 4.662e+01
E 002 013 4.754e+01
E 003 006 4.866e+01
E 003 010 4.904e+01
E 003 014 5.924e+01
E 003 016 8.969e+01
E 003 017 8.702e+01
E 003 019 7.527e+01
E 004 016 4.597e+01
E 004 017 4.588e+01
E 004 005 3.640e+01
E 004 014 3.764e+01
E 005 007 2.879e+01
E 005 013 3.667e+01
E 005 015 5.045e+01
E 005 018 5.601e+01
E 005 019 2.941e+01
E 006 009 3.421e+01
E 006 010 6.083e+00
E 006 014 3.081e+01
E 006 015 1.000e+01
E 006 016 4.780e+01
E 006 018 1.581e+01
E 007 014 4.491e+01
E 008 016 8.544e+00
E 008 009 5.308e+01
E 008 018 5.248e+01
E 008 012 8.881e+01
E 009 012 3.614e+01
E 009 014 6.351e+01
E 009 016 5.120e+01
E 009 018 4.940e+01
E 010 012 6.185e+01
E 010 013 2.524e+01
E 010 014 2.474e+01
E 010 019 3.183e+01
E 011 019 3.138e+01
E 011 012 5.412e+01
E 011 015 4.105e+01
E 012 013 7.864e+01
E 012 015 5.636e+01
E 012 017 9.904e+01
E 013 014 4.085e+01
E 013 015 3.225e+01
E 015 016 5.780e+01
E 015 017 4.504e+01
E 017 019 3.138e+01
