N 000 071 079 6.121e-01
N 001 060 010 1.950e-01
N 002 069 013 8.205e-01
N 003 034 018 6.875e-01
N 004 001 058 8.248e-01
N 005 057 047 4.163e-02
N 006 092 082 9.499e-01
N 007 019 048 1.717e-01
N 008 022 079 1.962e-02
N 009 051 088 1.980e-01
N 010 035 000 8.869e-01
N 011 039 010 1.696e-01
N 012 009 001 7.806e-01
N 013 008 008 8.005e-01
N 014 035 005 4.738e-01
N 015 050 030 2.244e-01
N 016 077 087 7.101e-01
N 017 051 009 2.730e-01
N 018 095 043 5.544e-01
N 019 080 070 7.006e-01
E 000 001 6.987e+01
E 000 002 6.603e+01
E 000 007 6.054e+01
E 000 008 4.900e+01
E 000 013 9.492e+01
E 000 016 1.000e+01
E 000 017 7.280e+01
E 000 018 4.327e+01
E 001 009 7.852e+01
E 001 002 9.487e+00
E 001 006 7.879e+01
E 002 003 3.536e+01
E 002 004 8.154e+01
E 002 005 3.606e+01
E 002 008 8.102e+01
E 002 009 7.713e+01
E 002 011 3.015e+01
E 002 015 2.550e+01
E 002 018 3.970e+01
E 003 016 8.130e+01
E 003 011 9.434e+00
E 003 012 3.023e+01
E 003 013 2.786e+01
E 004 008 2.970e+01
E 004 009 5.831e+01
E 004 012 5.756e+01
E 004 013 5.049e+01
E 004 014 6.297e+01
E 004 017 7.001e+01
E 004 018 9.519e+01
E 004 019 7.991e+01
E 005 010 5.189e+01
E 005 006 4.950e+01
E 005 007 3.801e+01
E 006 011 8.940e+01
E 006 017 8.373e+01
E 006 007 8.053e+01
E 007 008 3.114e+01
E 007 018 7.616e+01
E 007 019 6.485e+01
E 008 011 7.106e+01
E 008 015 5.644e+01
E 008 017 7.577e+01
E 009 012 9.661e+01
E 009 015 5.801e+01
E 009 019 3.413e+01
E 010 017 1.836e+01
E 010 012 2.602e+01
E 010 015 3.354e+01
E 011 015 2.283e+01
E 011 016 8.587e+01
E 011 017 1.204e+01
E 011 018 6.500e+01
E 012 019 9.901e+01
E 013 016 1.049e+02
E 014 016 9.213e+01
E 014 018 7.102e+01
E 014 019 7.906e+01
E 014 015 2.915e+01
E 015 019 5.000e+01
