N 000 040 098 6.064e-01
N 001 066 003 2.901e-01
N 002 049 050 2.405e-01
N 003 001 053 7.971e-01
N 004 009 061 6.625e-01
N 005 052 039 3.508e-01
N 006 004 030 9.912e-01
N 007 006 037 2.983e-01
N 008 059 003 4.787e-01
N 009 072 084 4.910e-01
N 010 068 077 3.648e-01
N 011 045 068 8.601e-01
N 012 094 034 4.930e-01
N 013 064 045 2.666e-01
N 014 073 086 2.430e-01
N 015 079 036 2.899e-01
N 016 050 086 8.751e-01
N 017 038 029 5.669e-01
N 018 089 098 5.924e-01
N 019 008 055 2.863e-01
E 000 001 9.849e+01
E 000 003 5.955e+01
E 000 006 7.694e+01
E 000 009 3.493e+01
E 000 011 3.041e+01
E 000 013 5.818e+01
E 000 016 1.562e+01
E 001 004 8.132e+01
E 001 006 6.762e+01
E 001 008 7.000e+00
E 001 014 8.329e+01
E 001 017 3.821e+01
E 002 008 4.805e+01
E 002 016 3.601e+01
E 002 004 4.148e+01
E 002 015 3.311e+01
E 003 004 1.131e+01
E 003 008 7.658e+01
E 003 009 7.747e+01
E 003 010 7.117e+01
E 003 013 6.351e+01
E 003 014 7.920e+01
E 003 016 5.908e+01
E 003 018 9.884e+01
E 004 012 8.919e+01
E 004 018 8.814e+01
E 004 019 6.083e+00
E 005 013 1.342e+01
E 005 014 5.148e+01
E 006 012 9.009e+01
E 006 014 8.887e+01
E 006 007 7.280e+00
E 007 009 8.102e+01
E 007 013 5.855e+01
E 007 016 6.586e+01
E 007 017 3.298e+01
E 007 018 1.030e+02
E 008 009 8.204e+01
E 008 010 7.455e+01
E 008 012 4.675e+01
E 008 013 4.230e+01
E 008 015 3.859e+01
E 008 017 3.342e+01
E 009 010 8.062e+00
E 009 015 4.851e+01
E 009 016 2.209e+01
E 009 018 2.202e+01
E 009 019 7.026e+01
E 010 016 2.012e+01
E 011 016 1.868e+01
E 011 018 5.325e+01
E 012 016 6.812e+01
E 013 018 5.860e+01
E 014 015 5.036e+01
E 015 016 5.780e+01
E 015 018 6.280e+01
E 016 018 4.080e+01
E 017 018 8.580e+01
E 017 019 3.970e+01
E 018 019 9.171e+01
