N 000 072 093 8.322e-01
N 001 031 006 4.033e-01
N 002 037 091 6.239e-01
N 003 063 003 6.884e-01
N 004 062 042 5.019e-01
N 005 076 023 9.879e-01
N 006 097 020 2.894e-01
N 007 085 089 2.410e-01
N 008 008 065 6.332e-03
N 009 053 024 7.551e-01
N 010 022 014 7.701e-01
N 011 035 030 5.679e-01
N 012 051 035 9.009e-01
N 013 077 042 2.190e-01
N 014 034 062 5.723e-01
N 015 065 053 5.977e-01
N 016 028 091 2.479e-01
N 017 028 059 4.822e-01
N 018 016 039 8.456e-01
N 019 064 003 3.817e-02
E 000 002 3.506e+01
E 000 003 9.045e+01
E 000 004 5.197e+01
E 000 007 1.360e+01
E 000 008 6.986e+01
E 000 009 7.157e+01
E 000 011 7.306e+01
E 001 006 6.747e+01
E 001 009 2.843e+01
E 001 011 2.433e+01
E 001 012 3.523e+01
E 001 013 5.841e+01
E 001 016 8.505e+01
E 001 017 5.308e+01
E 002 003 9.176e+01
E 002 005 7.839e+01
E 002 006 9.296e+01
E 002 013 6.325e+01
E 002 015 4.720e+01
E 002 017 3.324e+01
E 003 009 2.326e+01
E 003 007 8.877e+01
E 004 005 2.360e+01
E 004 010 4.883e+01
E 004 012 1.304e+01
E 004 013 1.500e+01
E 004 017 3.801e+01
E 005 006 2.121e+01
E 005 013 1.903e+01
E 005 014 5.731e+01
E 005 017 6.000e+01
E 005 019 2.332e+01
E 006 007 7.004e+01
E 006 010 7.524e+01
E 006 013 2.973e+01
E 006 014 7.572e+01
E 007 008 8.065e+01
E 007 011 7.734e+01
E 007 012 6.381e+01
E 007 016 5.704e+01
E 008 012 5.243e+01
E 008 014 2.617e+01
E 008 016 3.280e+01
E 008 018 2.720e+01
E 008 019 8.355e+01
E 009 011 1.897e+01
E 009 015 3.138e+01
E 009 018 3.992e+01
E 010 012 3.581e+01
E 010 015 5.805e+01
E 011 012 1.676e+01
E 011 014 3.202e+01
E 011 017 2.983e+01
E 011 018 2.102e+01
E 012 017 3.324e+01
E 013 015 1.628e+01
E 013 019 4.111e+01
E 014 015 3.228e+01
E 015 017 3.748e+01
E 017 018 2.332e+01
