N 000 050 015 5.125e-01
N 001 007 014 1.239e-01
N 002 053 090 5.220e-01
N 003 035 097 6.144e-01
N 004 032 031 4.796e-01
N 005 083 072 9.957e-01
N 006 071 010 5.445e-01
N 007 066 064 7.534e-01
N 008 023 079 5.851e-01
N 009 063 007 2.153e-01
N 010 092 007 3.592e-01
N 011 057 097 3.935e-01
N 012 024 048 8.015e-01
N 013 058 069 5.032e-01
N 014 083 074 8.943e-01
N 015 043 005 4.652e-01
N 016 092 009 5.215e-01
N 017 036 058 7.782e-01
N 018 029 003 3.075e-01
N 019 090 067 9.455e-01
E 000 010 4.276e+01
E 000 015 1.221e+01
E 000 013 5.459e+01
E 000 007 5.155e+01
E 001 005 9.560e+01
E 001 007 7.734e+01
E 001 011 9.690e+01
E 001 015 3.711e+01
E 001 016 8.515e+01
E 001 019 9.848e+01
E 002 006 8.200e+01
E 002 009 8.360e+01
E 002 010 9.171e+01
E 002 013 2.159e+01
E 002 014 3.400e+01
E 002 015 8.559e+01
E 002 016 8.990e+01
E 003 004 6.607e+01
E 003 005 5.412e+01
E 003 010 1.065e+02
E 003 013 3.624e+01
E 003 014 5.323e+01
E 003 015 9.235e+01
E 004 019 6.826e+01
E 004 010 6.462e+01
E 004 012 1.879e+01
E 004 015 2.823e+01
E 005 006 6.315e+01
E 005 007 1.879e+01
E 005 008 6.041e+01
E 005 015 7.803e+01
E 005 018 8.762e+01
E 006 007 5.423e+01
E 006 012 6.044e+01
E 006 015 2.844e+01
E 006 017 5.941e+01
E 006 019 6.008e+01
E 007 009 5.708e+01
E 007 017 3.059e+01
E 007 019 2.419e+01
E 008 009 8.237e+01
E 008 010 9.972e+01
E 008 012 3.102e+01
E 008 017 2.470e+01
E 008 018 7.624e+01
E 008 019 6.807e+01
E 009 017 5.771e+01
E 009 018 3.423e+01
E 010 018 6.313e+01
E 011 018 9.808e+01
E 011 017 4.429e+01
E 011 014 3.471e+01
E 011 015 9.306e+01
E 012 014 6.447e+01
E 012 015 4.701e+01
E 012 017 1.562e+01
E 013 016 6.896e+01
E 014 015 7.976e+01
E 014 016 6.562e+01
E 015 016 4.916e+01
