N 000 013 034 5.800e-01
N 001 007 011 4.788e-01
N 002 002 028 6.074e-01
N 003 087 060 9.748e-01
N 004 052 007 4.804e-02
N 005 011 090 3.402e-01
N 006 034 019 5.253e-01
N 007 048 071 4.881e-01
N 008 075 049 1.747e-01
N 009 043 049 9.415e-01
N 010 061 010 2.412e-01
N 011 095 061 1.018e-01
N 012 093 025 4.355e-01
N 013 059 014 9.942e-01
N 014 059 017 9.993e-01
N 015 006 069 9.158e-01
N 016 077 095 4.458e-01
N 017 067 046 7.455e-01
N 018 004 056 2.105e-01
N 019 077 091 7.855e-01
E 000 008 6.379e+01
E 000 012 8.050e+01
E 000 019 8.570e+01
E 000 004 4.743e+01
E 000 016 8.841e+01
E 001 004 4.518e+01
E 001 005 7.910e+01
E 001 008 7.790e+01
E 001 011 1.012e+02
E 001 013 5.209e+01
E 001 014 5.235e+01
E 001 018 4.510e+01
E 002 008 7.596e+01
E 002 016 1.006e+02
E 002 003 9.082e+01
E 002 019 9.795e+01
E 002 017 6.745e+01
E 003 008 1.628e+01
E 003 010 5.636e+01
E 003 005 8.171e+01
E 004 005 9.257e+01
E 004 008 4.789e+01
E 004 013 9.899e+00
E 004 016 9.148e+01
E 004 019 8.764e+01
E 005 010 9.434e+01
E 005 014 8.737e+01
E 005 018 3.471e+01
E 005 019 6.601e+01
E 006 016 8.732e+01
E 006 017 4.264e+01
E 006 019 8.386e+01
E 006 012 5.930e+01
E 006 013 2.550e+01
E 007 008 3.483e+01
E 007 011 4.805e+01
E 007 015 4.205e+01
E 008 013 3.848e+01
E 008 014 3.578e+01
E 008 018 7.134e+01
E 009 010 4.295e+01
E 009 011 5.337e+01
E 009 013 3.848e+01
E 009 014 3.578e+01
E 009 017 2.419e+01
E 009 018 3.962e+01
E 010 011 6.129e+01
E 010 012 3.534e+01
E 010 017 3.650e+01
E 010 018 7.325e+01
E 011 016 3.847e+01
E 012 017 3.342e+01
E 013 016 8.298e+01
E 013 019 7.908e+01
E 014 016 8.005e+01
E 014 017 3.008e+01
E 014 018 6.742e+01
E 015 017 6.519e+01
E 017 018 6.379e+01
E 017 019 4.610e+01
