N 000 038 085 3.552e-01
N 001 042 094 6.681e-01
N 002 028 063 8.357e-01
N 003 055 029 4.952e-01
N 004 051 011 1.927e-02
N 005 087 047 7.206e-03
N 006 016 071 6.276e-01
N 007 059 056 2.317e-02
N 008 042 082 8.516e-01
N 009 072 016 1.728e-01
N 010 006 095 8.046e-01
N 011 020 012 3.165e-01
N 012 069 075 4.030e-01
N 013 040 049 1.000e-01
N 014 080 027 8.803e-01
N 015 063 030 8.500e-01
N 016 099 076 3.172e-01
N 017 083 091 1.200e-01
N 018 048 036 4.386e-01
N 019 085 057 6.375e-02
E 000 016 6.166e+01
E 000 002 2.417e+01
E 000 010 3.353e+01
E 000 013 3.606e+01
E 001 003 6.629e+01
E 001 009 8.357e+01
E 001 015 6.736e+01
E 001 016 5.977e+01
E 001 017 4.111e+01
E 001 018 5.831e+01
E 001 019 5.673e+01
E 002 016 7.218e+01
E 002 010 3.883e+01
E 002 011 5.162e+01
E 002 004 5.686e+01
E 003 005 3.672e+01
E 003 011 3.891e+01
E 003 013 2.500e+01
E 003 017 6.803e+01
E 003 018 9.899e+00
E 004 008 7.157e+01
E 004 009 2.159e+01
E 004 016 8.080e+01
E 004 007 4.571e+01
E 005 016 3.138e+01
E 005 019 1.020e+01
E 005 010 9.415e+01
E 005 012 3.329e+01
E 006 018 4.742e+01
E 006 015 6.237e+01
E 006 012 5.315e+01
E 006 013 3.256e+01
E 006 007 4.554e+01
E 007 009 4.206e+01
E 007 012 2.147e+01
E 007 014 3.581e+01
E 007 019 2.602e+01
E 008 017 4.198e+01
E 008 018 4.639e+01
E 008 011 7.338e+01
E 008 014 6.685e+01
E 009 010 1.029e+02
E 009 013 4.597e+01
E 009 017 7.580e+01
E 009 018 3.124e+01
E 010 013 5.720e+01
E 010 016 9.492e+01
E 011 014 6.185e+01
E 011 015 4.662e+01
E 012 018 4.429e+01
E 013 014 4.565e+01
E 014 016 5.255e+01
E 014 018 3.324e+01
E 014 019 3.041e+01
E 015 016 5.841e+01
E 015 017 6.420e+01
E 015 018 1.616e+01
E 016 017 2.193e+01
E 016 019 2.360e+01
E 017 018 6.519e+01
