N 000 015 061 8.711e-01
N 001 063 095 6.692e-01
N 002 036 035 5.114e-01
N 003 056 015 1.461e-02
N 004 044 063 2.680e-01
N 005 040 095 7.124e-01
N 006 093 014 8.060e-01
N 007 043 046 7.716e-01
N 008 077 069 6.818e-01
N 009 095 042 2.446e-01
N 010 078 066 1.724e-01
N 011 042 069 5.121e-01
N 012 038 071 5.970e-01
N 013 022 076 9.676e-01
N 014 078 048 8.212e-01
N 015 070 022 1.369e-01
N 016 047 068 5.405e-01
N 017 089 008 6.191e-02
N 018 010 059 9.093e-01
N 019 007 050 6.912e-01
E 000 001 5.882e+01
E 000 002 3.342e+01
E 000 006 9.107e+01
E 000 010 6.320e+01
E 000 016 3.276e+01
E 000 017 9.102e+01
E 001 003 8.031e+01
E 001 004 3.722e+01
E 001 006 8.638e+01
E 001 008 2.953e+01
E 001 009 6.191e+01
E 001 012 3.466e+01
E 001 015 7.333e+01
E 002 012 3.606e+01
E 002 004 2.912e+01
E 002 017 5.948e+01
E 003 016 5.376e+01
E 003 018 6.366e+01
E 004 018 3.423e+01
E 004 014 3.716e+01
E 004 007 1.703e+01
E 005 016 2.789e+01
E 005 012 2.408e+01
E 005 014 6.044e+01
E 005 007 4.909e+01
E 006 016 7.094e+01
E 006 017 7.211e+00
E 007 010 4.031e+01
E 007 013 3.662e+01
E 007 014 3.506e+01
E 007 017 5.967e+01
E 007 019 3.622e+01
E 008 014 2.102e+01
E 008 009 3.245e+01
E 009 010 2.941e+01
E 009 017 3.453e+01
E 009 015 3.202e+01
E 010 011 3.612e+01
E 010 014 1.800e+01
E 010 015 4.472e+01
E 010 018 6.836e+01
E 010 019 7.278e+01
E 011 016 5.099e+00
E 011 019 3.982e+01
E 011 014 4.168e+01
E 011 015 5.471e+01
E 012 015 5.852e+01
E 012 013 1.676e+01
E 013 015 7.225e+01
E 013 014 6.261e+01
E 014 015 2.720e+01
E 014 016 3.689e+01
E 014 019 7.103e+01
E 015 017 2.360e+01
E 015 018 7.049e+01
E 015 019 6.894e+01
E 016 017 7.324e+01
E 017 018 9.403e+01
E 017 019 9.213e+01
E 018 019 9.487e+00
