N 000 093 001 9.123e-01
N 001 036 086 7.863e-01
N 002 064 099 1.588e-02
N 003 019 007 4.352e-01
N 004 074 040 4.309e-01
N 005 014 062 8.716e-01
N 006 061 055 2.661e-01
N 007 079 029 9.619e-01
N 008 043 065 1.889e-01
N 009 069 043 2.607e-01
N 010 023 098 9.100e-02
N 011 027 028 7.995e-01
N 012 020 074 8.249e-01
N 013 070 000 7.298e-01
N 014 060 008 6.460e-01
N 015 083 080 1.645e-01
N 016 016 004 4.935e-01
N 017 053 086 4.973e-01
N 018 029 004 9.232e-01
N 019 051 068 2.540e-02
E 000 001 1.023e+02
E 000 004 4.338e+01
E 000 005 9.981e+01
E 000 006 6.277e+01
E 000 008 8.122e+01
E 000 009 4.837e+01
E 000 011 7.131e+01
E 000 012 1.032e+02
E 000 013 2.302e+01
E 000 015 7.963e+01
E 000 018 6.407e+01
E 001 009 5.420e+01
E 001 004 5.967e+01
E 001 006 3.982e+01
E 002 015 2.687e+01
E 002 009 5.622e+01
E 002 011 8.006e+01
E 002 014 9.109e+01
E 002 007 7.159e+01
E 003 018 1.044e+01
E 003 012 6.701e+01
E 003 014 4.101e+01
E 003 006 6.378e+01
E 004 005 6.391e+01
E 004 006 1.985e+01
E 004 007 1.208e+01
E 004 008 3.982e+01
E 004 009 5.831e+00
E 004 011 4.851e+01
E 004 015 4.100e+01
E 004 016 6.826e+01
E 005 006 4.752e+01
E 005 011 3.640e+01
E 005 018 5.991e+01
E 005 019 3.748e+01
E 006 007 3.162e+01
E 006 011 4.342e+01
E 006 013 5.573e+01
E 006 018 6.021e+01
E 007 016 6.778e+01
E 007 015 5.116e+01
E 008 017 2.326e+01
E 008 015 4.272e+01
E 009 011 4.460e+01
E 009 014 3.614e+01
E 009 018 5.587e+01
E 009 019 3.081e+01
E 010 019 4.104e+01
E 010 014 9.731e+01
E 011 012 4.653e+01
E 011 013 5.131e+01
E 011 014 3.859e+01
E 011 016 2.640e+01
E 012 013 8.931e+01
E 013 014 1.281e+01
E 013 017 8.766e+01
E 013 018 4.119e+01
E 013 019 7.060e+01
E 016 018 1.300e+01
E 018 019 6.768e+01
