N 000 051 058 1.599e-01
N 001 064 044 1.515e-01
N 002 078 089 7.636e-01
N 003 056 073 3.019e-01
N 004 033 059 4.177e-01
N 005 008 022 5.219e-01
N 006 017 042 5.682e-01
N 007 024 013 9.574e-01
N 008 085 052 7.375e-01
N 009 023 013 8.755e-01
N 010 000 023 1.075e-01
N 011 024 036 9.888e-01
N 012 041 064 3.212e-01
N 013 094 051 6.771e-01
N 014 089 015 1.682e-01
N 015 041 057 6.411e-01
N 016 029 072 9.043e-01
N 017 095 027 5.735e-01
N 018 066 044 8.925e-01
N 019 020 065 7.874e-01
E 000 001 1.910e+01
E 000 002 4.111e+01
E 000 005 5.608e+01
E 000 006 3.758e+01
E 000 012 1.166e+01
E 000 013 4.357e+01
E 000 015 1.005e+01
E 000 017 5.382e+01
E 000 018 2.052e+01
E 001 002 4.713e+01
E 001 005 6.017e+01
E 001 011 4.079e+01
E 001 013 3.081e+01
E 001 016 4.482e+01
E 001 019 4.875e+01
E 002 012 4.465e+01
E 002 014 7.481e+01
E 003 008 3.581e+01
E 003 016 2.702e+01
E 003 018 3.068e+01
E 003 019 3.688e+01
E 003 014 6.673e+01
E 004 016 1.360e+01
E 004 010 4.884e+01
E 004 014 7.122e+01
E 004 006 2.335e+01
E 005 008 8.264e+01
E 005 010 8.062e+00
E 005 013 9.076e+01
E 005 017 8.714e+01
E 005 018 6.203e+01
E 006 016 3.231e+01
E 006 013 7.752e+01
E 007 016 5.921e+01
E 007 017 7.237e+01
E 007 018 5.220e+01
E 007 013 7.965e+01
E 008 010 8.981e+01
E 008 011 6.306e+01
E 008 013 9.055e+00
E 008 015 4.428e+01
E 008 018 2.062e+01
E 009 019 5.209e+01
E 009 017 7.335e+01
E 009 011 2.302e+01
E 009 015 4.754e+01
E 010 016 5.694e+01
E 010 018 6.926e+01
E 011 013 7.159e+01
E 011 016 3.635e+01
E 012 016 1.442e+01
E 012 018 3.202e+01
E 013 015 5.334e+01
E 013 017 2.402e+01
E 014 018 3.701e+01
E 014 015 6.378e+01
E 015 017 6.177e+01
E 015 018 2.818e+01
E 017 019 8.408e+01
E 018 019 5.057e+01
