N 000 037 072 2.080e-02
N 001 024 092 4.548e-01
N 002 026 012 9.116e-01
N 003 056 070 8.294e-01
N 004 092 098 9.722e-01
N 005 014 002 6.209e-01
N 006 040 049 1.531e-01
N 007 071 045 4.942e-01
N 008 012 028 4.999e-02
N 009 014 084 3.823e-01
N 010 028 064 6.564e-01
N 011 018 076 8.146e-01
N 012 087 023 2.246e-01
N 013 090 049 3.545e-02
N 014 033 025 2.375e-01
N 015 045 077 4.312e-01
N 016 078 099 5.109e-01
N 017 002 088 3.176e-01
N 018 008 004 4.788e-02
N 019 040 000 3.305e-01
E 000 016 4.909e+01
E 000 017 3.848e+01
E 000 018 7.393e+01
E 000 004 6.084e+01
E 001 002 8.002e+01
E 001 005 9.055e+01
E 001 006 4.588e+01
E 001 011 1.709e+01
E 001 012 9.343e+01
E 001 014 6.760e+01
E 001 019 9.338e+01
E 002 005 1.562e+01
E 002 011 6.450e+01
E 002 012 6.198e+01
E 002 014 1.476e+01
E 002 017 7.970e+01
E 003 010 2.864e+01
E 003 019 7.181e+01
E 003 005 7.992e+01
E 003 014 5.054e+01
E 003 007 2.915e+01
E 004 016 1.404e+01
E 004 010 7.247e+01
E 004 014 9.386e+01
E 004 007 5.701e+01
E 005 012 7.596e+01
E 005 013 8.936e+01
E 005 014 2.983e+01
E 005 017 8.683e+01
E 005 018 6.325e+00
E 005 019 2.608e+01
E 006 007 3.126e+01
E 006 013 5.000e+01
E 006 016 6.280e+01
E 006 017 5.445e+01
E 006 019 4.900e+01
E 007 009 6.907e+01
E 007 010 4.701e+01
E 007 014 4.294e+01
E 008 009 5.604e+01
E 008 013 8.078e+01
E 008 015 5.908e+01
E 008 016 9.694e+01
E 008 017 6.083e+01
E 008 019 3.960e+01
E 009 011 8.944e+00
E 009 014 6.198e+01
E 010 011 1.562e+01
E 010 016 6.103e+01
E 010 019 6.512e+01
E 011 012 8.701e+01
E 011 013 7.690e+01
E 011 014 5.316e+01
E 011 018 7.269e+01
E 012 016 7.653e+01
E 013 019 7.001e+01
E 014 018 3.265e+01
E 015 016 3.966e+01
E 016 018 1.180e+02
E 016 019 1.060e+02
