N 000 086 062 9.574e-01
N 001 073 011 1.583e-01
N 002 025 051 4.960e-01
N 003 018 022 3.479e-01
N 004 030 037 1.301e-01
N 005 030 013 6.434e-01
N 006 078 082 7.399e-01
N 007 010 074 7.852e-01
N 008 002 092 9.619e-02
N 009 066 085 6.976e-01
N 010 068 096 3.676e-04
N 011 059 004 3.142e-01
N 012 068 057 4.486e-01
N 013 072 052 9.228e-02
N 014 054 039 3.575e-01
N 015 078 048 7.871e-01
N 016 095 045 8.271e-01
N 017 073 090 8.100e-01
N 018 063 024 7.435e-01
N 019 072 047 4.943e-01
E 000 008 8.920e+01
E 000 007 7.694e+01
E 001 005 4.305e+01
E 001 007 8.910e+01
E 001 010 8.515e+01
E 001 011 1.565e+01
E 001 013 4.101e+01
E 001 014 3.384e+01
E 001 017 7.900e+01
E 002 016 7.026e+01
E 002 003 2.983e+01
E 002 013 4.701e+01
E 002 014 3.138e+01
E 003 006 8.485e+01
E 003 011 4.478e+01
E 003 013 6.177e+01
E 003 014 3.981e+01
E 003 016 8.036e+01
E 003 017 8.746e+01
E 004 005 2.400e+01
E 004 006 6.580e+01
E 004 008 6.172e+01
E 004 010 7.018e+01
E 004 015 4.924e+01
E 004 017 6.825e+01
E 005 010 9.129e+01
E 005 011 3.036e+01
E 005 012 5.814e+01
E 005 014 3.538e+01
E 005 015 5.941e+01
E 005 019 5.404e+01
E 006 012 2.693e+01
E 006 018 5.991e+01
E 006 017 9.434e+00
E 007 011 8.545e+01
E 007 013 6.579e+01
E 007 009 5.707e+01
E 008 017 7.103e+01
E 009 010 1.118e+01
E 009 012 2.807e+01
E 009 013 3.354e+01
E 009 017 8.602e+00
E 009 018 6.107e+01
E 010 011 9.244e+01
E 010 016 5.771e+01
E 011 013 4.973e+01
E 011 017 8.713e+01
E 012 013 6.403e+00
E 012 016 2.955e+01
E 012 017 3.338e+01
E 012 019 1.077e+01
E 013 014 2.220e+01
E 013 016 2.404e+01
E 014 015 2.563e+01
E 014 016 4.144e+01
E 014 019 1.970e+01
E 015 018 2.830e+01
E 016 019 2.309e+01
E 017 019 4.301e+01
E 018 019 2.470e+01
