N 000 083 054 8.171e-01
N 001 014 099 2.367e-02
N 002 091 094 5.617e-01
N 003 052 098 9.401e-01
N 004 089 005 4.170e-01
N 005 026 014 2.052e-01
N 006 049 068 8.780e-01
N 007 028 054 9.168e-01
N 008 056 085 6.493e-01
N 009 054 049 4.392e-02
N 010 014 026 1.085e-03
N 011 038 082 1.948e-01
N 012 080 041 4.069e-01
N 013 010 078 5.687e-02
N 014 008 028 6.728e-01
N 015 056 081 1.127e-02
N 016 049 093 6.277e-01
N 017 002 062 9.536e-01
N 018 004 009 4.791e-01
N 019 098 020 6.383e-01
E 000 001 8.238e+01
E 000 002 4.079e+01
E 000 005 6.963e+01
E 000 008 4.111e+01
E 000 011 5.300e+01
E 000 014 7.938e+01
E 001 003 3.801e+01
E 001 005 8.584e+01
E 001 006 4.675e+01
E 001 007 4.713e+01
E 001 014 7.125e+01
E 001 019 1.153e+02
E 002 004 8.902e+01
E 002 005 1.031e+02
E 002 007 7.463e+01
E 002 009 5.826e+01
E 002 011 5.434e+01
E 002 014 1.060e+02
E 002 015 3.734e+01
E 002 017 9.458e+01
E 003 010 8.141e+01
E 003 007 5.012e+01
E 004 007 7.824e+01
E 004 009 5.622e+01
E 004 010 7.788e+01
E 004 014 8.420e+01
E 004 017 1.040e+02
E 005 007 4.005e+01
E 005 009 4.482e+01
E 005 013 6.597e+01
E 005 015 7.341e+01
E 005 018 2.256e+01
E 005 019 7.225e+01
E 006 007 2.524e+01
E 006 010 5.467e+01
E 006 011 1.780e+01
E 006 013 4.026e+01
E 006 016 2.500e+01
E 007 008 4.177e+01
E 007 014 3.280e+01
E 007 015 3.890e+01
E 007 016 4.429e+01
E 007 019 7.782e+01
E 008 019 7.739e+01
E 008 011 1.825e+01
E 008 014 7.452e+01
E 009 015 3.206e+01
E 010 016 7.559e+01
E 010 012 6.768e+01
E 011 013 2.828e+01
E 012 016 6.054e+01
E 012 017 8.078e+01
E 012 018 8.246e+01
E 012 013 7.918e+01
E 013 019 1.054e+02
E 014 015 7.151e+01
E 015 016 1.389e+01
E 015 019 7.406e+01
E 017 019 1.048e+02
E 017 018 5.304e+01
