N 000 018 051 2.266e-01
N 001 012 055 5.094e-01
N 002 087 056 3.978e-01
N 003 099 037 3.117e-01
N 004 033 084 4.857e-01
N 005 062 029 3.923e-03
N 006 057 025 8.477e-01
N 007 066 040 9.348e-01
N 008 036 026 8.440e-01
N 009 065 085 7.943e-01
N 010 001 001 3.061e-01
N 011 075 027 3.560e-01
N 012 047 003 8.779e-01
N 013 064 038 2.181e-01
N 014 046 020 2.921e-01
N 015 000 068 3.464e-01
N 016 001 004 9.826e-01
N 017 037 078 3.456e-01
N 018 072 065 2.519e-01
N 019 009 037 1.843e-01
E 000 003 8.220e+01
E 000 004 3.625e+01
E 000 007 4.924e+01
E 000 009 5.801e+01
E 000 010 5.281e+01
E 000 013 4.780e+01
E 000 017 3.302e+01
E 001 010 5.511e+01
E 001 005 5.636e+01
E 002 004 6.083e+01
E 002 006 4.314e+01
E 002 007 2.640e+01
E 002 008 5.917e+01
E 002 009 3.640e+01
E 002 010 1.021e+02
E 002 015 8.782e+01
E 002 016 1.005e+02
E 002 017 5.463e+01
E 002 018 1.749e+01
E 003 016 1.034e+02
E 003 018 3.890e+01
E 003 006 4.368e+01
E 004 005 6.218e+01
E 004 007 5.500e+01
E 004 011 7.080e+01
E 004 012 8.220e+01
E 004 013 5.547e+01
E 004 014 6.531e+01
E 004 018 4.338e+01
E 005 007 1.170e+01
E 005 008 2.617e+01
E 005 013 9.220e+00
E 005 017 5.501e+01
E 006 011 1.811e+01
E 006 007 1.749e+01
E 007 008 3.311e+01
E 007 009 4.501e+01
E 007 014 2.828e+01
E 007 017 4.780e+01
E 007 019 5.708e+01
E 008 010 4.301e+01
E 008 012 2.550e+01
E 008 018 5.308e+01
E 008 019 2.915e+01
E 009 011 5.886e+01
E 009 015 6.719e+01
E 009 016 1.032e+02
E 009 019 7.376e+01
E 010 013 7.306e+01
E 010 019 3.688e+01
E 011 012 3.688e+01
E 011 013 1.556e+01
E 011 016 7.749e+01
E 011 018 3.812e+01
E 012 016 4.601e+01
E 013 017 4.826e+01
E 013 019 5.501e+01
E 014 016 4.776e+01
E 014 017 5.869e+01
E 015 019 3.228e+01
