N 000 090 066 7.529e-01
N 001 005 056 1.096e-01
N 002 072 065 2.494e-01
N 003 013 090 4.229e-01
N 004 009 061 9.499e-01
N 005 086 040 3.857e-01
N 006 007 002 8.788e-03
N 007 083 072 2.981e-01
N 008 093 040 6.076e-01
N 009 029 050 1.145e-01
N 010 045 052 6.855e-03
N 011 047 036 6.037e-01
N 012 005 010 9.705e-01
N 013 007 082 2.167e-01
N 014 041 096 1.830e-01
N 015 056 033 4.856e-01
N 016 025 094 7.422e-01
N 017 001 065 4.614e-01
N 018 097 035 1.588e-01
N 019 037 059 5.248e-01
E 000 008 2.617e+01
E 000 010 4.713e+01
E 000 012 1.018e+02
E 000 013 8.453e+01
E 000 017 8.901e+01
E 000 019 5.346e+01
E 001 004 6.403e+00
E 001 006 5.404e+01
E 001 007 7.962e+01
E 001 013 2.608e+01
E 001 015 5.595e+01
E 001 019 3.214e+01
E 002 005 2.865e+01
E 002 007 1.304e+01
E 002 015 3.578e+01
E 002 016 5.523e+01
E 002 017 7.100e+01
E 002 018 3.905e+01
E 003 006 8.820e+01
E 003 007 7.228e+01
E 003 008 9.434e+01
E 003 013 1.000e+01
E 003 014 2.864e+01
E 003 015 7.140e+01
E 003 017 2.773e+01
E 003 018 1.004e+02
E 004 010 3.711e+01
E 004 017 8.944e+00
E 005 014 7.184e+01
E 005 006 8.766e+01
E 006 010 6.280e+01
E 006 013 8.000e+01
E 006 016 9.374e+01
E 007 010 4.294e+01
E 007 012 9.964e+01
E 007 014 4.837e+01
E 007 016 6.203e+01
E 007 017 8.230e+01
E 007 018 3.956e+01
E 008 017 9.534e+01
E 008 014 7.642e+01
E 009 016 4.418e+01
E 009 018 6.963e+01
E 009 019 1.204e+01
E 010 011 1.612e+01
E 010 013 4.841e+01
E 010 014 4.418e+01
E 011 018 5.001e+01
E 012 018 9.534e+01
E 012 019 5.852e+01
E 012 014 9.323e+01
E 013 015 6.930e+01
E 013 019 3.780e+01
E 014 015 6.476e+01
E 014 017 5.061e+01
E 014 019 3.722e+01
E 015 018 4.105e+01
E 015 019 3.220e+01
E 016 017 3.764e+01
E 018 019 6.462e+01
