N 000 062 066 3.117e-01
N 001 004 014 8.508e-01
N 002 085 012 4.534e-01
N 003 003 084 6.711e-01
N 004 027 022 8.700e-01
N 005 099 018 5.970e-01
N 006 008 030 9.488e-02
N 007 045 014 5.867e-01
N 008 007 052 4.773e-01
N 009 066 055 6.469e-01
N 010 086 035 5.378e-01
N 011 077 046 9.883e-01
N 012 084 080 4.287e-01
N 013 025 018 6.006e-01
N 014 060 071 3.555e-01
N 015 076 048 7.571e-01
N 016 048 087 3.944e-01
N 017 012 061 9.741e-01
N 018 077 044 6.930e-01
N 019 007 079 7.785e-02
E 000 005 6.061e+01
E 000 006 6.490e+01
E 000 011 2.500e+01
E 000 012 2.608e+01
E 000 014 5.385e+00
E 000 016 2.524e+01
E 001 009 7.433e+01
E 001 003 7.001e+01
E 001 004 2.435e+01
E 001 006 1.649e+01
E 001 017 4.768e+01
E 002 017 8.792e+01
E 002 010 2.302e+01
E 002 011 3.493e+01
E 002 006 7.908e+01
E 002 007 4.005e+01
E 003 008 3.225e+01
E 003 011 8.319e+01
E 003 017 2.470e+01
E 003 018 8.412e+01
E 003 019 6.403e+00
E 004 007 1.970e+01
E 004 009 5.109e+01
E 004 012 8.132e+01
E 004 016 6.831e+01
E 004 019 6.041e+01
E 005 006 9.179e+01
E 005 007 5.415e+01
E 005 008 9.808e+01
E 005 012 6.379e+01
E 005 017 9.705e+01
E 006 012 9.097e+01
E 006 016 6.963e+01
E 006 019 4.901e+01
E 007 008 5.374e+01
E 007 012 7.666e+01
E 007 018 4.386e+01
E 008 011 7.026e+01
E 008 012 8.193e+01
E 008 017 1.030e+01
E 009 011 1.421e+01
E 009 013 5.523e+01
E 010 011 1.421e+01
E 010 014 4.441e+01
E 010 015 1.640e+01
E 010 016 6.440e+01
E 010 019 9.043e+01
E 011 012 3.471e+01
E 011 017 6.671e+01
E 011 018 2.000e+00
E 012 013 8.559e+01
E 012 017 7.446e+01
E 013 016 7.273e+01
E 013 015 5.917e+01
E 014 017 4.903e+01
E 014 015 2.802e+01
E 015 016 4.801e+01
E 015 018 4.123e+00
E 017 018 6.719e+01
E 017 019 1.868e+01
