N 000 075 005 8.961e-01
N 001 053 008 6.839e-01
N 002 008 092 9.351e-01
N 003 019 096 6.312e-01
N 004 016 022 4.349e-01
N 005 032 031 4.752e-01
N 006 006 028 4.513e-01
N 007 092 099 5.384e-01
N 008 094 008 9.878e-01
N 009 016 076 2.185e-01
N 010 089 081 7.020e-01
N 011 055 069 1.063e-02
N 012 027 007 7.504e-01
N 013 079 097 2.502e-01
N 014 037 067 4.560e-01
N 015 055 082 5.209e-01
N 016 033 008 1.952e-01
N 017 002 034 8.414e-01
N 018 059 002 2.946e-01
N 019 035 009 4.454e-01
E 000 016 4.211e+01
E 000 002 1.098e+02
E 000 018 1.628e+01
E 001 002 9.529e+01
E 001 003 9.434e+01
E 001 008 4.100e+01
E 001 009 7.741e+01
E 001 012 2.602e+01
E 001 014 6.113e+01
E 001 016 2.000e+01
E 001 019 1.803e+01
E 002 006 6.403e+01
E 002 007 8.429e+01
E 002 009 1.789e+01
E 002 010 8.174e+01
E 002 011 5.233e+01
E 002 018 1.034e+02
E 003 013 6.001e+01
E 003 014 3.413e+01
E 003 015 3.863e+01
E 003 016 8.911e+01
E 003 017 6.429e+01
E 004 017 1.844e+01
E 004 011 6.107e+01
E 004 013 9.795e+01
E 004 014 4.966e+01
E 004 015 7.156e+01
E 005 006 2.617e+01
E 005 007 9.069e+01
E 005 012 2.452e+01
E 005 013 8.102e+01
E 005 015 5.595e+01
E 005 018 3.962e+01
E 006 007 1.115e+02
E 006 009 4.903e+01
E 006 010 9.848e+01
E 006 013 1.004e+02
E 006 018 5.903e+01
E 007 009 7.940e+01
E 007 010 1.825e+01
E 007 012 1.126e+02
E 007 015 4.072e+01
E 008 009 1.035e+02
E 008 010 7.317e+01
E 008 013 9.026e+01
E 008 016 6.100e+01
E 008 017 9.560e+01
E 008 019 5.901e+01
E 010 015 3.401e+01
E 010 019 9.000e+01
E 011 015 1.300e+01
E 012 014 6.083e+01
E 012 016 6.083e+00
E 012 017 3.680e+01
E 012 018 3.239e+01
E 012 019 8.246e+00
E 014 016 5.914e+01
E 015 018 8.010e+01
E 017 018 6.537e+01
E 018 019 2.500e+01
