N 000 003 037 5.879e-01
N 001 009 061 9.899e-01
N 002 089 027 6.924e-02
N 003 043 087 5.893e-02
N 004 084 059 4.834e-01
N 005 034 009 1.865e-03
N 006 054 085 5.142e-01
N 007 093 066 9.627e-01
N 008 048 030 2.588e-03
N 009 064 035 5.974e-02
N 010 016 078 7.793e-01
N 011 057 009 1.158e-01
N 012 021 040 2.312e-01
N 013 075 084 6.467e-01
N 014 093 095 2.920e-01
N 015 048 048 5.900e-01
N 016 033 006 4.570e-01
N 017 062 054 5.967e-01
N 018 034 048 9.274e-01
N 019 061 046 5.463e-01
E 000 001 2.474e+01
E 000 010 4.301e+01
E 000 011 6.083e+01
E 000 004 8.393e+01
E 001 008 4.982e+01
E 001 009 6.084e+01
E 001 017 5.346e+01
E 001 007 8.415e+01
E 002 012 6.923e+01
E 002 019 3.384e+01
E 002 004 3.239e+01
E 003 007 5.423e+01
E 003 008 5.722e+01
E 003 009 5.608e+01
E 003 010 2.846e+01
E 003 012 5.189e+01
E 003 017 3.808e+01
E 003 018 4.002e+01
E 003 019 4.478e+01
E 004 006 3.970e+01
E 004 012 6.580e+01
E 004 017 2.256e+01
E 004 018 5.120e+01
E 005 017 5.300e+01
E 005 011 2.300e+01
E 005 007 8.204e+01
E 006 008 5.533e+01
E 006 010 3.864e+01
E 006 012 5.580e+01
E 006 017 3.202e+01
E 006 018 4.206e+01
E 007 009 4.245e+01
E 007 014 2.900e+01
E 007 016 8.485e+01
E 007 017 3.324e+01
E 007 019 3.774e+01
E 008 015 1.800e+01
E 008 009 1.676e+01
E 009 012 4.329e+01
E 009 013 5.022e+01
E 009 017 1.910e+01
E 010 011 8.026e+01
E 010 012 3.833e+01
E 010 015 4.386e+01
E 011 012 4.751e+01
E 011 013 7.713e+01
E 011 017 4.528e+01
E 012 013 6.966e+01
E 012 018 1.526e+01
E 012 019 4.045e+01
E 013 016 8.859e+01
E 013 017 3.270e+01
E 013 018 5.456e+01
E 014 017 5.140e+01
E 015 016 4.460e+01
E 015 017 1.523e+01
E 016 019 4.883e+01
E 016 018 4.201e+01
E 017 019 8.062e+00
E 018 019 2.707e+01
