N 000 002 089 8.861e-01
N 001 055 002 2.051e-01
N 002 042 069 2.094e-01
N 003 068 088 5.454e-01
N 004 017 083 7.784e-01
N 005 017 034 4.641e-01
N 006 033 010 9.310e-01
N 007 098 024 4.109e-01
N 008 044 089 2.041e-01
N 009 032 024 8.391e-01
N 010 050 057 9.245e-01
N 011 097 045 5.000e-01
N 012 058 075 7.958e-01
N 013 092 015 6.422e-01
N 014 021 032 8.369e-01
N 015 082 064 9.767e-01
N 016 006 040 4.644e-01
N 017 069 047 1.226e-01
N 018 093 014 3.499e-01
N 019 020 026 7.441e-04
E 000 016 4.916e+01
E 000 009 7.159e+01
E 001 009 3.183e+01
E 001 019 4.244e+01
E 001 005 4.968e+01
E 001 017 4.713e+01
E 002 004 2.865e+01
E 002 008 2.010e+01
E 002 011 6.001e+01
E 002 012 1.709e+01
E 002 016 4.623e+01
E 002 018 7.501e+01
E 002 019 4.830e+01
E 003 005 7.428e+01
E 003 006 8.549e+01
E 003 007 7.068e+01
E 003 009 7.343e+01
E 003 011 5.187e+01
E 003 014 7.311e+01
E 003 016 7.841e+01
E 004 016 4.438e+01
E 004 019 5.708e+01
E 004 007 1.002e+02
E 005 006 2.884e+01
E 005 007 8.161e+01
E 005 008 6.127e+01
E 005 009 1.803e+01
E 005 011 8.075e+01
E 005 014 4.472e+00
E 005 018 7.859e+01
E 005 019 8.544e+00
E 006 007 6.649e+01
E 006 010 4.998e+01
E 006 012 6.964e+01
E 006 015 7.292e+01
E 006 017 5.162e+01
E 006 019 2.062e+01
E 007 009 6.600e+01
E 007 015 4.308e+01
E 007 016 9.338e+01
E 008 009 6.610e+01
E 008 017 4.888e+01
E 008 013 8.820e+01
E 009 011 6.831e+01
E 009 013 6.067e+01
E 009 015 6.403e+01
E 010 011 4.851e+01
E 010 013 5.940e+01
E 010 015 3.276e+01
E 010 017 2.147e+01
E 010 018 6.081e+01
E 011 013 3.041e+01
E 011 015 2.421e+01
E 011 016 9.114e+01
E 011 018 3.126e+01
E 012 018 7.033e+01
E 013 016 8.956e+01
E 014 017 5.029e+01
E 015 017 2.140e+01
E 015 018 5.120e+01
