N 000 065 045 6.805e-01
N 001 094 015 4.972e-01
N 002 027 059 5.863e-01
N 003 040 061 7.847e-01
N 004 091 089 9.281e-01
N 005 051 006 3.830e-01
N 006 055 052 7.828e-01
N 007 098 032 5.652e-01
N 008 077 011 5.660e-01
N 009 011 040 7.346e-01
N 010 086 010 2.892e-01
N 011 012 072 5.914e-01
N 012 017 066 3.243e-01
N 013 007 071 2.227e-01
N 014 015 085 7.864e-01
N 015 034 074 5.211e-01
N 016 061 026 9.600e-01
N 017 065 097 9.533e-01
N 018 082 028 7.980e-01
N 019 027 027 4.667e-01
E 000 008 3.606e+01
E 000 010 4.082e+01
E 000 015 4.245e+01
E 000 018 2.404e+01
E 000 007 3.547e+01
E 001 005 4.393e+01
E 001 006 5.376e+01
E 001 008 1.746e+01
E 001 012 9.236e+01
E 001 016 3.479e+01
E 001 018 1.769e+01
E 002 019 3.200e+01
E 002 003 1.315e+01
E 002 004 7.068e+01
E 002 005 5.818e+01
E 002 013 2.332e+01
E 003 006 1.749e+01
E 003 009 3.581e+01
E 003 011 3.008e+01
E 003 017 4.383e+01
E 003 018 5.341e+01
E 003 019 3.640e+01
E 004 008 7.925e+01
E 004 019 8.911e+01
E 004 015 5.894e+01
E 004 007 5.743e+01
E 005 011 7.666e+01
E 005 018 3.801e+01
E 005 009 5.250e+01
E 006 009 4.561e+01
E 006 014 5.186e+01
E 006 015 3.041e+01
E 006 018 3.612e+01
E 007 008 2.970e+01
E 007 013 9.901e+01
E 007 014 9.848e+01
E 007 016 3.748e+01
E 008 009 7.209e+01
E 008 012 8.139e+01
E 008 013 9.220e+01
E 008 016 2.193e+01
E 008 017 8.683e+01
E 008 019 5.250e+01
E 009 013 3.126e+01
E 009 019 2.062e+01
E 010 017 8.950e+01
E 010 012 8.887e+01
E 010 013 9.981e+01
E 011 019 4.743e+01
E 011 017 5.860e+01
E 011 014 1.334e+01
E 012 018 7.529e+01
E 012 013 1.118e+01
E 013 015 2.717e+01
E 014 015 2.195e+01
E 014 017 5.142e+01
E 015 018 6.648e+01
E 016 019 3.401e+01
E 016 017 7.111e+01
E 017 019 7.965e+01
