N 000 057 079 2.061e-01
N 001 042 027 5.966e-01
N 002 020 036 1.450e-01
N 003 099 041 3.279e-01
N 004 035 092 2.202e-01
N 005 024 080 8.961e-01
N 006 006 030 4.995e-01
N 007 065 045 5.572e-01
N 008 050 073 4.048e-01
N 009 035 041 9.096e-01
N 010 006 065 3.246e-01
N 011 067 027 3.509e-01
N 012 027 026 4.582e-01
N 013 051 064 8.868e-01
N 014 013 002 7.637e-01
N 015 075 002 1.898e-02
N 016 021 008 3.572e-01
N 017 096 005 5.777e-01
N 018 036 069 6.986e-01
N 019 042 002 1.678e-01
E 000 010 5.289e+01
E 000 003 5.664e+01
E 000 012 6.090e+01
E 000 006 7.072e+01
E 000 007 3.493e+01
E 001 008 4.669e+01
E 001 009 1.565e+01
E 001 011 2.500e+01
E 001 005 5.597e+01
E 001 015 4.140e+01
E 002 011 4.785e+01
E 003 007 3.423e+01
E 003 008 5.852e+01
E 003 013 5.323e+01
E 003 014 9.443e+01
E 003 019 6.907e+01
E 004 017 1.063e+02
E 004 012 6.648e+01
E 004 005 1.628e+01
E 004 014 9.265e+01
E 005 007 5.391e+01
E 005 008 2.693e+01
E 005 013 3.138e+01
E 005 014 7.877e+01
E 005 015 9.319e+01
E 005 018 1.628e+01
E 006 017 9.341e+01
E 006 018 4.920e+01
E 006 019 4.561e+01
E 006 014 2.886e+01
E 007 008 3.176e+01
E 007 012 4.249e+01
E 007 014 6.748e+01
E 007 015 4.415e+01
E 007 019 4.876e+01
E 008 016 7.118e+01
E 008 018 1.456e+01
E 009 012 1.700e+01
E 009 014 4.478e+01
E 009 015 5.587e+01
E 009 017 7.083e+01
E 009 019 3.962e+01
E 010 012 4.429e+01
E 010 015 9.343e+01
E 010 016 5.894e+01
E 010 018 3.027e+01
E 010 019 7.256e+01
E 011 019 3.536e+01
E 011 018 5.220e+01
E 011 015 2.625e+01
E 012 013 4.494e+01
E 012 014 2.778e+01
E 012 018 4.393e+01
E 013 019 6.265e+01
E 014 015 6.200e+01
E 014 016 1.000e+01
E 014 017 8.305e+01
E 014 019 2.900e+01
E 015 016 5.433e+01
E 015 019 3.300e+01
