N 000 053 007 8.008e-02
N 001 049 093 6.447e-01
N 002 095 047 2.192e-01
N 003 044 039 3.622e-01
N 004 096 055 3.241e-01
N 005 016 097 4.671e-01
N 006 083 003 4.028e-01
N 007 036 077 6.092e-01
N 008 095 012 4.349e-01
N 009 035 015 9.895e-01
N 010 027 039 4.126e-01
N 011 008 005 5.651e-01
N 012 042 062 6.081e-01
N 013 035 027 4.196e-01
N 014 057 029 1.212e-01
N 015 067 084 1.850e-01
N 016 042 062 6.476e-01
N 017 017 061 8.273e-01
N 018 059 018 5.026e-01
N 019 058 006 3.407e-01
E 000 016 5.609e+01
E 000 017 6.490e+01
E 000 014 2.236e+01
E 000 007 7.203e+01
E 001 019 8.746e+01
E 001 002 6.505e+01
E 001 011 9.708e+01
E 001 012 3.178e+01
E 001 015 2.012e+01
E 002 004 8.062e+00
E 002 009 6.800e+01
E 002 011 9.661e+01
E 002 015 4.640e+01
E 002 016 5.508e+01
E 002 018 4.623e+01
E 003 010 1.700e+01
E 003 015 5.054e+01
E 003 012 2.309e+01
E 003 007 3.883e+01
E 004 006 5.360e+01
E 004 007 6.391e+01
E 004 010 7.083e+01
E 004 011 1.012e+02
E 004 015 4.101e+01
E 005 016 4.360e+01
E 005 017 3.601e+01
E 005 013 7.253e+01
E 005 014 7.940e+01
E 006 008 1.500e+01
E 006 010 6.657e+01
E 006 011 7.503e+01
E 006 013 5.367e+01
E 006 015 8.257e+01
E 006 017 8.786e+01
E 007 008 8.778e+01
E 007 013 5.001e+01
E 007 014 5.239e+01
E 007 016 1.616e+01
E 007 017 2.484e+01
E 008 016 7.286e+01
E 008 018 3.650e+01
E 008 014 4.163e+01
E 009 016 4.752e+01
E 009 019 2.470e+01
E 009 012 4.752e+01
E 010 012 2.746e+01
E 010 013 1.442e+01
E 010 018 3.828e+01
E 012 013 3.569e+01
E 012 014 3.625e+01
E 012 016 0.000e+00
E 012 017 2.502e+01
E 013 016 3.569e+01
E 013 018 2.563e+01
E 014 016 3.625e+01
E 014 017 5.122e+01
E 014 018 1.118e+01
E 014 019 2.302e+01
E 015 019 7.852e+01
E 016 018 4.717e+01
