N 000 009 033 2.117e-01
N 001 098 026 8.291e-01
N 002 049 001 3.283e-01
N 003 062 049 2.969e-01
N 004 089 099 3.087e-01
N 005 090 041 9.464e-01
N 006 012 016 2.586e-01
N 007 098 057 4.017e-01
N 008 054 018 1.507e-01
N 009 094 026 3.400e-02
N 010 066 022 3.598e-01
N 011 069 010 4.101e-01
N 012 036 059 8.808e-01
N 013 093 094 5.601e-01
N 014 091 095 9.134e-01
N 015 035 056 7.325e-01
N 016 051 046 5.438e-01
N 017 028 060 9.894e-01
N 018 062 008 7.120e-01
N 019 038 080 9.777e-01
E 000 016 4.397e+01
E 000 001 8.927e+01
E 000 002 5.122e+01
E 000 017 3.302e+01
E 000 015 3.471e+01
E 001 002 5.501e+01
E 001 005 1.700e+01
E 001 007 3.100e+01
E 001 008 4.472e+01
E 001 013 6.818e+01
E 001 014 6.935e+01
E 001 017 7.782e+01
E 002 004 1.058e+02
E 002 008 1.772e+01
E 002 012 5.944e+01
E 002 013 1.029e+02
E 002 017 6.263e+01
E 003 016 1.140e+01
E 003 011 3.962e+01
E 003 012 2.786e+01
E 004 006 1.132e+02
E 004 008 8.824e+01
E 004 009 7.317e+01
E 004 014 4.472e+00
E 004 017 7.240e+01
E 005 009 1.552e+01
E 005 012 5.692e+01
E 005 015 5.701e+01
E 005 016 3.932e+01
E 005 018 4.328e+01
E 006 008 4.205e+01
E 006 011 5.731e+01
E 006 012 4.924e+01
E 006 015 4.614e+01
E 006 017 4.682e+01
E 006 018 5.064e+01
E 006 019 6.908e+01
E 007 008 5.880e+01
E 007 014 3.864e+01
E 007 017 7.006e+01
E 008 012 4.478e+01
E 008 015 4.249e+01
E 008 017 4.940e+01
E 009 016 4.742e+01
E 009 012 6.673e+01
E 009 017 7.424e+01
E 010 018 1.456e+01
E 010 014 7.716e+01
E 011 013 8.736e+01
E 011 014 8.780e+01
E 011 016 4.025e+01
E 011 017 6.466e+01
E 012 018 5.725e+01
E 013 014 2.236e+00
E 013 017 7.336e+01
E 014 019 5.508e+01
E 015 017 8.062e+00
E 017 018 6.213e+01
E 017 019 2.236e+01
E 018 019 7.589e+01
