N 000 031 095 8.140e-01
N 001 001 032 1.992e-01
N 002 084 025 3.087e-01
N 003 004 023 2.239e-01
N 004 033 088 9.853e-01
N 005 071 050 3.959e-01
N 006 057 076 7.548e-01
N 007 008 004 8.040e-01
N 008 084 028 9.952e-01
N 009 051 030 4.401e-01
N 010 022 074 2.981e-01
N 011 097 028 3.418e-01
N 012 097 006 8.400e-01
N 013 042 065 8.199e-01
N 014 057 008 1.286e-01
N 015 097 064 2.742e-01
N 016 038 055 9.613e-01
N 017 072 094 7.887e-01
N 018 049 036 3.670e-01
N 019 031 019 9.566e-01
E 000 001 6.978e+01
E 000 013 3.195e+01
E 000 007 9.386e+01
E 001 003 9.487e+00
E 001 009 5.004e+01
E 001 017 9.426e+01
E 001 018 4.817e+01
E 001 019 3.270e+01
E 002 016 5.492e+01
E 002 010 7.903e+01
E 002 019 5.334e+01
E 002 013 5.800e+01
E 003 018 4.684e+01
E 003 012 9.454e+01
E 003 013 5.664e+01
E 003 017 9.831e+01
E 004 016 3.338e+01
E 004 017 3.946e+01
E 004 018 5.441e+01
E 004 019 6.903e+01
E 004 012 1.040e+02
E 005 017 4.401e+01
E 005 019 5.061e+01
E 005 013 3.265e+01
E 005 014 4.427e+01
E 005 007 7.801e+01
E 006 007 8.709e+01
E 006 010 3.506e+01
E 006 014 6.800e+01
E 006 015 4.176e+01
E 006 016 2.832e+01
E 006 017 2.343e+01
E 007 010 7.139e+01
E 007 011 9.218e+01
E 007 012 8.902e+01
E 007 014 4.916e+01
E 007 015 1.073e+02
E 007 016 5.917e+01
E 007 017 1.104e+02
E 008 016 5.334e+01
E 008 009 3.306e+01
E 008 018 3.590e+01
E 008 015 3.828e+01
E 009 018 6.325e+00
E 009 013 3.614e+01
E 009 014 2.280e+01
E 010 011 8.798e+01
E 010 012 1.012e+02
E 011 012 2.200e+01
E 011 018 4.866e+01
E 012 013 8.066e+01
E 012 014 4.005e+01
E 012 015 5.800e+01
E 014 015 6.882e+01
E 014 016 5.070e+01
E 014 019 2.823e+01
E 015 017 3.905e+01
E 015 018 5.557e+01
E 015 019 7.988e+01
E 016 017 5.174e+01
