N 000 052 069 2.598e-01
N 001 038 084 9.912e-01
N 002 071 016 3.397e-02
N 003 026 009 5.178e-02
N 004 026 013 2.941e-01
N 005 034 045 4.985e-01
N 006 099 006 4.648e-01
N 007 062 008 3.952e-01
N 008 016 019 3.177e-01
N 009 018 052 8.590e-01
N 010 028 047 4.658e-01
N 011 031 030 1.727e-01
N 012 079 078 7.929e-01
N 013 023 040 2.871e-01
N 014 089 095 7.406e-01
N 015 081 050 8.885e-01
N 016 083 074 9.091e-01
N 017 015 053 7.728e-01
N 018 021 049 6.530e-01
N 019 040 098 9.379e-01
E 000 003 6.539e+01
E 000 008 6.161e+01
E 000 011 4.429e+01
E 000 012 2.846e+01
E 000 016 3.140e+01
E 000 018 3.689e+01
E 001 008 6.862e+01
E 001 017 3.860e+01
E 001 002 7.558e+01
E 001 012 4.144e+01
E 001 015 5.482e+01
E 002 003 4.554e+01
E 002 010 5.301e+01
E 002 016 5.923e+01
E 002 017 6.712e+01
E 002 019 8.766e+01
E 003 004 4.000e+00
E 003 006 7.306e+01
E 003 008 1.414e+01
E 003 011 2.159e+01
E 003 015 6.860e+01
E 003 016 8.645e+01
E 004 006 7.333e+01
E 004 011 1.772e+01
E 004 012 8.387e+01
E 004 015 6.629e+01
E 004 017 4.148e+01
E 005 008 3.162e+01
E 005 016 5.694e+01
E 005 011 1.530e+01
E 005 015 4.727e+01
E 006 009 9.315e+01
E 006 010 8.199e+01
E 006 011 7.211e+01
E 006 013 8.326e+01
E 006 014 8.956e+01
E 006 016 6.986e+01
E 006 017 9.625e+01
E 006 019 1.093e+02
E 007 009 6.223e+01
E 007 011 3.801e+01
E 007 012 7.203e+01
E 007 013 5.045e+01
E 007 015 4.610e+01
E 007 017 6.507e+01
E 008 018 3.041e+01
E 009 010 1.118e+01
E 009 015 6.303e+01
E 009 018 4.243e+00
E 010 013 8.602e+00
E 011 012 6.788e+01
E 011 013 1.281e+01
E 011 015 5.385e+01
E 011 016 6.812e+01
E 012 018 6.485e+01
E 013 014 8.591e+01
E 014 017 8.509e+01
E 015 016 2.408e+01
E 016 017 7.117e+01
E 017 018 7.211e+00
