N 000 099 079 6.312e-01
N 001 072 082 9.217e-01
N 002 029 048 9.901e-02
N 003 007 076 2.950e-01
N 004 047 021 9.866e-02
N 005 076 029 8.550e-01
N 006 073 032 5.180e-01
N 007 042 091 1.982e-01
N 008 053 009 3.325e-01
N 009 040 013 6.012e-01
N 010 039 088 1.171e-01
N 011 098 092 6.856e-02
N 012 058 078 6.497e-01
N 013 077 039 7.419e-01
N 014 044 077 5.040e-01
N 015 010 061 4.432e-01
N 016 062 099 9.898e-01
N 017 018 090 6.244e-01
N 018 071 050 4.471e-01
N 019 016 010 8.615e-02
E 000 016 4.206e+01
E 000 018 4.031e+01
E 000 005 5.504e+01
E 000 006 5.371e+01
E 000 015 9.080e+01
E 001 006 5.001e+01
E 001 007 3.132e+01
E 001 009 7.606e+01
E 001 010 3.354e+01
E 001 013 4.329e+01
E 001 014 2.844e+01
E 001 015 6.546e+01
E 001 016 1.972e+01
E 001 018 3.202e+01
E 002 008 4.579e+01
E 002 017 4.342e+01
E 002 004 3.245e+01
E 002 014 3.265e+01
E 002 015 2.302e+01
E 003 005 8.349e+01
E 003 007 3.808e+01
E 004 005 3.008e+01
E 004 007 7.018e+01
E 005 008 3.048e+01
E 005 009 3.940e+01
E 005 011 6.673e+01
E 005 012 5.220e+01
E 005 019 6.294e+01
E 006 010 6.551e+01
E 006 011 6.500e+01
E 006 012 4.838e+01
E 006 014 5.354e+01
E 006 015 6.935e+01
E 007 008 8.273e+01
E 007 015 4.386e+01
E 007 016 2.154e+01
E 008 009 1.360e+01
E 008 012 6.918e+01
E 008 013 3.842e+01
E 008 014 6.859e+01
E 009 012 6.745e+01
E 009 014 6.412e+01
E 010 011 5.914e+01
E 010 014 1.208e+01
E 010 017 2.110e+01
E 010 018 4.968e+01
E 011 012 4.238e+01
E 011 016 3.667e+01
E 011 017 8.002e+01
E 012 016 2.138e+01
E 012 019 7.992e+01
E 013 015 7.052e+01
E 014 016 2.843e+01
E 014 017 2.907e+01
E 014 019 7.262e+01
E 015 016 6.440e+01
E 015 017 3.008e+01
E 015 018 6.198e+01
E 016 018 4.982e+01
E 017 019 8.002e+01
