N 000 038 044 1.125e-01
N 001 075 043 6.138e-01
N 002 099 015 2.329e-01
N 003 073 077 2.642e-01
N 004 009 019 3.313e-01
N 005 010 089 9.846e-01
N 006 004 083 2.879e-01
N 007 027 076 2.003e-01
N 008 009 094 3.631e-01
N 009 088 054 5.450e-01
N 010 081 002 5.694e-01
N 011 000 048 6.075e-01
N 012 074 025 7.153e-01
N 013 099 071 9.037e-01
N 014 034 074 2.896e-01
N 015 073 060 5.745e-01
N 016 002 045 5.144e-01
N 017 081 043 2.510e-02
N 018 092 017 8.705e-01
N 019 005 065 3.588e-01
E 000 009 5.099e+01
E 000 013 6.671e+01
E 000 006 5.174e+01
E 001 005 7.963e+01
E 001 006 8.149e+01
E 001 009 1.703e+01
E 001 010 4.144e+01
E 001 014 5.140e+01
E 001 015 1.712e+01
E 001 018 3.106e+01
E 001 019 7.338e+01
E 002 018 7.280e+00
E 002 012 2.693e+01
E 002 013 5.600e+01
E 002 014 8.778e+01
E 002 015 5.197e+01
E 003 008 6.622e+01
E 003 012 5.201e+01
E 003 011 7.855e+01
E 003 004 8.637e+01
E 004 010 7.398e+01
E 004 005 7.001e+01
E 004 006 6.420e+01
E 004 007 5.977e+01
E 005 007 2.140e+01
E 005 010 1.123e+02
E 005 013 9.080e+01
E 005 015 6.935e+01
E 005 019 2.452e+01
E 006 010 1.118e+02
E 006 011 3.523e+01
E 006 016 3.805e+01
E 006 018 1.100e+02
E 007 008 2.546e+01
E 007 012 6.935e+01
E 007 011 3.890e+01
E 008 009 8.855e+01
E 008 011 4.687e+01
E 008 013 9.289e+01
E 008 016 4.950e+01
E 009 010 5.247e+01
E 009 017 1.304e+01
E 010 011 9.315e+01
E 010 013 7.131e+01
E 010 014 8.598e+01
E 010 019 9.872e+01
E 011 014 4.280e+01
E 011 015 7.398e+01
E 011 016 3.606e+00
E 012 013 5.235e+01
E 012 017 1.931e+01
E 012 019 7.976e+01
E 013 016 1.004e+02
E 013 019 9.419e+01
E 014 018 8.132e+01
E 015 016 7.257e+01
E 015 018 4.701e+01
E 016 017 7.903e+01
E 016 019 2.022e+01
E 017 019 7.912e+01
