N 000 052 096 7.760e-02
N 001 064 047 2.596e-01
N 002 003 068 6.350e-01
N 003 054 012 1.610e-01
N 004 055 021 2.568e-01
N 005 015 009 1.176e-01
N 006 067 039 1.584e-01
N 007 024 070 7.071e-01
N 008 003 090 2.351e-01
N 009 086 013 9.108e-01
N 010 030 017 5.243e-01
N 011 019 095 2.896e-01
N 012 034 024 5.940e-01
N 013 035 049 6.674e-01
N 014 040 000 6.074e-01
N 015 074 018 5.617e-01
N 016 088 018 4.258e-01
N 017 095 080 3.644e-02
N 018 047 039 3.368e-01
N 019 036 076 4.826e-01
E 000 003 8.402e+01
E 000 005 9.454e+01
E 000 007 3.821e+01
E 000 010 8.201e+01
E 000 013 4.998e+01
E 000 014 9.675e+01
E 000 015 8.104e+01
E 000 018 5.722e+01
E 000 019 2.561e+01
E 001 002 6.451e+01
E 001 011 6.580e+01
E 001 012 3.780e+01
E 001 015 3.068e+01
E 001 016 3.764e+01
E 001 017 4.528e+01
E 001 018 1.879e+01
E 001 019 4.031e+01
E 002 008 2.200e+01
E 002 013 3.722e+01
E 002 016 9.862e+01
E 002 017 9.278e+01
E 003 009 3.202e+01
E 003 019 6.648e+01
E 003 004 9.055e+00
E 003 017 7.940e+01
E 004 006 2.163e+01
E 004 007 5.798e+01
E 004 010 2.532e+01
E 004 013 3.441e+01
E 004 015 1.924e+01
E 004 019 5.819e+01
E 005 016 7.355e+01
E 005 013 4.472e+01
E 006 007 5.301e+01
E 006 008 8.184e+01
E 006 013 3.353e+01
E 006 015 2.214e+01
E 006 016 2.970e+01
E 006 017 4.965e+01
E 007 008 2.900e+01
E 007 009 8.422e+01
E 008 010 7.783e+01
E 008 012 7.292e+01
E 008 015 1.011e+02
E 008 017 9.254e+01
E 009 015 1.300e+01
E 010 014 1.972e+01
E 010 015 4.401e+01
E 010 016 5.801e+01
E 011 016 1.034e+02
E 011 018 6.261e+01
E 011 019 2.550e+01
E 011 012 7.257e+01
E 012 013 2.502e+01
E 012 017 8.281e+01
E 013 014 4.925e+01
E 013 016 6.140e+01
E 014 015 3.847e+01
E 016 019 7.790e+01
E 017 019 5.914e+01
