N 000 069 068 3.793e-01
N 001 066 041 9.138e-01
N 002 077 066 1.647e-01
N 003 016 011 9.466e-01
N 004 010 094 6.583e-01
N 005 026 074 2.212e-01
N 006 056 082 2.544e-01
N 007 037 039 7.119e-01
N 008 092 005 3.451e-01
N 009 066 033 4.658e-01
N 010 087 010 9.806e-01
N 011 066 019 8.086e-01
N 012 078 017 5.472e-01
N 013 034 058 9.986e-01
N 014 055 085 8.619e-01
N 015 034 016 1.848e-01
N 016 014 079 7.090e-02
N 017 093 003 7.142e-01
N 018 081 065 8.012e-01
N 019 060 022 5.529e-01
E 000 002 8.246e+00
E 000 003 7.783e+01
E 000 005 4.342e+01
E 000 006 1.910e+01
E 000 008 6.707e+01
E 000 009 3.513e+01
E 000 010 6.073e+01
E 000 012 5.179e+01
E 000 014 2.202e+01
E 000 015 6.268e+01
E 000 016 5.609e+01
E 000 017 6.929e+01
E 000 018 1.237e+01
E 001 010 3.744e+01
E 001 003 5.831e+01
E 001 004 7.710e+01
E 001 014 4.535e+01
E 001 007 2.907e+01
E 002 016 6.433e+01
E 002 010 5.689e+01
E 002 014 2.907e+01
E 002 015 6.595e+01
E 003 006 8.149e+01
E 003 009 5.463e+01
E 003 012 6.229e+01
E 003 016 6.803e+01
E 004 019 8.766e+01
E 004 006 4.754e+01
E 005 006 3.105e+01
E 005 007 3.669e+01
E 005 009 5.728e+01
E 005 015 5.855e+01
E 005 017 9.762e+01
E 006 011 6.379e+01
E 006 014 3.162e+00
E 006 019 6.013e+01
E 007 009 2.961e+01
E 007 013 1.924e+01
E 007 015 2.319e+01
E 007 017 6.657e+01
E 007 019 2.860e+01
E 008 009 3.821e+01
E 008 011 2.953e+01
E 008 016 1.075e+02
E 008 015 5.903e+01
E 009 013 4.061e+01
E 009 014 5.315e+01
E 009 016 6.943e+01
E 009 017 4.036e+01
E 010 011 2.285e+01
E 010 018 5.533e+01
E 011 015 3.214e+01
E 011 016 7.940e+01
E 011 019 6.708e+00
E 012 016 8.911e+01
E 012 019 1.868e+01
E 013 016 2.900e+01
E 013 015 4.200e+01
E 014 016 4.144e+01
E 014 018 3.280e+01
