N 000 062 083 2.279e-01
N 001 082 084 8.476e-01
N 002 039 031 2.819e-01
N 003 031 011 4.623e-01
N 004 086 086 3.837e-01
N 005 010 035 5.975e-01
N 006 043 096 7.373e-01
N 007 016 046 9.602e-01
N 008 063 027 8.950e-02
N 009 014 008 1.564e-02
N 010 093 033 5.958e-01
N 011 056 065 4.381e-01
N 012 012 063 4.934e-01
N 013 019 037 6.950e-01
N 014 068 073 5.992e-01
N 015 048 003 7.220e-01
N 016 019 088 2.939e-01
N 017 062 081 2.773e-01
N 018 073 044 2.964e-02
N 019 095 095 6.795e-01
E 000 001 2.002e+01
E 000 005 7.077e+01
E 000 007 5.903e+01
E 000 008 5.601e+01
E 000 009 8.904e+01
E 000 010 5.883e+01
E 000 011 1.897e+01
E 000 015 8.122e+01
E 000 016 4.329e+01
E 001 004 4.472e+00
E 001 006 4.080e+01
E 001 007 7.616e+01
E 001 011 3.220e+01
E 001 017 2.022e+01
E 002 016 6.041e+01
E 002 019 8.504e+01
E 002 012 4.187e+01
E 002 013 2.088e+01
E 002 007 2.746e+01
E 003 009 1.726e+01
E 003 015 1.879e+01
E 004 005 9.153e+01
E 004 007 8.062e+01
E 004 008 6.332e+01
E 004 011 3.662e+01
E 004 013 8.301e+01
E 004 017 2.452e+01
E 005 008 5.360e+01
E 005 009 2.729e+01
E 005 010 8.302e+01
E 005 012 2.807e+01
E 005 018 6.364e+01
E 005 019 1.040e+02
E 006 018 6.003e+01
E 006 012 4.528e+01
E 006 014 3.397e+01
E 006 007 5.682e+01
E 007 008 5.070e+01
E 007 010 7.809e+01
E 007 012 1.746e+01
E 008 010 3.059e+01
E 008 011 3.864e+01
E 008 013 4.512e+01
E 008 014 4.627e+01
E 008 015 2.830e+01
E 009 012 5.504e+01
E 009 017 8.737e+01
E 009 018 6.912e+01
E 010 012 8.638e+01
E 010 017 5.714e+01
E 010 019 6.203e+01
E 011 018 2.702e+01
E 011 019 4.920e+01
E 012 016 2.596e+01
E 013 018 5.445e+01
E 015 016 8.981e+01
E 015 017 7.925e+01
E 015 018 4.802e+01
E 015 019 1.033e+02
E 018 019 5.554e+01
