N 000 044 071 6.122e-01
N 001 043 095 6.161e-01
N 002 018 071 9.216e-01
N 003 000 036 1.914e-01
N 004 075 058 3.378e-01
N 005 044 090 1.788e-01
N 006 090 073 5.712e-01
N 007 080 075 5.788e-01
N 008 000 090 7.856e-01
N 009 081 061 5.917e-01
N 010 031 083 4.060e-01
N 011 098 061 8.304e-01
N 012 055 016 6.796e-02
N 013 093 008 5.939e-01
N 014 093 006 9.905e-01
N 015 007 042 7.486e-01
N 016 098 069 4.043e-01
N 017 017 004 6.255e-01
N 018 033 018 4.977e-01
N 019 079 062 3.888e-01
E 000 002 2.600e+01
E 000 004 3.362e+01
E 000 007 3.622e+01
E 000 009 3.833e+01
E 000 010 1.769e+01
E 000 011 5.492e+01
E 000 015 4.701e+01
E 000 017 7.224e+01
E 000 019 3.614e+01
E 001 003 7.301e+01
E 001 008 4.329e+01
E 001 009 5.099e+01
E 001 012 7.991e+01
E 001 013 1.003e+02
E 001 018 7.765e+01
E 002 003 3.936e+01
E 002 004 5.846e+01
E 002 006 7.203e+01
E 002 007 6.213e+01
E 002 008 2.617e+01
E 002 011 8.062e+01
E 002 013 9.795e+01
E 002 017 6.701e+01
E 003 010 5.630e+01
E 003 012 5.852e+01
E 003 013 9.712e+01
E 003 017 3.624e+01
E 003 018 3.759e+01
E 004 008 8.154e+01
E 004 009 6.708e+00
E 004 011 2.319e+01
E 004 012 4.652e+01
E 004 013 5.314e+01
E 004 018 5.800e+01
E 005 017 9.014e+01
E 005 010 1.476e+01
E 005 019 4.482e+01
E 006 019 1.556e+01
E 006 017 1.004e+02
E 006 018 7.921e+01
E 006 013 6.507e+01
E 007 009 1.404e+01
E 007 010 4.965e+01
E 007 011 2.280e+01
E 007 015 8.011e+01
E 007 017 9.492e+01
E 008 014 1.253e+02
E 008 017 8.766e+01
E 009 011 1.700e+01
E 009 019 2.236e+00
E 010 011 7.052e+01
E 010 013 9.731e+01
E 010 014 9.886e+01
E 010 016 6.845e+01
E 011 016 8.000e+00
E 013 014 2.000e+00
E 013 016 6.120e+01
E 014 019 5.772e+01
E 015 016 9.492e+01
E 016 018 8.262e+01
