N 000 079 062 1.605e-01
N 001 031 045 6.786e-01
N 002 026 017 6.412e-01
N 003 067 050 2.934e-01
N 004 084 012 9.028e-01
N 005 058 084 8.531e-01
N 006 038 087 4.095e-01
N 007 067 075 9.107e-01
N 008 056 036 2.537e-01
N 009 003 083 5.009e-01
N 010 081 018 3.019e-01
N 011 098 079 5.934e-01
N 012 026 034 4.070e-01
N 013 079 097 2.013e-01
N 014 082 055 1.841e-01
N 015 049 029 1.640e-01
N 016 002 036 9.072e-02
N 017 048 084 3.221e-01
N 018 074 018 5.587e-01
N 019 077 091 5.349e-01
E 000 008 3.471e+01
E 000 009 7.885e+01
E 000 011 2.550e+01
E 000 016 8.127e+01
E 000 019 2.907e+01
E 001 004 6.243e+01
E 001 007 4.686e+01
E 001 009 4.720e+01
E 001 014 5.197e+01
E 001 016 3.036e+01
E 001 017 4.254e+01
E 001 018 5.077e+01
E 002 004 5.822e+01
E 002 005 7.425e+01
E 002 006 7.102e+01
E 002 010 5.501e+01
E 002 011 9.502e+01
E 002 012 1.700e+01
E 002 013 9.596e+01
E 002 014 6.768e+01
E 002 018 4.801e+01
E 002 019 8.987e+01
E 003 008 1.780e+01
E 003 014 1.581e+01
E 004 005 7.655e+01
E 004 010 6.708e+00
E 004 014 4.305e+01
E 004 015 3.891e+01
E 005 007 1.273e+01
E 005 015 5.573e+01
E 005 016 7.376e+01
E 005 019 2.025e+01
E 006 009 3.523e+01
E 006 017 1.044e+01
E 007 009 6.450e+01
E 007 013 2.506e+01
E 007 014 2.500e+01
E 007 016 7.580e+01
E 008 011 6.011e+01
E 008 018 2.546e+01
E 008 017 4.866e+01
E 009 010 1.015e+02
E 009 011 9.508e+01
E 009 016 4.701e+01
E 009 018 9.626e+01
E 010 016 8.102e+01
E 010 018 7.000e+00
E 011 016 1.052e+02
E 012 017 5.463e+01
E 012 013 8.233e+01
E 012 014 5.981e+01
E 013 016 9.823e+01
E 013 014 4.211e+01
E 014 018 3.785e+01
E 014 019 3.635e+01
E 015 017 5.501e+01
E 015 018 2.731e+01
E 015 019 6.803e+01
E 016 018 7.422e+01
E 016 019 9.301e+01
