N 000 003 029 1.911e-01
N 001 046 034 7.186e-01
N 002 058 009 4.712e-01
N 003 018 095 7.017e-02
N 004 049 095 6.594e-01
N 005 085 033 3.168e-02
N 006 082 062 8.631e-01
N 007 056 093 7.799e-01
N 008 011 035 5.367e-01
N 009 025 048 4.239e-01
N 010 069 020 6.292e-01
N 011 065 003 9.545e-01
N 012 031 053 9.773e-01
N 013 040 044 1.551e-01
N 014 031 029 2.956e-01
N 015 089 009 4.271e-01
N 016 034 031 2.493e-01
N 017 025 063 3.590e-01
N 018 030 099 1.473e-01
N 019 007 028 3.410e-01
E 000 001 4.329e+01
E 000 002 5.852e+01
E 000 006 8.562e+01
E 000 009 2.907e+01
E 000 010 6.661e+01
E 000 012 3.688e+01
E 000 014 2.800e+01
E 000 015 8.829e+01
E 001 005 3.901e+01
E 001 006 4.561e+01
E 001 011 3.636e+01
E 001 012 2.421e+01
E 001 018 6.694e+01
E 002 018 9.425e+01
E 002 011 9.220e+00
E 002 004 8.647e+01
E 002 013 3.936e+01
E 003 008 6.041e+01
E 003 015 1.115e+02
E 003 004 3.100e+01
E 003 007 3.805e+01
E 004 005 7.169e+01
E 004 006 4.667e+01
E 004 008 7.102e+01
E 004 015 9.485e+01
E 004 016 6.573e+01
E 004 017 4.000e+01
E 005 016 5.104e+01
E 005 017 6.708e+01
E 005 015 2.433e+01
E 006 010 4.397e+01
E 006 014 6.075e+01
E 007 016 6.579e+01
E 007 009 5.464e+01
E 008 013 3.036e+01
E 008 015 8.222e+01
E 008 016 2.335e+01
E 008 018 6.676e+01
E 008 019 8.062e+00
E 009 011 6.021e+01
E 009 012 7.810e+00
E 009 015 7.495e+01
E 009 016 1.924e+01
E 010 012 5.033e+01
E 010 013 3.764e+01
E 010 014 3.905e+01
E 010 015 2.283e+01
E 010 016 3.669e+01
E 011 016 4.177e+01
E 011 019 6.316e+01
E 012 015 7.280e+01
E 012 017 1.166e+01
E 012 019 3.466e+01
E 013 017 2.421e+01
E 013 015 6.022e+01
E 014 018 7.001e+01
E 015 016 5.924e+01
E 016 017 3.324e+01
E 017 019 3.936e+01
E 018 019 7.463e+01
