N 000 075 018 9.559e-01
N 001 047 083 6.175e-01
N 002 047 055 9.690e-01
N 003 097 064 6.076e-01
N 004 019 047 9.828e-02
N 005 090 092 5.166e-01
N 006 067 039 8.523e-01
N 007 035 051 1.942e-01
N 008 006 084 6.033e-01
N 009 046 064 5.028e-01
N 010 055 033 2.182e-01
N 011 062 097 3.125e-01
N 012 054 012 3.303e-01
N 013 051 087 6.570e-01
N 014 028 049 9.548e-01
N 015 089 044 6.376e-01
N 016 058 094 6.992e-01
N 017 021 010 4.810e-01
N 018 005 073 9.024e-01
N 019 074 041 7.709e-01
E 000 017 5.459e+01
E 000 003 5.099e+01
E 000 004 6.306e+01
E 000 006 2.247e+01
E 001 019 4.993e+01
E 001 003 5.349e+01
E 001 004 4.561e+01
E 002 009 9.055e+00
E 002 003 5.080e+01
E 002 006 2.561e+01
E 002 007 1.265e+01
E 003 004 7.983e+01
E 003 005 2.886e+01
E 003 008 9.317e+01
E 003 009 5.100e+01
E 003 010 5.220e+01
E 004 007 1.649e+01
E 004 011 6.595e+01
E 004 014 9.220e+00
E 004 018 2.953e+01
E 004 019 5.533e+01
E 005 006 5.778e+01
E 005 008 8.438e+01
E 005 009 5.215e+01
E 005 011 2.844e+01
E 005 012 8.773e+01
E 005 014 7.545e+01
E 006 010 1.342e+01
E 006 016 5.573e+01
E 006 018 7.071e+01
E 007 010 2.691e+01
E 007 013 3.940e+01
E 007 016 4.876e+01
E 007 018 3.720e+01
E 007 019 4.026e+01
E 008 015 9.214e+01
E 008 017 7.550e+01
E 008 018 1.105e+01
E 008 019 8.045e+01
E 009 011 3.667e+01
E 009 013 2.354e+01
E 009 014 2.343e+01
E 009 016 3.231e+01
E 009 018 4.198e+01
E 010 011 6.438e+01
E 010 013 5.415e+01
E 010 016 6.107e+01
E 010 019 2.062e+01
E 011 015 5.948e+01
E 011 016 5.000e+00
E 012 017 3.306e+01
E 012 018 7.824e+01
E 012 015 4.742e+01
E 012 013 7.506e+01
E 013 016 9.899e+00
E 013 017 8.264e+01
E 014 016 5.408e+01
E 014 015 6.120e+01
E 015 019 1.530e+01
E 016 017 9.179e+01
