N 000 058 084 7.948e-01
N 001 028 028 6.694e-01
N 002 096 011 7.340e-01
N 003 058 050 6.934e-01
N 004 024 082 2.594e-01
N 005 038 060 1.037e-01
N 006 086 008 7.653e-01
N 007 072 038 1.677e-01
N 008 000 046 8.876e-01
N 009 051 055 3.741e-01
N 010 055 077 5.418e-02
N 011 006 099 7.516e-01
N 012 003 042 8.094e-01
N 013 049 010 1.953e-02
N 014 000 012 8.069e-01
N 015 070 036 1.009e-01
N 016 037 038 2.068e-01
N 017 047 014 5.071e-01
N 018 026 059 1.268e-01
N 019 038 065 7.282e-01
E 000 001 6.353e+01
E 000 004 3.406e+01
E 000 017 7.086e+01
E 000 012 6.920e+01
E 000 007 4.808e+01
E 001 016 1.345e+01
E 001 010 5.595e+01
E 001 005 3.353e+01
E 001 015 4.276e+01
E 002 003 5.445e+01
E 002 010 7.770e+01
E 002 011 1.259e+02
E 002 012 9.803e+01
E 002 017 4.909e+01
E 002 018 8.488e+01
E 002 019 7.925e+01
E 003 009 8.602e+00
E 003 012 5.558e+01
E 003 013 4.100e+01
E 003 015 1.844e+01
E 003 016 2.419e+01
E 004 009 3.818e+01
E 004 005 2.608e+01
E 004 006 9.654e+01
E 004 007 6.512e+01
E 005 011 5.045e+01
E 005 017 4.687e+01
E 005 009 1.393e+01
E 006 008 9.402e+01
E 007 008 7.244e+01
E 007 010 4.254e+01
E 007 017 3.466e+01
E 007 018 5.057e+01
E 007 019 4.342e+01
E 008 009 5.179e+01
E 008 011 5.334e+01
E 008 014 3.400e+01
E 008 015 7.071e+01
E 008 019 4.249e+01
E 009 012 4.973e+01
E 009 014 6.671e+01
E 009 019 1.640e+01
E 010 011 5.371e+01
E 010 016 4.295e+01
E 010 017 6.351e+01
E 010 019 2.081e+01
E 011 013 9.884e+01
E 012 013 5.604e+01
E 012 017 5.215e+01
E 012 019 4.188e+01
E 013 015 3.342e+01
E 013 016 3.046e+01
E 013 017 4.472e+00
E 014 019 6.522e+01
E 014 016 4.522e+01
E 014 017 4.704e+01
E 015 019 4.319e+01
E 016 019 2.702e+01
E 017 018 4.966e+01
E 017 019 5.179e+01
