N 000 016 092 2.895e-01
N 001 026 097 9.065e-01
N 002 012 071 4.740e-02
N 003 051 017 8.801e-01
N 004 038 073 8.171e-01
N 005 071 047 1.434e-01
N 006 093 068 8.761e-01
N 007 060 068 6.995e-01
N 008 088 009 5.485e-03
N 009 058 063 3.115e-01
N 010 035 045 7.456e-01
N 011 002 055 8.973e-01
N 012 051 011 7.555e-01
N 013 081 036 7.251e-01
N 014 020 056 2.975e-01
N 015 072 000 9.799e-01
N 016 047 091 5.587e-01
N 017 087 093 1.996e-01
N 018 019 012 9.851e-01
N 019 051 040 1.394e-01
E 000 003 8.276e+01
E 000 004 2.907e+01
E 000 007 5.012e+01
E 000 009 5.104e+01
E 000 013 8.580e+01
E 000 017 7.101e+01
E 000 019 6.268e+01
E 001 005 6.727e+01
E 001 006 7.301e+01
E 001 007 4.469e+01
E 001 008 1.076e+02
E 001 011 4.837e+01
E 001 012 8.956e+01
E 001 016 2.184e+01
E 001 017 6.113e+01
E 002 019 4.982e+01
E 002 017 7.816e+01
E 002 003 6.661e+01
E 002 014 1.700e+01
E 003 004 5.749e+01
E 003 007 5.179e+01
E 003 010 3.225e+01
E 003 013 3.551e+01
E 003 015 2.702e+01
E 004 006 5.523e+01
E 004 012 6.335e+01
E 004 015 8.053e+01
E 004 017 5.292e+01
E 004 018 6.389e+01
E 005 007 2.371e+01
E 005 009 2.062e+01
E 005 011 6.946e+01
E 005 013 1.487e+01
E 005 018 6.268e+01
E 006 016 5.143e+01
E 006 010 6.239e+01
E 006 014 7.398e+01
E 007 008 6.531e+01
E 007 009 5.385e+00
E 007 015 6.905e+01
E 007 018 6.940e+01
E 008 010 6.407e+01
E 008 015 1.836e+01
E 008 016 9.168e+01
E 008 019 4.827e+01
E 009 011 5.657e+01
E 009 013 3.547e+01
E 009 015 6.454e+01
E 010 012 3.758e+01
E 010 013 4.687e+01
E 010 015 5.826e+01
E 010 016 4.754e+01
E 011 019 5.124e+01
E 011 014 1.803e+01
E 012 017 8.955e+01
E 012 015 2.371e+01
E 014 019 3.489e+01
E 014 018 4.401e+01
E 015 017 9.420e+01
E 017 018 1.058e+02
