N 000 062 001 2.902e-01
N 001 016 083 7.999e-01
N 002 042 054 2.282e-01
N 003 023 095 1.881e-01
N 004 030 008 1.070e-01
N 005 026 059 5.472e-01
N 006 043 032 2.825e-01
N 007 034 012 2.161e-01
N 008 043 076 9.419e-01
N 009 009 027 2.609e-01
N 010 093 052 4.086e-01
N 011 013 047 7.837e-01
N 012 033 085 2.945e-01
N 013 021 071 4.227e-01
N 014 058 057 4.855e-01
N 015 015 019 3.300e-01
N 016 044 028 3.187e-01
N 017 065 024 9.453e-01
N 018 098 099 4.223e-02
N 019 003 018 6.692e-01
E 000 003 1.018e+02
E 000 004 3.276e+01
E 000 011 6.721e+01
E 000 012 8.887e+01
E 000 013 8.112e+01
E 000 015 5.033e+01
E 001 007 7.325e+01
E 001 008 2.789e+01
E 001 011 3.612e+01
E 001 013 1.300e+01
E 001 015 6.401e+01
E 001 016 6.172e+01
E 001 019 6.629e+01
E 002 003 4.519e+01
E 002 005 1.676e+01
E 002 006 2.202e+01
E 002 007 4.276e+01
E 002 009 4.264e+01
E 002 013 2.702e+01
E 002 014 1.628e+01
E 002 018 7.184e+01
E 003 007 8.373e+01
E 003 008 2.759e+01
E 003 009 6.943e+01
E 003 010 8.215e+01
E 003 018 7.511e+01
E 004 009 2.832e+01
E 004 005 5.116e+01
E 004 013 6.364e+01
E 005 012 2.693e+01
E 005 019 4.701e+01
E 005 014 3.206e+01
E 006 019 4.238e+01
E 006 014 2.915e+01
E 006 015 3.087e+01
E 007 008 6.463e+01
E 007 009 2.915e+01
E 007 014 5.100e+01
E 007 016 1.887e+01
E 007 018 1.080e+02
E 008 009 5.964e+01
E 008 010 5.546e+01
E 008 011 4.173e+01
E 008 012 1.345e+01
E 008 015 6.351e+01
E 008 016 4.801e+01
E 008 019 7.046e+01
E 009 015 1.000e+01
E 009 016 3.501e+01
E 009 017 5.608e+01
E 010 016 5.456e+01
E 010 014 3.536e+01
E 010 015 8.469e+01
E 012 015 6.841e+01
E 012 013 1.844e+01
E 013 014 3.956e+01
E 013 015 5.235e+01
E 014 016 3.220e+01
E 015 016 3.036e+01
E 017 019 6.229e+01
