N 000 079 033 7.588e-01
N 001 067 070 7.698e-01
N 002 050 071 4.189e-01
N 003 027 012 6.565e-01
N 004 088 090 4.455e-01
N 005 013 039 1.790e-01
N 006 091 023 2.688e-01
N 007 046 052 4.240e-01
N 008 085 084 8.029e-01
N 009 000 055 8.992e-01
N 010 046 063 5.111e-01
N 011 081 077 1.598e-01
N 012 089 057 1.851e-01
N 013 094 018 7.867e-01
N 014 035 009 1.344e-01
N 015 038 072 1.530e-01
N 016 015 054 2.325e-01
N 017 049 075 3.416e-01
N 018 031 058 6.442e-01
N 019 096 031 6.853e-01
E 000 003 5.608e+01
E 000 004 5.771e+01
E 000 006 1.562e+01
E 000 011 4.405e+01
E 000 012 2.600e+01
E 000 015 5.659e+01
E 001 016 5.441e+01
E 001 009 6.866e+01
E 001 018 3.795e+01
E 001 006 5.277e+01
E 002 019 6.096e+01
E 002 018 2.302e+01
E 002 011 3.158e+01
E 002 004 4.249e+01
E 002 006 6.313e+01
E 003 009 5.077e+01
E 003 010 5.442e+01
E 003 014 8.544e+00
E 003 016 4.368e+01
E 004 008 6.708e+00
E 004 011 1.476e+01
E 004 018 6.537e+01
E 004 019 5.954e+01
E 005 006 7.962e+01
E 005 007 3.547e+01
E 005 010 4.080e+01
E 005 016 1.513e+01
E 005 017 5.091e+01
E 005 018 2.617e+01
E 006 009 9.646e+01
E 006 010 6.021e+01
E 006 011 5.492e+01
E 006 014 5.772e+01
E 006 016 8.208e+01
E 006 017 6.684e+01
E 006 018 6.946e+01
E 007 008 5.045e+01
E 007 010 1.100e+01
E 007 012 4.329e+01
E 007 013 5.882e+01
E 008 009 8.981e+01
E 008 010 4.429e+01
E 008 017 3.711e+01
E 009 017 5.292e+01
E 009 018 3.114e+01
E 009 019 9.895e+01
E 010 013 6.580e+01
E 010 014 5.511e+01
E 010 018 1.581e+01
E 011 012 2.154e+01
E 011 014 8.210e+01
E 011 018 5.349e+01
E 011 019 4.838e+01
E 012 013 3.932e+01
E 012 015 5.316e+01
E 012 017 4.386e+01
E 013 015 7.779e+01
E 013 016 8.682e+01
E 013 018 7.463e+01
E 014 016 4.924e+01
