N 000 002 018 9.597e-02
N 001 011 081 8.106e-01
N 002 087 032 1.120e-01
N 003 087 088 3.011e-01
N 004 077 085 6.715e-01
N 005 073 065 1.973e-01
N 006 037 033 9.008e-01
N 007 076 016 7.028e-01
N 008 000 015 5.764e-01
N 009 032 006 8.223e-02
N 010 020 086 8.188e-01
N 011 078 051 9.098e-01
N 012 005 012 2.672e-01
N 013 005 081 2.295e-01
N 014 031 096 3.334e-01
N 015 015 006 7.835e-01
N 016 031 018 7.295e-01
N 017 091 066 6.743e-02
N 018 025 042 8.696e-01
N 019 098 046 1.835e-01
E 000 019 1.000e+02
E 000 009 3.231e+01
E 000 010 7.034e+01
E 000 011 8.286e+01
E 000 004 1.006e+02
E 001 006 5.459e+01
E 001 007 9.192e+01
E 001 010 1.030e+01
E 001 011 7.341e+01
E 001 014 2.500e+01
E 001 016 6.610e+01
E 001 018 4.144e+01
E 001 019 9.378e+01
E 002 017 3.423e+01
E 002 011 2.102e+01
E 002 014 8.504e+01
E 002 006 5.001e+01
E 002 007 1.942e+01
E 003 008 1.136e+02
E 003 009 9.874e+01
E 003 013 8.230e+01
E 003 016 8.964e+01
E 003 017 2.236e+01
E 004 005 2.040e+01
E 004 007 6.901e+01
E 004 013 7.211e+01
E 004 014 4.730e+01
E 004 017 2.360e+01
E 004 019 4.429e+01
E 005 019 3.140e+01
E 005 011 1.487e+01
E 005 006 4.817e+01
E 006 009 2.746e+01
E 006 013 5.769e+01
E 006 017 6.329e+01
E 007 012 7.111e+01
E 007 013 9.626e+01
E 007 016 4.504e+01
E 007 019 3.720e+01
E 008 009 3.324e+01
E 008 010 7.376e+01
E 008 011 8.591e+01
E 008 014 8.673e+01
E 008 017 1.043e+02
E 008 019 1.028e+02
E 009 012 2.766e+01
E 009 014 9.001e+01
E 009 015 1.700e+01
E 009 017 8.415e+01
E 010 013 1.581e+01
E 010 017 7.376e+01
E 011 015 7.742e+01
E 012 015 1.166e+01
E 012 017 1.015e+02
E 014 018 5.433e+01
E 014 019 8.360e+01
E 015 017 9.683e+01
E 016 019 7.262e+01
E 016 018 2.474e+01
E 017 018 7.023e+01
