N 000 011 042 7.783e-01
N 001 012 033 9.341e-01
N 002 030 083 8.480e-01
N 003 068 051 7.456e-01
N 004 039 026 5.708e-01
N 005 028 050 3.266e-02
N 006 012 080 1.549e-01
N 007 064 024 4.125e-02
N 008 035 003 4.936e-01
N 009 078 013 1.035e-01
N 010 034 095 9.041e-01
N 011 074 039 9.456e-01
N 012 026 077 3.985e-01
N 013 003 003 8.820e-01
N 014 008 094 7.205e-01
N 015 054 067 4.783e-01
N 016 010 031 5.689e-02
N 017 061 052 2.278e-01
N 018 017 033 9.661e-01
N 019 012 012 5.204e-01
E 000 001 9.055e+00
E 000 007 5.597e+01
E 000 010 5.778e+01
E 000 011 6.307e+01
E 000 016 1.105e+01
E 000 017 5.099e+01
E 001 005 2.335e+01
E 001 013 3.132e+01
E 001 015 5.404e+01
E 001 016 2.828e+00
E 001 017 5.255e+01
E 002 016 5.571e+01
E 002 012 7.211e+00
E 002 003 4.968e+01
E 002 004 5.771e+01
E 002 014 2.460e+01
E 003 007 2.729e+01
E 003 010 5.561e+01
E 003 012 4.940e+01
E 003 015 2.126e+01
E 003 016 6.135e+01
E 003 018 5.408e+01
E 004 006 6.037e+01
E 004 012 5.263e+01
E 004 013 4.272e+01
E 004 014 7.473e+01
E 004 016 2.943e+01
E 005 010 4.540e+01
E 005 011 4.730e+01
E 005 006 3.400e+01
E 006 009 9.405e+01
E 006 010 2.663e+01
E 006 014 1.456e+01
E 006 015 4.397e+01
E 007 016 5.445e+01
E 007 017 2.816e+01
E 007 015 4.415e+01
E 008 009 4.415e+01
E 008 018 3.499e+01
E 008 015 6.676e+01
E 009 010 9.306e+01
E 009 019 6.601e+01
E 009 018 6.420e+01
E 010 012 1.970e+01
E 010 016 6.835e+01
E 010 018 6.429e+01
E 011 012 6.122e+01
E 011 014 8.591e+01
E 011 016 6.450e+01
E 011 017 1.838e+01
E 011 018 5.731e+01
E 011 019 6.762e+01
E 012 015 2.973e+01
E 012 019 6.649e+01
E 013 014 9.114e+01
E 014 016 6.303e+01
E 015 016 5.685e+01
E 015 018 5.025e+01
E 016 017 5.515e+01
E 016 019 1.910e+01
