N 000 007 025 9.715e-01
N 001 032 018 8.848e-02
N 002 026 042 6.735e-01
N 003 020 028 8.382e-01
N 004 052 036 3.435e-01
N 005 041 058 8.453e-01
N 006 032 082 2.830e-01
N 007 058 072 5.157e-01
N 008 042 090 7.963e-01
N 009 040 061 7.777e-01
N 010 039 046 7.766e-01
N 011 002 023 6.421e-02
N 012 084 053 5.072e-01
N 013 069 035 2.507e-01
N 014 029 004 8.797e-01
N 015 072 033 4.712e-01
N 016 049 095 1.373e-01
N 017 032 085 2.307e-01
N 018 042 086 9.021e-01
N 019 010 046 1.645e-01
E 000 002 2.550e+01
E 000 005 4.738e+01
E 000 007 6.935e+01
E 000 008 7.382e+01
E 000 013 6.280e+01
E 000 018 7.033e+01
E 000 019 2.121e+01
E 001 016 7.885e+01
E 001 017 6.700e+01
E 001 002 2.474e+01
E 001 014 1.432e+01
E 002 006 4.045e+01
E 002 007 4.386e+01
E 002 010 1.360e+01
E 002 012 5.903e+01
E 002 015 4.687e+01
E 002 017 4.342e+01
E 003 005 3.662e+01
E 003 006 5.532e+01
E 003 010 2.617e+01
E 003 012 6.871e+01
E 003 013 4.950e+01
E 003 014 2.563e+01
E 003 015 5.224e+01
E 003 018 6.203e+01
E 003 019 2.059e+01
E 004 016 5.908e+01
E 004 017 5.292e+01
E 004 011 5.166e+01
E 004 013 1.703e+01
E 004 014 3.941e+01
E 005 008 3.202e+01
E 005 012 4.329e+01
E 005 013 3.624e+01
E 006 007 2.786e+01
E 007 009 2.110e+01
E 007 011 7.441e+01
E 007 012 3.220e+01
E 007 013 3.860e+01
E 007 018 2.126e+01
E 008 016 8.602e+00
E 008 011 7.803e+01
E 008 012 5.597e+01
E 009 011 5.374e+01
E 009 013 3.895e+01
E 009 014 5.805e+01
E 010 012 4.554e+01
E 010 014 4.317e+01
E 010 015 3.547e+01
E 010 018 4.011e+01
E 011 012 8.732e+01
E 011 016 8.598e+01
E 011 017 6.888e+01
E 012 015 2.332e+01
E 012 016 5.467e+01
E 012 017 6.106e+01
E 013 018 5.771e+01
E 014 016 9.317e+01
E 015 018 6.090e+01
E 018 019 5.122e+01
