N 000 004 022 6.192e-01
N 001 094 047 7.937e-01
N 002 024 070 3.818e-01
N 003 097 087 7.319e-01
N 004 028 036 4.015e-01
N 005 060 009 8.836e-01
N 006 035 033 6.982e-01
N 007 095 062 9.609e-01
N 008 092 048 7.907e-01
N 009 040 039 5.572e-01
N 010 064 088 5.155e-01
N 011 087 005 9.170e-01
N 012 058 032 1.508e-01
N 013 084 042 2.388e-01
N 014 017 078 4.196e-01
N 015 025 004 9.672e-01
N 016 009 087 1.698e-01
N 017 028 007 3.151e-01
N 018 026 096 4.903e-01
N 019 048 007 5.612e-01
E 000 003 1.135e+02
E 000 008 9.176e+01
E 000 011 8.472e+01
E 000 013 8.246e+01
E 000 015 2.766e+01
E 000 016 6.519e+01
E 000 018 7.720e+01
E 001 002 7.368e+01
E 001 003 4.011e+01
E 001 007 1.503e+01
E 001 010 5.080e+01
E 001 012 3.900e+01
E 001 018 8.382e+01
E 001 019 6.096e+01
E 002 006 3.860e+01
E 002 011 9.052e+01
E 002 012 5.099e+01
E 002 013 6.621e+01
E 002 014 1.063e+01
E 002 018 2.608e+01
E 003 004 8.580e+01
E 003 006 8.222e+01
E 003 007 2.508e+01
E 003 010 3.302e+01
E 003 012 6.742e+01
E 003 013 4.684e+01
E 003 016 8.800e+01
E 003 017 1.056e+02
E 003 019 9.381e+01
E 004 008 6.512e+01
E 004 017 2.900e+01
E 004 005 4.187e+01
E 005 009 3.606e+01
E 005 010 7.910e+01
E 005 006 3.466e+01
E 006 011 5.906e+01
E 006 012 2.302e+01
E 006 018 6.364e+01
E 006 019 2.907e+01
E 007 008 1.432e+01
E 007 010 4.046e+01
E 007 011 5.756e+01
E 007 012 4.763e+01
E 007 015 9.091e+01
E 007 019 7.235e+01
E 008 011 4.329e+01
E 008 013 1.000e+01
E 008 014 8.078e+01
E 008 015 8.016e+01
E 008 016 9.171e+01
E 009 014 4.528e+01
E 010 013 5.016e+01
E 010 015 9.261e+01
E 010 019 8.257e+01
E 011 016 1.132e+02
E 011 017 5.903e+01
E 012 016 7.366e+01
E 013 015 7.018e+01
E 014 016 1.204e+01
E 015 019 2.319e+01
