N 000 018 007 2.212e-02
N 001 012 032 3.726e-01
N 002 079 024 3.297e-01
N 003 059 084 4.022e-02
N 004 082 070 4.190e-01
N 005 052 079 5.465e-01
N 006 008 022 7.933e-02
N 007 017 036 6.891e-01
N 008 032 010 2.981e-01
N 009 069 005 3.601e-01
N 010 060 087 6.343e-03
N 011 034 063 6.482e-02
N 012 004 088 8.121e-01
N 013 009 039 5.051e-01
N 014 016 022 3.781e-01
N 015 001 071 2.862e-01
N 016 019 000 1.009e-02
N 017 022 003 5.148e-01
N 018 085 006 3.101e-01
N 019 034 050 5.078e-01
E 000 018 6.701e+01
E 000 004 8.981e+01
E 000 005 7.962e+01
E 000 007 2.902e+01
E 001 002 6.748e+01
E 001 008 2.973e+01
E 001 011 3.801e+01
E 001 015 4.052e+01
E 001 016 3.276e+01
E 001 019 2.843e+01
E 002 004 4.610e+01
E 002 012 9.860e+01
E 002 014 6.303e+01
E 002 015 9.107e+01
E 002 017 6.075e+01
E 002 018 1.897e+01
E 003 019 4.220e+01
E 003 017 8.905e+01
E 003 015 5.944e+01
E 003 004 2.693e+01
E 003 007 6.378e+01
E 004 006 8.820e+01
E 004 007 7.336e+01
E 004 008 7.810e+01
E 004 009 6.629e+01
E 004 010 2.780e+01
E 004 012 8.005e+01
E 004 015 8.101e+01
E 004 018 6.407e+01
E 004 019 5.200e+01
E 005 019 3.413e+01
E 005 013 5.873e+01
E 005 014 6.742e+01
E 006 019 3.821e+01
E 007 008 3.002e+01
E 007 012 5.360e+01
E 007 017 3.338e+01
E 007 018 7.432e+01
E 008 009 3.734e+01
E 008 010 8.193e+01
E 008 012 8.287e+01
E 008 013 3.701e+01
E 008 015 6.843e+01
E 008 019 4.005e+01
E 009 016 5.025e+01
E 009 019 5.701e+01
E 009 014 5.566e+01
E 010 012 5.601e+01
E 010 013 7.004e+01
E 010 014 7.849e+01
E 011 016 6.476e+01
E 011 012 3.905e+01
E 012 016 8.927e+01
E 013 017 3.828e+01
E 013 018 8.286e+01
E 014 015 5.124e+01
E 016 019 5.220e+01
E 017 018 6.307e+01
E 017 019 4.851e+01
E 018 019 6.736e+01
