N 000 085 043 6.665e-01
N 001 008 019 6.656e-01
N 002 093 083 4.837e-01
N 003 097 020 8.401e-01
N 004 010 028 5.450e-01
N 005 065 038 6.090e-01
N 006 011 050 3.313e-02
N 007 085 089 1.923e-01
N 008 010 051 8.804e-01
N 009 071 089 9.406e-02
N 010 074 072 8.567e-01
N 011 057 006 8.897e-01
N 012 091 004 7.994e-02
N 013 046 036 7.789e-01
N 014 042 082 7.757e-02
N 015 015 029 2.026e-01
N 016 016 083 3.031e-01
N 017 092 084 2.199e-01
N 018 047 060 3.543e-01
N 019 091 089 3.022e-01
E 000 002 4.079e+01
E 000 010 3.102e+01
E 001 008 3.206e+01
E 001 002 1.064e+02
E 001 004 9.220e+00
E 001 007 1.041e+02
E 002 009 2.280e+01
E 002 011 8.500e+01
E 002 013 6.647e+01
E 002 014 5.101e+01
E 002 019 6.325e+00
E 003 016 1.026e+02
E 003 010 5.686e+01
E 003 005 3.672e+01
E 003 014 8.288e+01
E 003 015 8.249e+01
E 004 009 8.627e+01
E 004 010 7.767e+01
E 004 011 5.189e+01
E 004 016 5.533e+01
E 004 017 9.930e+01
E 004 018 4.892e+01
E 005 006 5.532e+01
E 005 009 5.135e+01
E 005 010 3.517e+01
E 005 012 4.280e+01
E 005 014 4.965e+01
E 005 015 5.080e+01
E 005 016 6.653e+01
E 005 017 5.334e+01
E 006 014 4.455e+01
E 006 013 3.770e+01
E 007 008 8.408e+01
E 007 012 8.521e+01
E 007 013 6.580e+01
E 007 014 4.357e+01
E 007 016 6.926e+01
E 007 017 8.602e+00
E 008 011 6.507e+01
E 008 013 3.900e+01
E 008 014 4.455e+01
E 008 015 2.256e+01
E 008 019 8.947e+01
E 009 011 8.417e+01
E 009 012 8.732e+01
E 009 014 2.983e+01
E 009 016 5.533e+01
E 009 019 2.000e+01
E 010 018 2.955e+01
E 010 019 2.404e+01
E 011 015 4.789e+01
E 012 019 8.500e+01
E 013 016 5.576e+01
E 013 017 6.648e+01
E 014 015 5.948e+01
E 014 016 2.602e+01
E 014 018 2.256e+01
E 016 017 7.601e+01
E 016 018 3.860e+01
E 017 019 5.099e+00
