N 000 054 022 7.595e-01
N 001 021 090 2.008e-01
N 002 015 003 9.736e-01
N 003 076 092 1.829e-01
N 004 022 016 2.060e-01
N 005 027 064 7.090e-01
N 006 040 053 5.608e-01
N 007 094 088 9.205e-01
N 008 026 019 9.032e-01
N 009 020 078 2.705e-01
N 010 040 060 8.112e-02
N 011 046 097 1.992e-01
N 012 059 035 7.474e-01
N 013 032 080 6.459e-01
N 014 058 069 6.934e-01
N 015 061 015 5.298e-01
N 016 000 098 6.237e-01
N 017 042 012 8.299e-02
N 018 099 079 2.854e-02
N 019 071 075 1.884e-01
E 000 001 7.558e+01
E 000 002 4.338e+01
E 000 013 6.203e+01
E 000 006 3.401e+01
E 001 002 8.721e+01
E 001 006 4.159e+01
E 001 009 1.204e+01
E 001 011 2.596e+01
E 001 013 1.487e+01
E 001 015 8.500e+01
E 001 016 2.247e+01
E 001 017 8.078e+01
E 002 007 1.160e+02
E 002 012 5.441e+01
E 002 013 7.885e+01
E 002 015 4.754e+01
E 002 016 9.618e+01
E 003 004 9.323e+01
E 003 005 5.644e+01
E 003 010 4.817e+01
E 003 011 3.041e+01
E 003 012 5.948e+01
E 003 016 7.624e+01
E 004 009 6.203e+01
E 004 010 4.754e+01
E 004 012 4.159e+01
E 005 006 1.703e+01
E 005 010 1.360e+01
E 005 012 4.319e+01
E 005 015 5.964e+01
E 005 016 4.342e+01
E 005 019 4.535e+01
E 006 007 6.435e+01
E 006 011 4.441e+01
E 006 012 2.617e+01
E 006 018 6.447e+01
E 006 019 3.801e+01
E 007 017 9.209e+01
E 007 018 1.030e+01
E 008 016 8.317e+01
E 008 009 5.930e+01
E 008 012 3.667e+01
E 008 014 5.936e+01
E 008 015 3.523e+01
E 009 014 3.905e+01
E 010 012 3.140e+01
E 010 016 5.517e+01
E 010 017 4.804e+01
E 011 012 6.335e+01
E 011 013 2.202e+01
E 011 017 8.509e+01
E 011 018 5.597e+01
E 011 019 3.330e+01
E 013 016 3.672e+01
E 013 017 6.873e+01
E 014 019 1.432e+01
E 014 015 5.408e+01
E 016 017 9.571e+01
E 016 018 1.008e+02
E 017 019 6.935e+01
