N 000 003 092 3.229e-02
N 001 063 035 8.105e-01
N 002 065 003 9.891e-01
N 003 039 077 7.445e-02
N 004 026 000 7.285e-01
N 005 047 093 3.299e-01
N 006 051 013 1.677e-01
N 007 029 043 4.194e-01
N 008 004 060 1.781e-01
N 009 024 049 3.989e-01
N 010 062 036 2.589e-01
N 011 079 006 9.597e-01
N 012 091 058 9.672e-01
N 013 064 032 8.118e-01
N 014 067 014 1.064e-01
N 015 049 026 6.263e-01
N 016 028 005 5.976e-01
N 017 018 076 6.450e-01
N 018 092 092 2.650e-01
N 019 063 077 4.282e-02
E 000 016 9.052e+01
E 000 010 8.134e+01
E 000 012 9.434e+01
E 000 018 8.900e+01
E 000 007 5.547e+01
E 001 002 3.206e+01
E 001 005 6.017e+01
E 001 007 3.493e+01
E 001 011 3.312e+01
E 001 017 6.088e+01
E 001 019 4.200e+01
E 002 006 1.720e+01
E 002 007 5.381e+01
E 002 010 3.314e+01
E 002 012 6.084e+01
E 002 013 2.902e+01
E 002 014 1.118e+01
E 002 015 2.802e+01
E 002 016 3.705e+01
E 002 019 7.403e+01
E 003 005 1.789e+01
E 003 007 3.544e+01
E 003 011 8.149e+01
E 003 012 5.536e+01
E 003 014 6.894e+01
E 003 019 2.400e+01
E 004 005 9.534e+01
E 004 007 4.310e+01
E 004 010 5.091e+01
E 004 014 4.332e+01
E 004 015 3.471e+01
E 004 018 1.132e+02
E 005 008 5.420e+01
E 005 009 4.965e+01
E 005 010 5.894e+01
E 005 011 9.270e+01
E 005 017 3.362e+01
E 005 019 2.263e+01
E 006 011 2.886e+01
E 006 012 6.021e+01
E 006 016 2.435e+01
E 006 017 7.112e+01
E 006 018 8.901e+01
E 007 008 3.023e+01
E 007 010 3.373e+01
E 007 012 6.379e+01
E 007 018 7.981e+01
E 008 016 6.001e+01
E 008 009 2.283e+01
E 008 018 9.364e+01
E 009 014 5.544e+01
E 010 011 3.448e+01
E 010 017 5.946e+01
E 010 019 4.101e+01
E 011 012 5.337e+01
E 011 014 1.442e+01
E 011 019 7.278e+01
E 012 015 5.280e+01
E 014 015 2.163e+01
E 016 018 1.080e+02
