N 000 043 072 1.199e-01
N 001 077 022 8.046e-01
N 002 009 027 3.959e-01
N 003 019 087 4.711e-01
N 004 025 080 4.117e-01
N 005 023 077 9.302e-01
N 006 068 002 4.423e-01
N 007 039 098 1.604e-01
N 008 019 019 9.880e-01
N 009 036 071 6.543e-01
N 010 003 003 5.177e-01
N 011 034 089 2.983e-01
N 012 070 076 8.798e-01
N 013 012 029 1.935e-01
N 014 089 035 4.400e-04
N 015 085 041 8.071e-01
N 016 091 076 6.391e-02
N 017 098 047 3.104e-01
N 018 038 044 7.939e-01
N 019 014 043 4.265e-01
E 000 001 6.046e+01
E 000 005 2.062e+01
E 000 006 7.433e+01
E 000 008 5.818e+01
E 000 010 7.976e+01
E 000 012 2.729e+01
E 000 017 6.042e+01
E 000 019 4.101e+01
E 001 018 4.478e+01
E 001 011 7.961e+01
E 001 014 1.769e+01
E 002 016 9.552e+01
E 002 017 9.122e+01
E 002 003 6.083e+01
E 002 013 3.606e+00
E 003 006 9.811e+01
E 003 007 2.283e+01
E 003 008 6.800e+01
E 003 014 8.720e+01
E 003 019 4.428e+01
E 004 007 2.280e+01
E 004 009 1.421e+01
E 004 010 8.008e+01
E 004 013 5.263e+01
E 004 015 7.156e+01
E 004 016 6.612e+01
E 004 017 8.011e+01
E 004 018 3.828e+01
E 005 009 1.432e+01
E 005 010 7.666e+01
E 005 018 3.625e+01
E 007 008 8.149e+01
E 007 009 2.717e+01
E 007 010 1.016e+02
E 007 016 5.646e+01
E 008 015 6.957e+01
E 008 017 8.382e+01
E 009 010 7.558e+01
E 009 012 3.437e+01
E 009 013 4.837e+01
E 009 014 6.407e+01
E 009 016 5.523e+01
E 009 017 6.648e+01
E 010 013 2.751e+01
E 010 015 9.038e+01
E 010 016 1.143e+02
E 011 016 5.846e+01
E 011 018 4.518e+01
E 011 013 6.391e+01
E 011 017 7.655e+01
E 012 013 7.465e+01
E 012 014 4.519e+01
E 012 017 4.031e+01
E 012 019 6.500e+01
E 013 015 7.398e+01
E 013 017 8.786e+01
E 014 016 4.105e+01
E 015 016 3.551e+01
E 015 018 4.710e+01
E 016 017 2.983e+01
