N 000 070 093 1.699e-01
N 001 038 040 7.930e-01
N 002 098 098 7.606e-01
N 003 057 063 8.906e-01
N 004 050 047 7.987e-01
N 005 053 014 2.656e-01
N 006 085 080 7.263e-01
N 007 095 065 2.289e-01
N 008 069 001 1.746e-01
N 009 064 092 4.167e-01
N 010 025 068 5.331e-01
N 011 027 054 4.182e-01
N 012 062 019 3.320e-01
N 013 077 001 9.705e-01
N 014 033 012 7.228e-01
N 015 052 083 6.571e-01
N 016 020 050 3.159e-01
N 017 062 085 6.037e-01
N 018 024 069 9.725e-02
N 019 000 061 9.057e-01
E 000 008 9.201e+01
E 000 018 5.188e+01
E 000 005 8.081e+01
E 001 019 4.342e+01
E 001 010 3.087e+01
E 001 003 2.983e+01
E 001 005 3.002e+01
E 002 009 3.453e+01
E 002 018 7.948e+01
E 002 019 1.048e+02
E 002 004 7.004e+01
E 003 004 1.746e+01
E 003 005 4.916e+01
E 003 008 6.315e+01
E 003 010 3.239e+01
E 003 015 2.062e+01
E 003 018 3.354e+01
E 003 019 5.704e+01
E 004 007 4.847e+01
E 004 008 4.977e+01
E 004 011 2.404e+01
E 004 015 3.606e+01
E 004 017 3.985e+01
E 004 019 5.192e+01
E 005 006 7.335e+01
E 005 007 6.607e+01
E 005 009 7.877e+01
E 005 014 2.010e+01
E 005 018 6.218e+01
E 006 012 6.519e+01
E 006 007 1.803e+01
E 007 013 6.648e+01
E 007 014 8.157e+01
E 007 015 4.662e+01
E 007 017 3.859e+01
E 008 009 9.114e+01
E 008 010 8.016e+01
E 008 011 6.762e+01
E 008 013 8.000e+00
E 008 019 9.144e+01
E 009 011 5.304e+01
E 009 013 9.192e+01
E 010 011 1.414e+01
E 010 012 6.140e+01
E 010 015 3.089e+01
E 010 019 2.596e+01
E 011 013 7.286e+01
E 011 015 3.829e+01
E 011 017 4.675e+01
E 012 019 7.489e+01
E 013 014 4.535e+01
E 013 015 8.573e+01
E 013 016 7.517e+01
E 013 018 8.621e+01
E 014 017 7.855e+01
E 014 015 7.350e+01
E 015 019 5.646e+01
E 016 017 5.467e+01
E 017 019 6.648e+01
E 018 019 2.530e+01
