N 000 057 025 2.632e-01
N 001 026 035 6.251e-01
N 002 069 055 2.442e-01
N 003 067 027 2.867e-01
N 004 009 043 5.635e-01
N 005 032 026 1.559e-01
N 006 067 074 8.639e-01
N 007 065 035 1.619e-01
N 008 079 040 2.563e-01
N 009 022 056 5.236e-01
N 010 052 050 6.195e-01
N 011 006 042 8.743e-01
N 012 083 077 2.933e-02
N 013 042 029 8.053e-01
N 014 047 082 2.509e-01
N 015 032 092 9.373e-01
N 016 057 087 8.186e-01
N 017 059 068 1.384e-01
N 018 034 064 2.648e-01
N 019 029 081 7.591e-03
E 000 001 3.257e+01
E 000 004 5.126e+01
E 000 011 5.376e+01
E 000 012 5.814e+01
E 000 017 4.305e+01
E 000 018 4.528e+01
E 001 011 2.119e+01
E 001 015 5.731e+01
E 002 003 2.807e+01
E 002 004 6.119e+01
E 002 005 4.701e+01
E 002 010 1.772e+01
E 002 014 3.483e+01
E 002 015 5.233e+01
E 002 016 3.418e+01
E 002 017 1.640e+01
E 003 004 6.017e+01
E 003 010 2.746e+01
E 003 012 5.250e+01
E 003 013 2.508e+01
E 003 018 4.958e+01
E 004 007 5.657e+01
E 004 010 4.357e+01
E 004 012 8.144e+01
E 004 013 3.585e+01
E 005 008 4.904e+01
E 005 009 3.162e+01
E 005 010 3.124e+01
E 005 012 7.212e+01
E 005 014 5.797e+01
E 006 007 3.905e+01
E 006 008 3.606e+01
E 006 011 6.888e+01
E 006 012 1.628e+01
E 006 017 1.000e+01
E 006 019 3.864e+01
E 007 008 1.487e+01
E 007 009 4.785e+01
E 007 012 4.569e+01
E 007 019 5.841e+01
E 008 018 5.100e+01
E 009 012 6.451e+01
E 009 013 3.360e+01
E 009 014 3.607e+01
E 009 016 4.675e+01
E 009 017 3.890e+01
E 009 018 1.442e+01
E 010 013 2.326e+01
E 010 015 4.652e+01
E 011 013 3.828e+01
E 012 014 3.635e+01
E 012 015 5.316e+01
E 012 017 2.563e+01
E 013 015 6.379e+01
E 013 019 5.360e+01
E 014 015 1.803e+01
E 014 019 1.803e+01
E 015 016 2.550e+01
E 015 018 2.807e+01
E 016 017 1.910e+01
