N 000 025 097 4.208e-01
N 001 001 087 3.242e-01
N 002 075 099 1.321e-01
N 003 038 010 2.392e-01
N 004 025 096 2.647e-02
N 005 027 016 8.728e-02
N 006 025 085 9.318e-01
N 007 025 081 2.051e-01
N 008 013 097 5.194e-01
N 009 090 094 3.096e-01
N 010 019 091 4.225e-01
N 011 031 005 5.132e-01
N 012 059 068 9.209e-01
N 013 027 085 2.046e-01
N 014 021 015 7.785e-02
N 015 069 056 9.651e-01
N 016 080 041 4.685e-01
N 017 058 037 5.504e-01
N 018 078 070 8.139e-01
N 019 025 090 6.223e-01
E 000 001 2.600e+01
E 000 005 8.102e+01
E 000 007 1.600e+01
E 000 009 6.507e+01
E 000 012 4.469e+01
E 000 014 8.210e+01
E 000 015 6.014e+01
E 000 017 6.848e+01
E 001 002 7.497e+01
E 001 006 2.408e+01
E 001 011 8.732e+01
E 001 013 2.608e+01
E 001 016 9.142e+01
E 001 017 7.582e+01
E 002 005 9.588e+01
E 002 006 5.192e+01
E 002 010 5.657e+01
E 002 011 1.038e+02
E 002 014 9.986e+01
E 002 016 5.822e+01
E 002 017 6.429e+01
E 002 018 2.915e+01
E 003 008 9.052e+01
E 003 009 9.879e+01
E 003 010 8.320e+01
E 003 011 8.602e+00
E 003 016 5.220e+01
E 003 019 8.105e+01
E 004 009 6.503e+01
E 004 017 6.760e+01
E 004 007 1.500e+01
E 005 009 1.003e+02
E 005 016 5.860e+01
E 006 010 8.485e+00
E 006 011 8.022e+01
E 006 012 3.801e+01
E 006 016 7.043e+01
E 007 010 1.166e+01
E 007 011 7.624e+01
E 007 012 3.640e+01
E 007 014 6.612e+01
E 007 015 5.061e+01
E 007 019 9.000e+00
E 008 010 8.485e+00
E 008 012 5.438e+01
E 008 017 7.500e+01
E 008 018 7.038e+01
E 008 019 1.389e+01
E 009 010 7.106e+01
E 009 015 4.342e+01
E 009 016 5.394e+01
E 010 011 8.683e+01
E 010 012 4.614e+01
E 011 018 8.021e+01
E 012 013 3.624e+01
E 012 017 3.102e+01
E 012 019 4.050e+01
E 013 019 5.385e+00
E 013 014 7.026e+01
E 015 019 5.561e+01
