N 000 040 034 3.026e-01
N 001 006 018 1.176e-01
N 002 034 012 1.149e-01
N 003 092 010 1.354e-01
N 004 060 029 1.206e-01
N 005 076 029 6.518e-02
N 006 057 075 2.339e-01
N 007 007 070 6.441e-01
N 008 028 050 7.186e-01
N 009 052 005 1.917e-01
N 010 070 031 1.147e-01
N 011 055 077 1.075e-01
N 012 027 079 7.398e-01
N 013 014 092 5.163e-01
N 014 024 056 1.486e-01
N 015 058 074 5.327e-01
N 016 094 058 1.861e-01
N 017 086 022 5.027e-01
N 018 062 025 7.524e-02
N 019 076 022 2.286e-01
E 000 001 3.758e+01
E 000 006 4.438e+01
E 000 008 2.000e+01
E 000 009 3.138e+01
E 000 012 4.684e+01
E 000 014 2.720e+01
E 000 016 5.909e+01
E 001 011 7.669e+01
E 001 003 8.637e+01
E 001 006 7.649e+01
E 001 007 5.201e+01
E 002 016 7.560e+01
E 002 009 1.931e+01
E 002 018 3.087e+01
E 002 014 4.512e+01
E 002 015 6.648e+01
E 003 006 7.382e+01
E 003 013 1.132e+02
E 003 015 7.247e+01
E 003 017 1.342e+01
E 003 019 2.000e+01
E 004 010 1.020e+01
E 004 011 4.826e+01
E 004 014 4.500e+01
E 004 007 6.701e+01
E 005 019 7.000e+00
E 005 009 3.394e+01
E 005 011 5.239e+01
E 005 007 8.026e+01
E 006 009 7.018e+01
E 006 010 4.588e+01
E 006 011 2.828e+00
E 006 014 3.808e+01
E 006 018 5.025e+01
E 006 019 5.630e+01
E 007 011 4.851e+01
E 007 013 2.309e+01
E 007 015 5.116e+01
E 007 019 8.405e+01
E 008 011 3.818e+01
E 008 013 4.427e+01
E 008 014 7.211e+00
E 008 016 6.648e+01
E 008 017 6.440e+01
E 009 010 3.162e+01
E 009 015 6.926e+01
E 009 017 3.801e+01
E 010 015 4.464e+01
E 010 017 1.836e+01
E 010 018 1.000e+01
E 010 019 1.082e+01
E 011 012 2.807e+01
E 012 016 7.021e+01
E 012 015 3.140e+01
E 013 014 3.736e+01
E 013 016 8.693e+01
E 013 017 1.004e+02
E 013 019 9.351e+01
E 014 016 7.003e+01
E 015 019 5.503e+01
