N 000 072 054 8.928e-01
N 001 045 016 6.972e-01
N 002 040 021 8.127e-03
N 003 045 084 7.691e-01
N 004 034 083 7.876e-01
N 005 031 066 2.526e-01
N 006 021 013 9.185e-01
N 007 091 097 7.165e-01
N 008 038 059 7.809e-01
N 009 029 047 9.600e-01
N 010 033 089 7.350e-01
N 011 095 098 4.514e-01
N 012 029 046 2.739e-01
N 013 010 064 4.997e-01
N 014 078 070 4.592e-01
N 015 083 086 7.214e-02
N 016 021 040 5.563e-01
N 017 092 099 6.384e-01
N 018 087 085 4.487e-01
N 019 001 013 1.321e-01
E 000 016 5.289e+01
E 000 017 4.924e+01
E 000 006 6.544e+01
E 001 004 6.790e+01
E 001 006 2.419e+01
E 001 007 9.315e+01
E 001 008 4.357e+01
E 001 011 9.604e+01
E 001 014 6.329e+01
E 001 016 3.394e+01
E 001 017 9.538e+01
E 001 019 4.410e+01
E 002 003 6.320e+01
E 002 005 4.589e+01
E 002 006 2.062e+01
E 002 009 2.823e+01
E 002 010 6.836e+01
E 002 014 6.201e+01
E 002 017 9.374e+01
E 003 007 4.780e+01
E 003 009 4.031e+01
E 003 013 4.031e+01
E 003 016 5.012e+01
E 003 017 4.934e+01
E 003 019 8.353e+01
E 004 005 1.726e+01
E 004 007 5.869e+01
E 004 008 2.433e+01
E 004 013 3.061e+01
E 004 018 5.304e+01
E 005 015 5.571e+01
E 005 016 2.786e+01
E 005 017 6.935e+01
E 005 019 6.090e+01
E 006 007 1.093e+02
E 006 015 9.578e+01
E 006 016 2.700e+01
E 006 017 1.115e+02
E 007 010 5.855e+01
E 007 012 8.028e+01
E 007 017 2.236e+00
E 008 009 1.500e+01
E 008 013 2.844e+01
E 008 014 4.148e+01
E 008 018 5.547e+01
E 009 010 4.219e+01
E 009 011 8.341e+01
E 009 015 6.661e+01
E 009 016 1.063e+01
E 011 018 1.526e+01
E 011 019 1.267e+02
E 012 017 8.233e+01
E 012 019 4.328e+01
E 013 014 6.826e+01
E 013 016 2.640e+01
E 013 019 5.179e+01
E 014 017 3.220e+01
E 014 019 9.580e+01
E 015 018 4.123e+00
E 015 019 1.098e+02
