N 000 068 026 5.868e-01
N 001 006 043 5.186e-01
N 002 047 047 8.325e-01
N 003 027 001 8.737e-01
N 004 017 098 3.017e-01
N 005 042 096 8.670e-01
N 006 021 085 3.674e-01
N 007 047 017 1.914e-01
N 008 015 007 9.549e-01
N 009 057 078 2.300e-01
N 010 004 020 3.845e-02
N 011 041 066 5.762e-01
N 012 070 054 8.103e-01
N 013 085 093 1.583e-01
N 014 010 013 1.468e-01
N 015 054 098 2.688e-02
N 016 048 007 6.986e-01
N 017 047 007 5.642e-01
N 018 087 058 6.654e-01
N 019 025 030 8.712e-01
E 000 004 8.823e+01
E 000 005 7.467e+01
E 000 010 6.428e+01
E 000 011 4.826e+01
E 000 015 7.335e+01
E 000 017 2.832e+01
E 000 019 4.319e+01
E 001 004 5.609e+01
E 001 006 4.460e+01
E 001 008 3.711e+01
E 001 012 6.494e+01
E 001 014 3.027e+01
E 001 018 8.238e+01
E 001 019 2.302e+01
E 002 003 5.016e+01
E 002 004 5.917e+01
E 002 005 4.925e+01
E 002 006 4.604e+01
E 002 008 5.122e+01
E 002 009 3.257e+01
E 002 011 1.992e+01
E 002 013 5.967e+01
E 002 014 5.025e+01
E 002 018 4.148e+01
E 003 008 1.342e+01
E 003 004 9.751e+01
E 003 014 2.081e+01
E 003 015 1.007e+02
E 004 009 4.472e+01
E 004 011 4.000e+01
E 004 014 8.529e+01
E 004 016 9.614e+01
E 005 008 9.301e+01
E 005 011 3.002e+01
E 005 013 4.310e+01
E 005 014 8.896e+01
E 005 016 8.920e+01
E 005 017 8.914e+01
E 006 013 6.450e+01
E 007 010 4.310e+01
E 007 011 4.937e+01
E 007 012 4.357e+01
E 008 010 1.703e+01
E 008 012 7.235e+01
E 008 016 3.300e+01
E 008 018 8.823e+01
E 010 014 9.220e+00
E 010 015 9.265e+01
E 010 017 4.492e+01
E 010 019 2.326e+01
E 011 013 5.162e+01
E 011 016 5.941e+01
E 011 018 4.669e+01
E 012 013 4.179e+01
E 013 014 1.097e+02
E 013 017 9.402e+01
E 014 016 3.847e+01
E 014 017 3.748e+01
E 015 017 9.127e+01
E 017 019 3.183e+01
