N 000 051 080 7.376e-01
N 001 070 001 9.722e-01
N 002 045 085 8.778e-01
N 003 095 062 5.078e-02
N 004 022 043 3.177e-02
N 005 099 085 4.903e-01
N 006 055 065 5.204e-01
N 007 071 063 8.684e-01
N 008 059 071 8.716e-01
N 009 007 058 9.880e-02
N 010 061 056 6.399e-02
N 011 092 031 3.946e-01
N 012 040 089 4.492e-01
N 013 011 033 1.605e-01
N 014 005 080 8.013e-01
N 015 076 062 3.636e-01
N 016 034 025 6.039e-01
N 017 088 000 5.522e-01
N 018 081 093 6.018e-01
N 019 024 086 4.284e-01
E 000 008 1.204e+01
E 000 001 8.125e+01
E 000 014 4.600e+01
E 000 006 1.552e+01
E 001 004 6.378e+01
E 001 005 8.887e+01
E 001 012 9.297e+01
E 001 014 1.023e+02
E 001 015 6.129e+01
E 002 016 6.100e+01
E 002 011 7.159e+01
E 002 004 4.789e+01
E 002 013 6.213e+01
E 002 014 4.031e+01
E 003 004 7.543e+01
E 003 008 3.711e+01
E 003 011 3.114e+01
E 003 012 6.127e+01
E 003 013 8.887e+01
E 003 014 9.178e+01
E 003 015 1.900e+01
E 003 016 7.134e+01
E 003 018 3.401e+01
E 004 013 1.487e+01
E 005 007 3.561e+01
E 005 008 4.238e+01
E 005 009 9.588e+01
E 005 011 5.445e+01
E 005 013 1.022e+02
E 005 018 1.970e+01
E 006 008 7.211e+00
E 006 011 5.025e+01
E 006 013 5.441e+01
E 006 017 7.290e+01
E 006 018 3.821e+01
E 006 019 3.744e+01
E 007 019 5.233e+01
E 007 014 6.815e+01
E 008 012 2.617e+01
E 008 013 6.122e+01
E 008 015 1.924e+01
E 008 019 3.808e+01
E 009 018 8.186e+01
E 009 011 8.919e+01
E 009 014 2.209e+01
E 010 019 4.763e+01
E 010 017 6.217e+01
E 010 011 3.982e+01
E 011 013 8.102e+01
E 011 014 9.985e+01
E 011 016 5.831e+01
E 011 019 8.746e+01
E 012 016 6.428e+01
E 012 017 1.011e+02
E 012 019 1.628e+01
E 013 014 4.738e+01
E 013 019 5.457e+01
E 014 015 7.325e+01
E 015 018 3.140e+01
E 016 017 5.951e+01
