N 000 001 019 3.005e-02
N 001 044 043 8.765e-02
N 002 086 051 2.552e-01
N 003 050 052 2.993e-01
N 004 054 032 6.097e-01
N 005 006 013 7.134e-01
N 006 025 038 4.735e-01
N 007 063 069 5.934e-01
N 008 080 071 5.762e-01
N 009 041 046 3.333e-01
N 010 056 095 3.785e-01
N 011 051 081 8.584e-01
N 012 073 038 7.666e-01
N 013 045 093 7.146e-01
N 014 018 056 7.963e-02
N 015 011 056 5.192e-01
N 016 061 088 7.357e-01
N 017 010 032 3.046e-01
N 018 049 056 5.658e-02
N 019 045 032 5.424e-01
E 000 003 5.908e+01
E 000 006 3.061e+01
E 000 007 7.965e+01
E 000 015 3.833e+01
E 000 016 9.144e+01
E 000 019 4.588e+01
E 001 016 4.810e+01
E 001 017 3.574e+01
E 001 011 3.864e+01
E 001 012 2.943e+01
E 002 004 3.722e+01
E 002 007 2.921e+01
E 002 009 4.528e+01
E 002 010 5.325e+01
E 002 011 4.610e+01
E 002 012 1.838e+01
E 002 014 6.818e+01
E 002 015 7.517e+01
E 002 017 7.834e+01
E 002 018 3.734e+01
E 003 006 2.865e+01
E 003 007 2.140e+01
E 003 008 3.551e+01
E 003 011 2.902e+01
E 003 013 4.130e+01
E 003 015 3.920e+01
E 003 019 2.062e+01
E 004 009 1.910e+01
E 004 011 4.909e+01
E 004 014 4.327e+01
E 004 007 3.808e+01
E 005 008 9.402e+01
E 005 017 1.942e+01
E 005 019 4.338e+01
E 005 013 8.900e+01
E 006 018 3.000e+01
E 006 013 5.852e+01
E 006 007 4.904e+01
E 007 014 4.684e+01
E 007 015 5.360e+01
E 007 017 6.464e+01
E 007 019 4.115e+01
E 008 016 2.550e+01
E 008 013 4.134e+01
E 009 017 3.401e+01
E 010 019 6.395e+01
E 010 011 1.487e+01
E 010 018 3.962e+01
E 010 015 5.955e+01
E 011 012 4.830e+01
E 011 014 4.140e+01
E 011 017 6.389e+01
E 012 016 5.142e+01
E 012 019 2.864e+01
E 014 015 7.000e+00
E 015 016 5.936e+01
E 016 017 7.574e+01
E 016 018 3.418e+01
E 017 018 4.579e+01
E 017 019 3.500e+01
