N 000 087 056 5.823e-01
N 001 081 014 1.737e-01
N 002 068 032 3.761e-02
N 003 059 008 8.755e-01
N 004 037 074 6.019e-01
N 005 051 052 9.271e-01
N 006 057 092 6.260e-01
N 007 062 040 8.880e-01
N 008 083 032 7.639e-01
N 009 086 016 8.129e-01
N 010 000 050 1.549e-01
N 011 032 029 6.906e-01
N 012 041 011 5.256e-01
N 013 095 073 2.571e-01
N 014 008 046 3.669e-01
N 015 072 017 3.827e-01
N 016 048 001 1.356e-01
N 017 022 048 7.402e-01
N 018 042 090 7.905e-01
N 019 048 076 4.087e-01
E 000 002 3.061e+01
E 000 015 4.179e+01
E 000 004 5.314e+01
E 000 014 7.963e+01
E 000 007 2.968e+01
E 001 003 2.280e+01
E 001 005 4.841e+01
E 001 009 5.385e+00
E 001 013 6.064e+01
E 001 017 6.810e+01
E 001 018 8.542e+01
E 002 008 1.500e+01
E 002 004 5.220e+01
E 002 013 4.909e+01
E 002 006 6.100e+01
E 003 016 1.304e+01
E 003 010 7.242e+01
E 003 018 8.374e+01
E 003 007 3.214e+01
E 004 012 6.313e+01
E 004 016 7.382e+01
E 004 017 3.002e+01
E 004 019 1.118e+01
E 005 007 1.628e+01
E 005 010 5.104e+01
E 005 011 2.983e+01
E 005 012 4.220e+01
E 005 013 4.875e+01
E 005 015 4.082e+01
E 005 016 5.109e+01
E 006 016 9.144e+01
E 006 018 1.513e+01
E 006 012 8.257e+01
E 006 013 4.249e+01
E 007 011 3.195e+01
E 007 015 2.508e+01
E 007 016 4.144e+01
E 007 017 4.079e+01
E 007 019 3.863e+01
E 008 017 6.306e+01
E 008 011 5.109e+01
E 009 016 4.085e+01
E 009 010 9.248e+01
E 009 012 4.528e+01
E 009 013 5.771e+01
E 010 011 3.828e+01
E 010 012 5.659e+01
E 010 015 7.920e+01
E 010 016 6.859e+01
E 011 015 4.176e+01
E 012 013 8.222e+01
E 012 018 7.901e+01
E 012 019 6.538e+01
E 013 014 9.109e+01
E 013 018 5.566e+01
E 014 016 6.021e+01
E 015 016 2.884e+01
E 015 019 6.369e+01
E 016 017 5.371e+01
E 018 019 1.523e+01
