N 000 053 033 1.339e-01
N 001 071 063 9.887e-01
N 002 003 022 7.963e-02
N 003 025 072 5.395e-01
N 004 067 024 5.511e-01
N 005 099 013 2.452e-01
N 006 064 090 3.076e-01
N 007 097 070 3.120e-02
N 008 019 048 8.942e-01
N 009 048 007 8.665e-01
N 010 061 064 1.759e-01
N 011 038 009 1.409e-01
N 012 056 038 8.253e-01
N 013 054 076 2.442e-01
N 014 049 088 8.840e-01
N 015 043 004 9.942e-01
N 016 007 097 5.815e-01
N 017 020 011 3.664e-01
N 018 035 075 1.941e-01
N 019 043 055 1.778e-02
E 000 002 5.120e+01
E 000 003 4.801e+01
E 000 007 5.749e+01
E 000 009 2.648e+01
E 000 014 5.515e+01
E 000 016 7.882e+01
E 001 017 7.284e+01
E 001 002 7.940e+01
E 001 012 2.915e+01
E 001 014 3.330e+01
E 002 003 5.463e+01
E 002 005 9.642e+01
E 002 006 9.135e+01
E 002 007 1.055e+02
E 002 009 4.743e+01
E 002 011 3.734e+01
E 002 013 7.428e+01
E 002 014 8.045e+01
E 002 018 6.191e+01
E 003 018 1.044e+01
E 003 013 2.927e+01
E 003 007 7.203e+01
E 004 019 3.920e+01
E 004 011 3.265e+01
E 004 014 6.648e+01
E 004 007 5.492e+01
E 005 011 6.113e+01
E 005 012 4.974e+01
E 005 014 9.014e+01
E 005 015 5.672e+01
E 005 016 1.246e+02
E 006 008 6.155e+01
E 006 012 5.261e+01
E 006 015 8.853e+01
E 007 014 5.126e+01
E 007 015 8.528e+01
E 007 017 9.701e+01
E 008 009 5.022e+01
E 008 010 4.494e+01
E 008 011 4.338e+01
E 008 015 5.012e+01
E 009 012 3.202e+01
E 009 013 6.926e+01
E 009 014 8.101e+01
E 010 011 5.962e+01
E 010 012 2.648e+01
E 011 013 6.888e+01
E 011 015 7.071e+00
E 011 017 1.811e+01
E 011 019 4.627e+01
E 012 013 3.805e+01
E 012 018 4.254e+01
E 012 019 2.140e+01
E 014 015 8.421e+01
E 014 018 1.910e+01
E 014 019 3.354e+01
E 015 016 9.972e+01
E 015 018 7.145e+01
E 016 018 3.561e+01
E 016 019 5.532e+01
