N 000 027 009 5.929e-01
N 001 096 060 2.435e-01
N 002 082 080 7.445e-01
N 003 094 025 5.243e-01
N 004 081 027 6.602e-01
N 005 013 002 7.475e-01
N 006 041 005 5.474e-01
N 007 078 068 7.256e-01
N 008 037 024 4.278e-01
N 009 067 013 5.377e-02
N 010 034 061 6.565e-01
N 011 082 068 1.559e-01
N 012 071 049 9.275e-01
N 013 023 051 3.604e-02
N 014 025 041 8.656e-01
N 015 083 012 4.319e-01
N 016 063 081 3.411e-01
N 017 043 035 4.491e-01
N 018 028 030 1.681e-01
N 019 057 055 9.715e-01
E 000 016 8.050e+01
E 000 009 4.020e+01
E 000 012 5.946e+01
E 000 013 4.219e+01
E 001 002 2.441e+01
E 001 003 3.506e+01
E 001 004 3.625e+01
E 001 008 6.912e+01
E 001 010 6.201e+01
E 001 011 1.612e+01
E 001 014 7.350e+01
E 002 004 5.301e+01
E 002 008 7.184e+01
E 002 009 6.866e+01
E 002 010 5.162e+01
E 002 013 6.574e+01
E 002 017 5.955e+01
E 002 018 7.359e+01
E 002 019 3.536e+01
E 003 019 4.763e+01
E 003 011 4.464e+01
E 003 013 7.561e+01
E 004 005 7.245e+01
E 004 011 4.101e+01
E 004 016 5.692e+01
E 004 017 3.883e+01
E 005 009 5.511e+01
E 005 012 7.465e+01
E 005 013 5.001e+01
E 005 014 4.080e+01
E 005 015 7.071e+01
E 005 018 3.176e+01
E 006 016 7.912e+01
E 006 010 5.644e+01
E 006 011 7.517e+01
E 006 012 5.325e+01
E 006 013 4.940e+01
E 007 017 4.810e+01
E 007 010 4.455e+01
E 007 013 5.757e+01
E 008 019 3.689e+01
E 008 014 2.081e+01
E 008 009 3.195e+01
E 009 011 5.701e+01
E 009 015 1.603e+01
E 010 012 3.890e+01
E 010 019 2.377e+01
E 011 012 2.195e+01
E 011 013 6.140e+01
E 011 014 6.307e+01
E 011 017 5.109e+01
E 011 019 2.818e+01
E 012 015 3.890e+01
E 013 016 5.000e+01
E 013 018 2.159e+01
E 014 015 6.485e+01
E 014 017 1.897e+01
E 014 019 3.493e+01
E 016 018 6.185e+01
E 017 019 2.441e+01
