N 000 006 085 2.026e-01
N 001 011 054 5.314e-02
N 002 023 069 1.882e-01
N 003 080 077 3.002e-01
N 004 045 075 5.085e-01
N 005 019 079 6.970e-01
N 006 058 099 8.547e-01
N 007 047 090 1.157e-01
N 008 093 044 3.858e-01
N 009 099 042 9.775e-01
N 010 022 099 2.391e-01
N 011 045 013 4.477e-01
N 012 055 037 5.008e-01
N 013 074 070 8.392e-01
N 014 032 010 9.001e-01
N 015 021 078 1.265e-02
N 016 018 054 3.991e-01
N 017 021 077 8.420e-01
N 018 058 035 5.099e-01
N 019 070 036 3.679e-01
E 000 016 3.324e+01
E 000 019 8.060e+01
E 000 004 4.026e+01
E 000 005 1.432e+01
E 000 006 5.385e+01
E 001 009 8.881e+01
E 001 019 6.168e+01
E 002 004 2.280e+01
E 002 006 4.610e+01
E 002 008 7.433e+01
E 002 011 6.017e+01
E 002 013 5.101e+01
E 002 014 5.968e+01
E 002 017 8.246e+00
E 002 019 5.743e+01
E 003 004 3.506e+01
E 003 005 6.103e+01
E 003 008 3.547e+01
E 003 011 7.295e+01
E 003 013 9.220e+00
E 003 014 8.242e+01
E 003 015 5.901e+01
E 003 019 4.220e+01
E 004 012 3.929e+01
E 004 013 2.943e+01
E 005 009 8.814e+01
E 005 010 2.022e+01
E 005 011 7.094e+01
E 005 015 2.236e+00
E 005 017 2.828e+00
E 005 018 5.880e+01
E 006 017 4.305e+01
E 006 018 6.400e+01
E 006 014 9.272e+01
E 007 016 4.623e+01
E 007 011 7.703e+01
E 007 014 8.139e+01
E 008 009 6.325e+00
E 008 010 8.981e+01
E 008 011 5.714e+01
E 008 012 3.864e+01
E 008 013 3.220e+01
E 008 014 6.984e+01
E 009 013 3.754e+01
E 009 014 7.425e+01
E 009 016 8.188e+01
E 009 017 8.549e+01
E 010 013 5.954e+01
E 010 017 2.202e+01
E 010 018 7.343e+01
E 010 019 7.920e+01
E 011 012 2.600e+01
E 011 019 3.397e+01
E 012 016 4.072e+01
E 013 016 5.824e+01
E 013 019 3.423e+01
E 014 017 6.790e+01
E 014 018 3.607e+01
E 016 017 2.319e+01
E 018 019 1.204e+01
