N 000 022 078 2.210e-01
N 001 054 019 3.188e-01
N 002 041 056 5.612e-01
N 003 007 029 5.723e-01
N 004 063 069 6.557e-01
N 005 094 057 8.363e-01
N 006 025 007 1.755e-01
N 007 055 000 8.193e-01
N 008 043 077 9.854e-01
N 009 083 064 5.947e-01
N 010 015 056 4.249e-01
N 011 043 041 7.998e-02
N 012 063 011 1.274e-01
N 013 090 053 7.401e-01
N 014 053 054 6.607e-01
N 015 037 009 8.398e-01
N 016 095 001 6.189e-01
N 017 089 082 9.340e-02
N 018 060 013 1.376e-01
N 019 058 099 3.249e-01
E 000 008 2.102e+01
E 000 009 6.259e+01
E 000 003 5.124e+01
E 000 004 4.198e+01
E 000 012 7.855e+01
E 001 009 5.354e+01
E 001 004 5.080e+01
E 001 007 1.903e+01
E 002 015 4.717e+01
E 002 005 5.301e+01
E 002 006 5.155e+01
E 002 013 4.909e+01
E 003 004 6.882e+01
E 003 005 9.139e+01
E 003 015 3.606e+01
E 004 007 6.946e+01
E 004 008 2.154e+01
E 004 010 4.973e+01
E 004 012 5.800e+01
E 004 014 1.803e+01
E 004 015 6.539e+01
E 004 016 7.515e+01
E 004 017 2.907e+01
E 004 018 5.608e+01
E 005 006 8.521e+01
E 005 008 5.478e+01
E 005 011 5.345e+01
E 005 012 5.547e+01
E 005 019 5.532e+01
E 006 012 3.821e+01
E 006 013 7.963e+01
E 006 014 5.471e+01
E 006 018 3.551e+01
E 007 011 4.272e+01
E 007 013 6.351e+01
E 007 015 2.012e+01
E 007 018 1.393e+01
E 008 009 4.206e+01
E 008 018 6.622e+01
E 009 010 6.847e+01
E 009 011 4.614e+01
E 009 016 6.413e+01
E 009 017 1.897e+01
E 010 011 3.176e+01
E 010 013 7.506e+01
E 010 012 6.580e+01
E 011 018 3.276e+01
E 011 019 5.991e+01
E 012 013 4.993e+01
E 012 019 8.814e+01
E 013 015 6.888e+01
E 013 016 5.224e+01
E 013 017 2.902e+01
E 013 019 5.604e+01
E 014 018 4.159e+01
E 014 015 4.776e+01
E 015 017 8.963e+01
E 016 018 3.700e+01
E 016 019 1.048e+02
E 018 019 8.602e+01
