N 000 046 035 7.335e-01
N 001 009 055 9.197e-01
N 002 075 009 9.824e-02
N 003 060 075 5.800e-01
N 004 062 039 5.085e-01
N 005 066 074 5.273e-01
N 006 050 094 5.845e-01
N 007 068 035 4.121e-02
N 008 069 063 4.272e-01
N 009 039 032 1.588e-01
N 010 064 038 3.421e-01
N 011 036 072 2.254e-01
N 012 089 068 3.367e-01
N 013 064 035 7.321e-01
N 014 081 074 4.686e-01
N 015 075 085 2.394e-01
N 016 005 065 9.556e-01
N 017 039 056 4.584e-02
N 018 080 007 6.043e-01
N 019 004 048 4.179e-01
E 000 008 3.624e+01
E 000 009 7.616e+00
E 000 010 1.825e+01
E 000 004 1.649e+01
E 000 015 5.780e+01
E 001 002 8.045e+01
E 001 013 5.852e+01
E 001 007 6.230e+01
E 002 018 5.385e+00
E 002 003 6.768e+01
E 002 006 8.860e+01
E 002 017 5.920e+01
E 003 008 1.500e+01
E 003 017 2.832e+01
E 003 018 7.088e+01
E 004 019 5.869e+01
E 004 011 4.201e+01
E 004 005 3.523e+01
E 005 016 6.166e+01
E 005 012 2.377e+01
E 005 013 3.905e+01
E 005 007 3.905e+01
E 006 008 3.636e+01
E 006 012 4.687e+01
E 006 014 3.689e+01
E 006 016 5.354e+01
E 006 017 3.956e+01
E 007 010 5.000e+00
E 007 011 4.892e+01
E 007 014 4.111e+01
E 007 018 3.046e+01
E 007 019 6.531e+01
E 008 010 2.550e+01
E 008 011 3.421e+01
E 008 012 2.062e+01
E 008 016 6.403e+01
E 008 019 6.671e+01
E 009 012 6.161e+01
E 009 014 5.940e+01
E 009 015 6.407e+01
E 009 017 2.400e+01
E 009 018 4.802e+01
E 010 018 3.489e+01
E 010 013 3.000e+00
E 011 015 4.111e+01
E 011 016 3.178e+01
E 011 018 7.849e+01
E 011 019 4.000e+01
E 012 015 2.202e+01
E 012 016 8.405e+01
E 012 019 8.732e+01
E 013 016 6.619e+01
E 013 018 3.225e+01
E 013 019 6.139e+01
E 014 019 8.127e+01
E 015 018 7.816e+01
E 016 018 9.481e+01
E 016 019 1.703e+01
E 017 018 6.389e+01
E 017 019 3.590e+01
