N 000 045 097 7.062e-02
N 001 046 017 8.904e-01
N 002 077 084 1.142e-01
N 003 089 021 1.672e-01
N 004 032 050 6.029e-01
N 005 089 009 6.065e-01
N 006 015 042 7.586e-02
N 007 052 049 4.512e-01
N 008 022 089 9.696e-01
N 009 005 030 5.542e-01
N 010 071 025 3.657e-01
N 011 066 062 9.631e-01
N 012 020 083 2.028e-01
N 013 048 018 4.220e-01
N 014 063 070 1.557e-01
N 015 017 074 5.954e-01
N 016 030 045 4.033e-01
N 017 000 054 8.007e-02
N 018 025 036 2.337e-01
N 019 068 099 5.236e-01
E 000 008 2.435e+01
E 000 009 7.803e+01
E 000 002 3.454e+01
E 000 019 2.309e+01
E 000 013 7.906e+01
E 001 019 8.490e+01
E 001 018 2.832e+01
E 001 015 6.395e+01
E 001 005 4.374e+01
E 001 007 3.256e+01
E 002 003 6.413e+01
E 002 007 4.301e+01
E 002 011 2.460e+01
E 002 018 7.077e+01
E 002 019 1.749e+01
E 003 004 6.395e+01
E 003 005 1.200e+01
E 003 006 7.692e+01
E 003 007 4.640e+01
E 003 011 4.701e+01
E 003 015 8.940e+01
E 004 005 7.021e+01
E 004 008 4.026e+01
E 004 009 3.360e+01
E 004 014 3.689e+01
E 004 016 5.385e+00
E 004 017 3.225e+01
E 004 019 6.080e+01
E 005 010 2.408e+01
E 005 009 8.659e+01
E 006 008 4.752e+01
E 006 016 1.530e+01
E 006 010 5.852e+01
E 006 014 5.557e+01
E 007 010 3.061e+01
E 007 013 3.126e+01
E 008 011 5.162e+01
E 008 013 7.561e+01
E 008 014 4.519e+01
E 008 018 5.308e+01
E 008 019 4.707e+01
E 009 011 6.888e+01
E 009 012 5.508e+01
E 009 016 2.915e+01
E 010 014 4.571e+01
E 010 016 4.562e+01
E 010 017 7.669e+01
E 010 018 4.730e+01
E 011 015 5.045e+01
E 011 016 3.981e+01
E 012 016 3.929e+01
E 012 014 4.492e+01
E 012 015 9.487e+00
E 013 018 2.921e+01
E 013 015 6.401e+01
E 014 016 4.140e+01
E 014 019 2.943e+01
E 015 016 3.178e+01
E 016 018 1.030e+01
E 016 019 6.603e+01
