N 000 033 070 1.476e-01
N 001 096 025 1.493e-01
N 002 055 083 2.399e-01
N 003 006 027 4.097e-01
N 004 031 019 8.380e-01
N 005 066 091 4.578e-01
N 006 009 072 6.905e-01
N 007 096 082 3.605e-01
N 008 020 035 6.074e-02
N 009 001 033 8.370e-01
N 010 064 046 8.995e-01
N 011 008 052 1.752e-01
N 012 024 046 8.502e-01
N 013 008 075 3.823e-01
N 014 010 081 1.135e-01
N 015 007 099 8.707e-01
N 016 027 072 1.816e-01
N 017 021 032 8.066e-01
N 018 097 016 5.583e-01
N 019 088 023 1.304e-02
E 000 001 7.742e+01
E 000 002 2.555e+01
E 000 007 6.413e+01
E 000 008 3.734e+01
E 000 011 3.081e+01
E 000 014 2.550e+01
E 000 018 8.374e+01
E 001 004 6.528e+01
E 001 009 9.534e+01
E 001 011 9.205e+01
E 001 013 1.012e+02
E 001 014 1.026e+02
E 001 016 8.349e+01
E 001 017 7.533e+01
E 001 018 9.055e+00
E 001 019 8.246e+00
E 002 012 4.827e+01
E 002 004 6.835e+01
E 002 016 3.008e+01
E 003 008 1.612e+01
E 003 009 7.810e+00
E 003 011 2.508e+01
E 003 014 5.415e+01
E 003 015 7.201e+01
E 003 017 1.581e+01
E 004 006 5.738e+01
E 004 009 3.311e+01
E 004 013 6.054e+01
E 004 014 6.546e+01
E 004 015 8.352e+01
E 005 008 7.247e+01
E 005 018 8.115e+01
E 006 008 3.860e+01
E 006 012 3.002e+01
E 006 007 8.757e+01
E 007 010 4.817e+01
E 007 012 8.050e+01
E 007 014 8.601e+01
E 007 017 9.014e+01
E 008 009 1.910e+01
E 008 010 4.535e+01
E 008 012 1.170e+01
E 008 014 4.707e+01
E 008 016 3.766e+01
E 008 017 3.162e+00
E 009 010 6.433e+01
E 009 016 4.687e+01
E 010 011 5.632e+01
E 010 014 6.435e+01
E 010 017 4.522e+01
E 010 018 4.460e+01
E 012 014 3.770e+01
E 012 017 1.432e+01
E 012 019 6.801e+01
E 013 018 1.068e+02
E 013 019 9.541e+01
E 013 017 4.492e+01
E 014 015 1.825e+01
E 014 017 5.022e+01
E 016 017 4.045e+01
