N 000 093 016 5.882e-01
N 001 073 053 7.183e-01
N 002 089 050 9.230e-01
N 003 069 045 5.334e-01
N 004 076 042 1.580e-01
N 005 046 035 7.937e-02
N 006 008 049 2.544e-01
N 007 067 071 3.405e-01
N 008 063 077 4.968e-01
N 009 039 080 1.302e-01
N 010 043 073 2.438e-02
N 011 083 050 6.072e-02
N 012 035 049 9.038e-01
N 013 059 062 6.177e-01
N 014 074 061 7.419e-01
N 015 062 072 6.794e-01
N 016 064 019 3.057e-01
N 017 042 011 9.503e-01
N 018 016 057 9.301e-01
N 019 030 006 3.114e-01
E 000 001 4.206e+01
E 000 004 3.106e+01
E 000 006 9.118e+01
E 000 013 5.720e+01
E 000 016 2.915e+01
E 000 017 5.124e+01
E 000 019 6.379e+01
E 001 004 1.140e+01
E 001 006 6.512e+01
E 001 007 1.897e+01
E 001 009 4.342e+01
E 001 016 3.517e+01
E 002 003 2.062e+01
E 002 004 1.526e+01
E 002 008 3.748e+01
E 002 013 3.231e+01
E 002 016 3.982e+01
E 002 019 7.360e+01
E 003 004 7.616e+00
E 003 005 2.508e+01
E 003 011 1.487e+01
E 003 013 1.972e+01
E 003 016 2.648e+01
E 004 005 3.081e+01
E 004 015 3.311e+01
E 005 011 3.992e+01
E 005 016 2.408e+01
E 005 017 2.433e+01
E 006 008 6.172e+01
E 006 009 4.384e+01
E 006 012 2.700e+01
E 006 015 5.869e+01
E 006 019 4.830e+01
E 007 012 3.883e+01
E 007 017 6.500e+01
E 007 009 2.941e+01
E 008 017 6.926e+01
E 008 011 3.360e+01
E 008 013 1.552e+01
E 009 010 8.062e+00
E 009 014 3.982e+01
E 009 018 3.253e+01
E 009 019 7.455e+01
E 010 018 3.138e+01
E 010 019 6.825e+01
E 010 014 3.324e+01
E 010 017 6.201e+01
E 011 017 5.659e+01
E 011 015 3.041e+01
E 012 016 4.173e+01
E 012 018 2.062e+01
E 012 014 4.080e+01
E 013 015 1.044e+01
E 013 017 5.376e+01
E 013 019 6.306e+01
E 015 018 4.838e+01
E 016 017 2.341e+01
E 016 019 3.640e+01
E 017 019 1.300e+01
E 018 019 5.289e+01
