N 000 095 012 8.059e-01
N 001 001 004 8.252e-01
N 002 038 010 4.378e-01
N 003 056 084 8.469e-01
N 004 091 021 7.165e-01
N 005 017 087 8.782e-01
N 006 030 095 6.573e-02
N 007 093 052 2.870e-01
N 008 091 038 4.072e-01
N 009 098 063 1.838e-02
N 010 014 080 7.546e-01
N 011 090 020 8.064e-01
N 012 060 013 3.457e-01
N 013 081 059 3.023e-01
N 014 008 025 8.248e-01
N 015 091 054 1.714e-01
N 016 065 092 9.260e-01
N 017 012 046 2.878e-01
N 018 005 036 9.000e-02
N 019 062 061 7.055e-01
E 000 003 8.188e+01
E 000 007 4.005e+01
E 001 004 9.159e+01
E 002 006 8.538e+01
E 002 012 2.220e+01
E 002 013 6.519e+01
E 002 014 3.354e+01
E 002 016 8.633e+01
E 002 017 4.441e+01
E 003 005 3.912e+01
E 003 006 2.823e+01
E 003 007 4.892e+01
E 003 012 7.111e+01
E 003 016 1.204e+01
E 004 010 9.701e+01
E 004 019 4.941e+01
E 004 018 8.730e+01
E 005 011 9.909e+01
E 005 009 8.448e+01
E 005 019 5.197e+01
E 005 007 8.367e+01
E 006 013 6.243e+01
E 006 015 7.350e+01
E 006 017 5.220e+01
E 006 019 4.669e+01
E 007 012 5.109e+01
E 007 016 4.883e+01
E 007 018 8.944e+01
E 007 019 3.228e+01
E 008 016 5.993e+01
E 008 009 2.596e+01
E 008 018 8.602e+01
E 008 013 2.326e+01
E 009 010 8.570e+01
E 009 014 9.769e+01
E 009 015 1.140e+01
E 009 019 3.606e+01
E 010 011 9.683e+01
E 010 012 8.127e+01
E 010 013 7.021e+01
E 010 017 3.406e+01
E 010 019 5.162e+01
E 011 013 4.002e+01
E 011 014 8.215e+01
E 011 015 3.401e+01
E 011 016 7.622e+01
E 011 018 8.649e+01
E 011 019 4.965e+01
E 012 013 5.057e+01
E 012 016 7.916e+01
E 012 017 5.825e+01
E 012 019 4.804e+01
E 013 015 1.118e+01
E 014 019 6.490e+01
E 014 018 1.140e+01
E 015 017 7.940e+01
E 015 019 2.983e+01
E 016 019 3.114e+01
E 017 019 5.220e+01
E 018 019 6.224e+01
