N 000 042 020 1.500e-01
N 001 064 040 7.100e-01
N 002 052 037 1.233e-01
N 003 014 088 8.990e-01
N 004 037 081 9.753e-01
N 005 011 049 3.058e-01
N 006 034 025 6.663e-01
N 007 079 036 9.335e-01
N 008 079 095 1.876e-01
N 009 040 038 6.505e-01
N 010 007 067 2.730e-01
N 011 051 037 7.495e-01
N 012 013 072 4.088e-01
N 013 059 018 3.019e-01
N 014 006 028 1.629e-01
N 015 087 033 1.863e-01
N 016 069 039 2.567e-01
N 017 079 021 8.049e-01
N 018 046 002 5.940e-01
N 019 091 044 3.979e-01
E 000 009 1.811e+01
E 000 003 7.354e+01
E 000 012 5.954e+01
E 000 006 9.434e+00
E 000 015 4.684e+01
E 001 012 6.021e+01
E 001 002 1.237e+01
E 001 004 4.909e+01
E 001 017 2.421e+01
E 002 006 2.163e+01
E 002 011 1.000e+00
E 002 013 2.025e+01
E 002 014 4.687e+01
E 002 017 3.138e+01
E 003 017 9.335e+01
E 003 011 6.301e+01
E 003 014 6.053e+01
E 003 019 8.868e+01
E 004 008 4.427e+01
E 004 011 4.617e+01
E 004 013 6.673e+01
E 004 014 6.140e+01
E 004 015 6.931e+01
E 004 017 7.324e+01
E 004 019 6.546e+01
E 005 007 6.923e+01
E 005 009 3.102e+01
E 005 011 4.176e+01
E 005 014 2.159e+01
E 005 015 7.767e+01
E 005 017 7.354e+01
E 005 019 8.016e+01
E 006 007 4.632e+01
E 006 009 1.432e+01
E 006 010 4.993e+01
E 006 011 2.081e+01
E 007 018 4.738e+01
E 007 011 2.802e+01
E 007 013 2.691e+01
E 008 010 7.725e+01
E 008 014 9.909e+01
E 009 017 4.254e+01
E 009 012 4.342e+01
E 010 019 8.709e+01
E 010 015 8.693e+01
E 011 013 2.062e+01
E 011 017 3.225e+01
E 011 019 4.061e+01
E 012 016 6.500e+01
E 013 015 3.176e+01
E 013 018 2.062e+01
E 014 017 7.333e+01
E 014 018 4.771e+01
E 014 019 8.649e+01
E 015 017 1.442e+01
E 016 017 2.059e+01
E 016 018 4.357e+01
E 017 018 3.808e+01
E 017 019 2.594e+01
E 018 019 6.155e+01
