N 000 098 017 8.198e-01
N 001 049 039 1.562e-01
N 002 029 018 1.395e-01
N 003 073 049 5.432e-01
N 004 059 056 8.527e-01
N 005 044 054 6.467e-01
N 006 076 000 9.598e-01
N 007 052 070 6.045e-01
N 008 033 051 2.142e-01
N 009 079 069 3.007e-02
N 010 024 087 6.602e-01
N 011 030 022 8.089e-01
N 012 041 058 1.242e-01
N 013 087 071 7.922e-01
N 014 049 075 7.507e-01
N 015 088 078 9.163e-01
N 016 015 049 3.605e-01
N 017 004 013 8.396e-01
N 018 090 033 4.428e-01
N 019 084 059 9.171e-01
E 000 009 5.536e+01
E 000 011 6.818e+01
E 000 013 5.511e+01
E 000 007 7.018e+01
E 001 017 5.197e+01
E 001 002 2.900e+01
E 001 010 5.412e+01
E 001 005 1.581e+01
E 002 003 5.382e+01
E 002 004 4.841e+01
E 002 010 6.918e+01
E 002 015 8.415e+01
E 002 016 3.401e+01
E 002 017 2.550e+01
E 003 004 1.565e+01
E 003 009 2.088e+01
E 003 010 6.201e+01
E 003 013 2.608e+01
E 003 016 5.800e+01
E 003 018 2.335e+01
E 003 019 1.487e+01
E 004 007 1.565e+01
E 004 008 2.648e+01
E 004 011 4.469e+01
E 004 012 1.811e+01
E 004 014 2.147e+01
E 004 015 3.640e+01
E 004 017 6.981e+01
E 004 019 2.518e+01
E 005 018 5.057e+01
E 005 006 6.277e+01
E 005 015 5.012e+01
E 006 008 6.671e+01
E 006 018 3.585e+01
E 006 013 7.185e+01
E 007 009 2.702e+01
E 007 011 5.280e+01
E 007 013 3.501e+01
E 007 014 5.831e+00
E 007 017 7.452e+01
E 008 010 3.711e+01
E 008 011 2.915e+01
E 008 013 5.758e+01
E 009 011 6.790e+01
E 009 014 3.059e+01
E 009 015 1.273e+01
E 010 018 8.528e+01
E 011 016 3.089e+01
E 011 018 6.100e+01
E 011 019 6.546e+01
E 012 016 2.751e+01
E 012 017 5.826e+01
E 012 018 5.501e+01
E 012 019 4.301e+01
E 014 015 3.912e+01
E 014 018 5.869e+01
E 014 019 3.848e+01
E 015 016 7.855e+01
E 017 019 9.228e+01
E 018 019 2.668e+01
