N 000 000 025 3.244e-01
N 001 015 028 3.083e-01
N 002 067 037 8.002e-01
N 003 022 002 5.467e-01
N 004 003 044 4.691e-01
N 005 068 024 4.245e-01
N 006 050 086 8.392e-01
N 007 038 064 2.405e-01
N 008 025 019 3.562e-01
N 009 036 054 1.138e-01
N 010 076 031 8.006e-01
N 011 086 080 3.718e-01
N 012 012 046 6.483e-01
N 013 088 037 7.910e-01
N 014 089 084 2.608e-02
N 015 065 039 7.973e-01
N 016 002 079 2.162e-01
N 017 062 009 8.190e-01
N 018 020 049 8.104e-02
N 019 095 088 9.601e-01
E 000 002 6.807e+01
E 000 004 1.924e+01
E 000 011 1.021e+02
E 000 014 1.068e+02
E 000 015 6.649e+01
E 000 017 6.403e+01
E 000 019 1.140e+02
E 001 019 1.000e+02
E 001 017 5.070e+01
E 001 003 2.693e+01
E 001 014 9.280e+01
E 001 007 4.272e+01
E 002 004 6.438e+01
E 002 005 1.304e+01
E 002 007 3.962e+01
E 002 009 3.536e+01
E 002 013 2.100e+01
E 003 004 4.610e+01
E 003 006 8.854e+01
E 003 007 6.403e+01
E 003 008 1.726e+01
E 003 012 4.512e+01
E 003 017 4.061e+01
E 003 019 1.128e+02
E 004 009 3.448e+01
E 004 014 9.485e+01
E 004 019 1.020e+02
E 005 007 5.000e+01
E 005 008 4.329e+01
E 005 011 5.882e+01
E 005 014 6.357e+01
E 005 015 1.530e+01
E 005 017 1.616e+01
E 005 018 5.412e+01
E 006 007 2.506e+01
E 006 009 3.493e+01
E 006 010 6.084e+01
E 006 011 3.650e+01
E 006 012 5.517e+01
E 006 014 3.905e+01
E 006 018 4.763e+01
E 007 008 4.684e+01
E 007 016 3.900e+01
E 008 010 5.239e+01
E 008 011 8.627e+01
E 008 017 3.833e+01
E 008 018 3.041e+01
E 008 019 9.829e+01
E 009 014 6.090e+01
E 009 015 3.265e+01
E 009 018 1.676e+01
E 010 018 5.882e+01
E 010 014 5.457e+01
E 010 015 1.360e+01
E 011 012 8.144e+01
E 012 019 9.302e+01
E 013 016 9.571e+01
E 013 015 2.309e+01
E 015 018 4.610e+01
E 016 017 9.220e+01
