N 000 058 080 8.042e-01
N 001 053 011 2.044e-01
N 002 050 070 7.316e-01
N 003 037 074 7.373e-01
N 004 090 091 8.805e-01
N 005 017 085 1.356e-01
N 006 006 071 1.666e-02
N 007 011 094 6.953e-01
N 008 092 074 9.763e-01
N 009 097 089 8.598e-01
N 010 091 084 5.520e-01
N 011 014 095 4.657e-01
N 012 036 035 8.905e-01
N 013 044 049 7.998e-01
N 014 089 061 6.030e-01
N 015 043 092 8.037e-01
N 016 098 048 7.929e-01
N 017 017 060 6.397e-01
N 018 044 020 6.245e-01
N 019 088 031 4.506e-01
E 000 001 6.918e+01
E 000 002 1.281e+01
E 000 006 5.277e+01
E 000 007 4.904e+01
E 000 008 3.453e+01
E 000 010 3.324e+01
E 000 014 3.636e+01
E 000 015 1.921e+01
E 001 002 5.908e+01
E 001 007 9.302e+01
E 001 013 3.905e+01
E 001 014 6.161e+01
E 001 016 5.826e+01
E 001 019 4.031e+01
E 002 004 4.518e+01
E 002 012 3.770e+01
E 002 016 5.280e+01
E 003 014 5.360e+01
E 003 006 3.114e+01
E 004 018 8.460e+01
E 004 011 7.611e+01
E 004 012 7.779e+01
E 004 005 7.325e+01
E 005 007 1.082e+01
E 005 008 7.580e+01
E 005 009 8.010e+01
E 005 013 4.500e+01
E 005 015 2.693e+01
E 005 017 2.500e+01
E 006 007 2.354e+01
E 007 011 3.162e+00
E 007 014 8.469e+01
E 007 017 3.453e+01
E 007 018 8.102e+01
E 007 019 9.949e+01
E 008 010 1.005e+01
E 008 011 8.078e+01
E 008 014 1.334e+01
E 008 016 2.668e+01
E 009 019 5.869e+01
E 009 011 8.322e+01
E 009 014 2.912e+01
E 010 013 5.860e+01
E 010 017 7.779e+01
E 011 013 5.492e+01
E 011 016 9.625e+01
E 011 018 8.078e+01
E 012 017 3.140e+01
E 012 013 1.612e+01
E 012 015 5.743e+01
E 013 014 4.657e+01
E 013 016 5.401e+01
E 013 017 2.915e+01
E 013 019 4.754e+01
E 014 015 5.547e+01
E 014 019 3.002e+01
E 016 018 6.083e+01
E 016 019 1.972e+01
E 017 019 7.669e+01
E 018 019 4.535e+01
