N 000 041 028 3.768e-01
N 001 019 033 8.886e-01
N 002 058 094 6.165e-01
N 003 009 090 4.627e-01
N 004 066 035 9.275e-01
N 005 094 008 6.013e-01
N 006 073 073 1.667e-01
N 007 074 029 3.036e-01
N 008 023 068 4.684e-01
N 009 055 027 3.383e-01
N 010 020 031 1.160e-01
N 011 035 063 2.341e-01
N 012 068 089 4.589e-02
N 013 009 006 6.538e-01
N 014 000 028 1.435e-01
N 015 037 060 6.594e-01
N 016 065 096 2.675e-01
N 017 050 069 6.077e-01
N 018 088 054 9.858e-01
N 019 092 048 4.824e-01
E 000 001 2.256e+01
E 000 003 6.977e+01
E 000 009 1.404e+01
E 000 012 6.671e+01
E 000 013 3.883e+01
E 000 015 3.225e+01
E 000 018 5.371e+01
E 000 019 5.478e+01
E 001 002 7.240e+01
E 001 005 7.906e+01
E 001 006 6.720e+01
E 001 012 7.441e+01
E 001 013 2.879e+01
E 001 014 1.965e+01
E 002 003 4.916e+01
E 002 005 9.323e+01
E 002 006 2.581e+01
E 002 007 6.694e+01
E 002 008 4.360e+01
E 002 012 1.118e+01
E 002 013 1.007e+02
E 002 017 2.625e+01
E 003 004 7.921e+01
E 003 005 1.181e+02
E 003 006 6.622e+01
E 003 018 8.682e+01
E 004 011 4.177e+01
E 004 016 6.101e+01
E 004 010 4.617e+01
E 004 005 3.890e+01
E 005 006 6.831e+01
E 005 007 2.900e+01
E 005 008 9.296e+01
E 005 009 4.338e+01
E 005 011 8.066e+01
E 005 015 7.716e+01
E 005 016 9.266e+01
E 006 007 4.401e+01
E 006 008 5.025e+01
E 006 009 4.940e+01
E 006 018 2.421e+01
E 007 016 6.760e+01
E 007 010 5.404e+01
E 008 011 1.300e+01
E 008 012 4.966e+01
E 008 015 1.612e+01
E 008 018 6.649e+01
E 009 010 3.523e+01
E 009 013 5.057e+01
E 009 015 3.759e+01
E 009 018 4.264e+01
E 010 018 7.178e+01
E 010 011 3.534e+01
E 012 016 7.616e+00
E 014 015 4.892e+01
E 015 017 1.581e+01
E 016 018 4.789e+01
E 017 019 4.696e+01
E 017 018 4.085e+01
E 018 019 7.211e+00
