N 000 001 039 2.887e-02
N 001 058 098 6.482e-01
N 002 041 025 2.617e-01
N 003 030 017 8.102e-01
N 004 060 097 1.948e-01
N 005 049 080 7.070e-02
N 006 077 034 8.330e-01
N 007 019 011 1.893e-01
N 008 066 064 4.492e-01
N 009 097 011 5.456e-01
N 010 089 046 5.651e-01
N 011 062 078 4.791e-01
N 012 059 061 1.515e-01
N 013 079 064 7.135e-03
N 014 017 022 5.735e-01
N 015 061 021 5.095e-01
N 016 097 003 5.282e-01
N 017 013 064 6.977e-01
N 018 072 086 3.171e-01
N 019 098 027 1.895e-01
E 000 008 6.964e+01
E 000 001 8.204e+01
E 000 003 3.640e+01
E 000 017 2.773e+01
E 001 008 3.493e+01
E 001 009 9.534e+01
E 001 010 6.054e+01
E 001 011 2.040e+01
E 001 014 8.635e+01
E 002 011 5.701e+01
E 002 009 5.772e+01
E 002 003 1.360e+01
E 002 017 4.801e+01
E 003 004 8.544e+01
E 003 005 6.580e+01
E 003 008 5.920e+01
E 003 014 1.393e+01
E 003 015 3.126e+01
E 003 017 4.998e+01
E 003 018 8.078e+01
E 003 019 6.873e+01
E 004 019 7.965e+01
E 004 018 1.628e+01
E 004 006 6.525e+01
E 004 007 9.527e+01
E 005 011 1.315e+01
E 005 009 8.405e+01
E 005 017 3.940e+01
E 005 015 6.021e+01
E 006 007 6.239e+01
E 006 011 4.649e+01
E 006 015 2.062e+01
E 006 018 5.224e+01
E 006 019 2.214e+01
E 007 012 6.403e+01
E 007 013 8.006e+01
E 007 015 4.317e+01
E 007 017 5.334e+01
E 008 012 7.616e+00
E 008 011 1.456e+01
E 009 019 1.603e+01
E 010 011 4.187e+01
E 010 013 2.059e+01
E 010 016 4.374e+01
E 010 017 7.810e+01
E 010 019 2.102e+01
E 011 013 2.202e+01
E 011 016 8.276e+01
E 011 018 1.281e+01
E 012 019 5.174e+01
E 012 015 4.005e+01
E 013 016 6.360e+01
E 013 017 6.600e+01
E 013 018 2.309e+01
E 013 019 4.159e+01
E 014 016 8.223e+01
E 014 017 4.219e+01
E 015 018 6.592e+01
E 015 019 3.748e+01
E 017 019 9.270e+01
