N 000 064 085 4.554e-01
N 001 025 018 1.471e-01
N 002 019 038 5.305e-01
N 003 080 052 7.598e-01
N 004 026 063 2.112e-01
N 005 048 079 3.196e-01
N 006 012 012 9.240e-01
N 007 073 041 5.281e-01
N 008 016 002 9.747e-01
N 009 045 086 6.530e-01
N 010 065 017 8.708e-01
N 011 069 018 7.481e-01
N 012 023 098 8.454e-01
N 013 090 085 7.018e-01
N 014 088 003 8.532e-01
N 015 049 093 1.642e-01
N 016 010 072 5.328e-01
N 017 067 037 6.213e-01
N 018 005 011 3.880e-01
N 019 008 002 7.069e-01
E 000 004 4.391e+01
E 000 006 8.963e+01
E 000 007 4.491e+01
E 000 008 9.588e+01
E 000 011 6.719e+01
E 000 013 2.600e+01
E 000 018 9.464e+01
E 001 018 2.119e+01
E 001 006 1.432e+01
E 002 016 3.517e+01
E 002 010 5.057e+01
E 002 015 6.265e+01
E 002 007 5.408e+01
E 003 005 4.187e+01
E 003 008 8.122e+01
E 003 009 4.880e+01
E 003 011 3.574e+01
E 003 014 4.965e+01
E 003 017 1.985e+01
E 003 018 8.548e+01
E 004 009 2.983e+01
E 004 013 6.768e+01
E 004 014 8.628e+01
E 004 015 3.780e+01
E 004 016 1.836e+01
E 004 018 5.608e+01
E 005 017 4.610e+01
E 005 010 6.429e+01
E 005 015 1.404e+01
E 006 007 6.754e+01
E 006 008 1.077e+01
E 006 009 8.102e+01
E 006 012 8.670e+01
E 006 015 8.905e+01
E 006 016 6.003e+01
E 006 019 1.077e+01
E 007 009 5.300e+01
E 007 012 7.582e+01
E 007 014 4.085e+01
E 008 010 5.124e+01
E 008 013 1.112e+02
E 008 014 7.201e+01
E 008 017 6.185e+01
E 009 011 7.211e+01
E 009 019 9.179e+01
E 010 011 4.123e+00
E 010 013 7.245e+01
E 010 018 6.030e+01
E 011 012 9.228e+01
E 011 014 2.421e+01
E 011 016 7.998e+01
E 011 019 6.306e+01
E 012 015 2.648e+01
E 013 016 8.105e+01
E 013 018 1.127e+02
E 013 019 1.167e+02
E 014 016 1.041e+02
E 014 018 8.338e+01
E 015 018 9.306e+01
E 017 019 6.860e+01
