N 000 017 096 9.317e-01
N 001 008 069 7.587e-01
N 002 017 077 5.853e-03
N 003 038 046 4.689e-01
N 004 049 090 8.476e-01
N 005 078 031 1.770e-01
N 006 072 030 2.931e-02
N 007 011 071 2.248e-01
N 008 016 014 4.885e-01
N 009 096 052 3.083e-01
N 010 017 054 9.061e-01
N 011 069 076 7.596e-01
N 012 002 013 6.132e-01
N 013 017 075 6.013e-01
N 014 086 030 2.413e-01
N 015 058 015 8.060e-01
N 016 067 039 5.670e-01
N 017 003 038 5.702e-01
N 018 066 066 6.662e-01
N 019 092 055 7.608e-01
E 000 003 5.423e+01
E 000 006 8.591e+01
E 000 009 9.043e+01
E 000 010 4.200e+01
E 000 016 7.582e+01
E 000 017 5.967e+01
E 000 018 5.745e+01
E 001 002 1.204e+01
E 001 003 3.780e+01
E 001 004 4.607e+01
E 001 012 5.632e+01
E 001 014 8.721e+01
E 001 016 6.619e+01
E 001 018 5.808e+01
E 002 003 3.744e+01
E 002 008 6.301e+01
E 002 010 2.300e+01
E 002 016 6.280e+01
E 002 018 5.022e+01
E 003 006 3.758e+01
E 003 007 3.680e+01
E 003 010 2.247e+01
E 003 011 4.314e+01
E 003 012 4.884e+01
E 003 016 2.983e+01
E 003 017 3.590e+01
E 004 008 8.286e+01
E 004 010 4.817e+01
E 004 014 7.049e+01
E 004 016 5.408e+01
E 004 017 6.943e+01
E 005 017 7.533e+01
E 005 018 3.700e+01
E 005 006 6.083e+00
E 005 007 7.803e+01
E 006 015 2.052e+01
E 007 011 5.822e+01
E 007 016 6.450e+01
E 007 017 3.396e+01
E 007 018 5.523e+01
E 008 009 8.857e+01
E 008 010 4.001e+01
E 008 011 8.157e+01
E 008 015 4.201e+01
E 008 019 8.635e+01
E 009 012 1.018e+02
E 009 013 8.228e+01
E 009 016 3.178e+01
E 009 018 3.311e+01
E 010 011 5.646e+01
E 010 012 4.366e+01
E 011 014 4.904e+01
E 011 017 7.616e+01
E 012 015 5.604e+01
E 012 018 8.310e+01
E 013 014 8.238e+01
E 014 015 3.176e+01
E 014 019 2.571e+01
E 015 017 5.962e+01
E 018 019 2.823e+01
