N 000 043 084 6.914e-01
N 001 000 075 6.817e-01
N 002 054 080 6.518e-01
N 003 088 074 5.987e-01
N 004 022 024 2.864e-01
N 005 099 000 1.708e-01
N 006 074 059 7.370e-01
N 007 008 014 3.947e-01
N 008 066 057 3.653e-01
N 009 070 063 9.127e-01
N 010 031 001 2.404e-01
N 011 023 070 8.668e-01
N 012 016 079 1.284e-01
N 013 032 018 9.990e-01
N 014 099 033 7.685e-01
N 015 024 016 2.507e-01
N 016 045 098 9.507e-01
N 017 019 001 1.429e-01
N 018 061 044 2.740e-01
N 019 070 051 9.392e-01
E 000 016 1.414e+01
E 000 011 2.441e+01
E 000 004 6.357e+01
E 000 013 6.691e+01
E 000 006 3.982e+01
E 001 005 1.242e+02
E 001 010 8.023e+01
E 001 013 6.537e+01
E 001 014 1.075e+02
E 001 016 5.054e+01
E 001 017 7.640e+01
E 001 018 6.843e+01
E 002 003 3.453e+01
E 002 005 9.179e+01
E 002 009 2.335e+01
E 002 010 8.228e+01
E 002 012 3.801e+01
E 002 014 6.507e+01
E 002 017 8.641e+01
E 002 019 3.312e+01
E 003 004 8.280e+01
E 003 006 2.052e+01
E 003 007 1.000e+02
E 003 011 6.512e+01
E 003 012 7.217e+01
E 004 006 6.268e+01
E 004 008 5.500e+01
E 004 009 6.185e+01
E 004 013 1.166e+01
E 004 015 8.246e+00
E 005 008 6.586e+01
E 005 011 1.033e+02
E 005 013 6.938e+01
E 005 017 8.001e+01
E 006 008 8.246e+00
E 006 017 7.993e+01
E 006 019 8.944e+00
E 007 008 7.220e+01
E 007 009 7.903e+01
E 007 010 2.642e+01
E 007 015 1.612e+01
E 007 017 1.703e+01
E 008 012 5.463e+01
E 008 016 4.607e+01
E 009 010 7.325e+01
E 009 013 5.890e+01
E 009 015 6.576e+01
E 009 017 8.028e+01
E 009 019 1.200e+01
E 010 016 9.801e+01
E 010 018 5.243e+01
E 011 014 8.453e+01
E 011 017 6.912e+01
E 011 018 4.604e+01
E 012 018 5.701e+01
E 014 016 8.450e+01
E 014 015 7.690e+01
E 015 018 4.640e+01
E 016 017 1.004e+02
E 016 018 5.632e+01
