N 000 047 078 1.609e-02
N 001 051 047 2.021e-01
N 002 009 062 4.562e-01
N 003 032 021 5.981e-01
N 004 057 036 7.266e-01
N 005 030 030 5.443e-02
N 006 012 092 4.172e-01
N 007 055 017 7.462e-01
N 008 039 001 5.546e-01
N 009 078 041 7.375e-01
N 010 004 000 8.798e-01
N 011 073 084 4.257e-01
N 012 025 032 1.450e-01
N 013 027 084 5.360e-01
N 014 090 073 6.011e-01
N 015 082 084 9.164e-01
N 016 055 006 2.186e-01
N 017 009 095 4.521e-02
N 018 089 016 9.100e-01
N 019 033 002 7.592e-01
E 000 008 7.741e+01
E 000 001 3.126e+01
E 000 019 7.728e+01
E 000 012 5.099e+01
E 000 005 5.092e+01
E 001 002 4.460e+01
E 001 005 2.702e+01
E 001 009 2.766e+01
E 001 010 6.647e+01
E 001 012 3.002e+01
E 001 013 4.410e+01
E 001 014 4.687e+01
E 001 016 4.119e+01
E 002 019 6.462e+01
E 002 003 4.701e+01
E 002 005 3.828e+01
E 003 009 5.016e+01
E 003 010 3.500e+01
E 003 005 9.220e+00
E 003 006 7.376e+01
E 004 005 2.766e+01
E 004 008 3.936e+01
E 004 010 6.407e+01
E 004 012 3.225e+01
E 004 017 7.606e+01
E 004 019 4.162e+01
E 005 006 6.456e+01
E 005 007 2.818e+01
E 005 011 6.903e+01
E 006 007 8.645e+01
E 006 009 8.341e+01
E 006 010 9.235e+01
E 006 012 6.139e+01
E 006 013 1.700e+01
E 006 014 8.028e+01
E 006 018 1.082e+02
E 007 009 3.324e+01
E 007 012 3.354e+01
E 007 013 7.262e+01
E 007 018 3.401e+01
E 008 010 3.501e+01
E 008 011 8.969e+01
E 008 012 3.401e+01
E 008 014 8.823e+01
E 008 017 9.867e+01
E 008 018 5.220e+01
E 009 010 8.460e+01
E 009 011 4.329e+01
E 009 013 6.671e+01
E 009 016 4.188e+01
E 009 017 8.762e+01
E 010 013 8.709e+01
E 010 016 5.135e+01
E 010 018 8.649e+01
E 012 013 5.204e+01
E 012 014 7.685e+01
E 013 015 5.500e+01
E 014 016 7.559e+01
E 015 016 8.254e+01
E 018 019 5.772e+01
