N 000 059 004 9.186e-01
N 001 080 001 9.487e-01
N 002 064 063 3.089e-01
N 003 059 021 3.883e-01
N 004 090 002 4.055e-01
N 005 013 013 1.920e-01
N 006 036 047 4.104e-01
N 007 071 013 3.473e-01
N 008 031 076 2.922e-01
N 009 044 016 2.745e-01
N 010 038 049 1.708e-01
N 011 059 021 3.058e-01
N 012 017 093 6.383e-01
N 013 020 001 7.014e-01
N 014 029 094 5.634e-01
N 015 080 067 1.901e-01
N 016 070 046 4.282e-01
N 017 098 035 2.827e-01
N 018 096 011 9.055e-01
N 019 051 043 6.303e-01
E 000 003 1.700e+01
E 000 007 1.500e+01
E 000 014 9.487e+01
E 000 015 6.641e+01
E 000 016 4.342e+01
E 000 019 3.981e+01
E 001 003 2.900e+01
E 001 004 1.005e+01
E 001 007 1.500e+01
E 001 012 1.115e+02
E 001 013 6.000e+01
E 001 015 6.600e+01
E 001 016 4.610e+01
E 001 017 3.847e+01
E 001 018 1.887e+01
E 001 019 5.104e+01
E 002 012 5.576e+01
E 002 018 6.106e+01
E 002 003 4.230e+01
E 002 004 6.631e+01
E 003 005 4.669e+01
E 003 014 7.892e+01
E 003 016 2.731e+01
E 003 018 3.833e+01
E 004 012 1.167e+02
E 004 014 1.104e+02
E 004 016 4.833e+01
E 004 018 1.082e+01
E 005 008 6.552e+01
E 006 017 6.315e+01
E 006 018 6.997e+01
E 007 009 2.717e+01
E 007 012 9.652e+01
E 007 013 5.239e+01
E 007 014 9.124e+01
E 007 015 5.474e+01
E 007 016 3.302e+01
E 007 018 2.508e+01
E 008 016 4.920e+01
E 008 017 7.855e+01
E 008 010 2.789e+01
E 008 014 1.811e+01
E 009 010 3.354e+01
E 009 019 2.789e+01
E 009 012 8.160e+01
E 010 019 1.432e+01
E 010 015 4.569e+01
E 011 016 2.731e+01
E 011 014 7.892e+01
E 011 015 5.057e+01
E 012 014 1.204e+01
E 012 018 1.139e+02
E 013 015 8.920e+01
E 013 017 8.509e+01
E 014 016 6.313e+01
E 014 018 1.067e+02
E 016 017 3.008e+01
E 017 018 2.408e+01
E 017 019 4.768e+01
E 018 019 5.522e+01
