N 000 000 000 9.085e-01
N 001 045 096 8.766e-01
N 002 082 043 5.701e-01
N 003 084 050 6.194e-01
N 004 022 041 5.188e-01
N 005 009 018 5.908e-01
N 006 000 069 4.146e-02
N 007 067 023 6.999e-01
N 008 020 025 1.441e-02
N 009 086 039 1.911e-01
N 010 001 017 3.797e-02
N 011 061 035 6.328e-01
N 012 027 095 2.693e-01
N 013 031 038 1.613e-01
N 014 079 098 4.954e-01
N 015 047 092 2.473e-01
N 016 058 059 3.177e-01
N 017 060 096 1.574e-01
N 018 054 022 6.483e-01
N 019 012 064 1.908e-01
E 000 002 9.259e+01
E 000 004 4.653e+01
E 000 006 6.900e+01
E 000 008 3.202e+01
E 000 010 1.703e+01
E 000 013 4.904e+01
E 000 015 1.033e+02
E 000 018 5.831e+01
E 001 016 3.922e+01
E 001 003 6.031e+01
E 001 012 1.803e+01
E 001 005 8.591e+01
E 001 007 7.624e+01
E 002 003 7.280e+00
E 002 004 6.003e+01
E 002 007 2.500e+01
E 002 008 6.456e+01
E 002 014 5.508e+01
E 002 016 2.884e+01
E 002 018 3.500e+01
E 003 010 8.932e+01
E 003 012 7.262e+01
E 003 015 5.597e+01
E 003 016 2.751e+01
E 004 008 1.612e+01
E 004 009 6.403e+01
E 004 010 3.189e+01
E 004 012 5.423e+01
E 004 013 9.487e+00
E 004 015 5.680e+01
E 005 006 5.179e+01
E 005 009 7.981e+01
E 005 012 7.908e+01
E 005 017 9.319e+01
E 005 019 4.610e+01
E 006 019 1.300e+01
E 006 011 6.984e+01
E 006 013 4.384e+01
E 007 013 3.900e+01
E 007 016 3.711e+01
E 007 017 7.333e+01
E 007 019 6.860e+01
E 008 013 1.703e+01
E 008 017 8.149e+01
E 008 019 3.981e+01
E 009 010 8.780e+01
E 009 012 8.134e+01
E 009 013 5.501e+01
E 009 016 3.441e+01
E 009 019 7.811e+01
E 010 012 8.222e+01
E 011 016 2.419e+01
E 011 017 6.101e+01
E 011 013 3.015e+01
E 012 013 5.714e+01
E 012 018 7.783e+01
E 013 018 2.802e+01
E 013 019 3.220e+01
E 014 015 3.256e+01
E 015 019 4.482e+01
