N 000 008 015 7.094e-01
N 001 047 047 7.287e-01
N 002 095 012 7.419e-01
N 003 068 083 4.321e-01
N 004 085 041 1.606e-01
N 005 035 040 6.260e-01
N 006 089 062 9.767e-01
N 007 086 071 6.254e-01
N 008 054 038 7.985e-01
N 009 058 036 3.209e-02
N 010 028 073 8.607e-01
N 011 046 096 6.545e-04
N 012 056 035 1.310e-01
N 013 098 007 2.468e-01
N 014 015 077 9.578e-01
N 015 049 034 4.852e-01
N 016 095 061 7.894e-01
N 017 071 014 2.647e-02
N 018 070 090 2.510e-01
N 019 054 087 2.243e-01
E 000 003 9.069e+01
E 000 004 8.127e+01
E 000 009 5.423e+01
E 000 013 9.035e+01
E 000 015 4.519e+01
E 000 017 6.301e+01
E 001 002 5.941e+01
E 001 007 4.579e+01
E 001 010 3.220e+01
E 001 013 6.482e+01
E 001 016 5.000e+01
E 001 019 4.061e+01
E 002 003 7.596e+01
E 002 007 5.968e+01
E 002 008 4.855e+01
E 002 010 9.061e+01
E 002 012 4.528e+01
E 002 013 5.831e+00
E 002 014 1.031e+02
E 002 017 2.408e+01
E 003 010 4.123e+01
E 003 011 2.555e+01
E 003 014 5.334e+01
E 003 016 3.483e+01
E 003 017 6.907e+01
E 004 008 3.114e+01
E 004 013 3.640e+01
E 004 015 3.667e+01
E 004 016 2.236e+01
E 004 019 5.547e+01
E 006 008 4.244e+01
E 006 017 5.126e+01
E 006 012 4.264e+01
E 007 018 2.484e+01
E 007 013 6.512e+01
E 007 009 4.482e+01
E 008 009 4.472e+00
E 008 010 4.360e+01
E 008 011 5.855e+01
E 008 013 5.382e+01
E 009 010 4.763e+01
E 009 011 6.119e+01
E 009 012 2.236e+00
E 009 015 9.220e+00
E 009 017 2.555e+01
E 009 019 5.116e+01
E 010 019 2.953e+01
E 011 012 6.181e+01
E 011 013 1.031e+02
E 011 014 3.636e+01
E 012 013 5.048e+01
E 012 015 7.071e+00
E 012 016 4.687e+01
E 013 015 5.595e+01
E 013 018 8.760e+01
E 014 017 8.429e+01
E 016 019 4.855e+01
E 017 018 7.601e+01
E 017 019 7.495e+01
E 018 019 1.628e+01
