N 000 091 049 7.785e-01
N 001 040 079 5.854e-01
N 002 012 024 4.821e-01
N 003 017 017 1.720e-01
N 004 048 052 2.407e-01
N 005 051 007 1.051e-01
N 006 034 030 4.057e-01
N 007 056 007 1.842e-01
N 008 042 007 6.253e-01
N 009 001 041 4.855e-01
N 010 004 031 2.516e-01
N 011 086 026 9.790e-01
N 012 016 078 1.905e-01
N 013 061 082 8.442e-01
N 014 034 064 6.584e-01
N 015 061 035 4.631e-01
N 016 046 098 3.599e-01
N 017 052 001 6.543e-02
N 018 060 069 3.565e-01
N 019 079 056 2.613e-02
E 000 002 8.286e+01
E 000 007 5.467e+01
E 000 008 6.454e+01
E 000 009 9.035e+01
E 000 015 3.311e+01
E 000 017 6.185e+01
E 001 003 6.613e+01
E 001 012 2.402e+01
E 002 017 4.614e+01
E 002 004 4.561e+01
E 002 005 4.254e+01
E 003 006 2.140e+01
E 003 010 1.910e+01
E 003 011 6.958e+01
E 003 012 6.101e+01
E 003 013 7.849e+01
E 003 015 4.754e+01
E 003 018 6.748e+01
E 003 019 7.325e+01
E 004 016 4.604e+01
E 004 019 3.126e+01
E 004 018 2.081e+01
E 004 006 2.608e+01
E 005 007 5.000e+00
E 005 008 9.000e+00
E 005 011 3.982e+01
E 005 014 5.948e+01
E 005 015 2.973e+01
E 005 017 6.083e+00
E 006 019 5.197e+01
E 007 009 6.466e+01
E 007 014 6.110e+01
E 007 015 2.844e+01
E 007 016 9.155e+01
E 007 018 6.213e+01
E 008 009 5.326e+01
E 008 012 7.561e+01
E 008 013 7.737e+01
E 008 017 1.166e+01
E 008 018 6.456e+01
E 009 011 8.631e+01
E 009 018 6.531e+01
E 009 019 7.943e+01
E 010 018 6.768e+01
E 010 015 5.714e+01
E 011 016 8.237e+01
E 011 018 5.025e+01
E 011 019 3.081e+01
E 012 013 4.518e+01
E 012 014 2.280e+01
E 012 015 6.224e+01
E 012 016 3.606e+01
E 012 017 8.500e+01
E 012 019 6.673e+01
E 013 019 3.162e+01
E 013 018 1.304e+01
E 014 018 2.648e+01
E 015 016 6.476e+01
E 016 018 3.220e+01
E 018 019 2.302e+01
