N 000 072 095 9.403e-01
N 001 035 094 5.685e-01
N 002 067 049 2.223e-01
N 003 041 095 8.199e-02
N 004 002 040 4.445e-01
N 005 036 092 2.131e-01
N 006 072 068 2.414e-01
N 007 001 030 4.944e-01
N 008 074 019 7.608e-01
N 009 021 056 6.312e-01
N 010 074 031 3.352e-01
N 011 014 093 1.371e-01
N 012 061 053 1.534e-01
N 013 049 092 2.997e-01
N 014 014 067 7.550e-01
N 015 082 025 5.919e-01
N 016 083 093 5.640e-01
N 017 085 096 4.121e-01
N 018 031 036 8.576e-01
N 019 095 036 4.879e-01
E 000 010 6.403e+01
E 000 012 4.342e+01
E 000 014 6.440e+01
E 000 015 7.071e+01
E 001 012 4.855e+01
E 001 004 6.329e+01
E 001 017 5.004e+01
E 002 003 5.284e+01
E 002 005 5.301e+01
E 002 008 3.081e+01
E 002 009 4.653e+01
E 002 010 1.931e+01
E 002 014 5.597e+01
E 002 016 4.682e+01
E 002 017 5.033e+01
E 003 005 5.831e+00
E 003 006 4.111e+01
E 003 008 8.286e+01
E 003 012 4.652e+01
E 003 016 4.205e+01
E 003 018 5.984e+01
E 004 006 7.539e+01
E 004 009 2.484e+01
E 004 011 5.434e+01
E 004 017 1.001e+02
E 004 018 2.927e+01
E 005 009 3.900e+01
E 005 014 3.330e+01
E 005 015 8.127e+01
E 006 008 4.904e+01
E 006 012 1.860e+01
E 006 013 3.324e+01
E 006 014 5.801e+01
E 006 018 5.201e+01
E 007 008 7.382e+01
E 007 009 3.280e+01
E 007 017 1.068e+02
E 007 014 3.922e+01
E 007 016 1.034e+02
E 008 009 6.464e+01
E 008 012 3.640e+01
E 008 014 7.684e+01
E 008 017 7.778e+01
E 009 010 5.860e+01
E 009 012 4.011e+01
E 009 018 2.236e+01
E 009 019 7.666e+01
E 010 013 6.592e+01
E 010 014 6.997e+01
E 010 015 1.000e+01
E 010 018 4.329e+01
E 011 017 7.106e+01
E 011 015 9.617e+01
E 013 016 3.401e+01
E 013 019 7.247e+01
E 013 014 4.301e+01
E 014 015 7.992e+01
E 016 018 7.716e+01
E 017 018 8.072e+01
E 017 019 6.083e+01
