N 000 032 012 1.715e-01
N 001 015 068 4.951e-01
N 002 071 043 1.348e-01
N 003 093 045 5.700e-01
N 004 082 054 2.432e-01
N 005 045 004 7.204e-01
N 006 077 021 4.257e-01
N 007 088 043 2.872e-02
N 008 097 013 4.706e-01
N 009 078 032 2.285e-01
N 010 060 032 7.727e-01
N 011 084 022 6.973e-01
N 012 025 072 7.719e-01
N 013 097 031 1.008e-01
N 014 009 067 8.841e-01
N 015 014 066 6.789e-01
N 016 012 000 7.225e-01
N 017 094 010 3.802e-01
N 018 093 081 9.046e-01
N 019 059 049 7.228e-01
E 000 001 5.852e+01
E 000 004 6.530e+01
E 000 005 1.526e+01
E 000 007 6.401e+01
E 000 009 5.016e+01
E 000 010 3.441e+01
E 000 011 5.295e+01
E 000 017 6.203e+01
E 000 019 4.580e+01
E 001 004 6.845e+01
E 001 005 7.068e+01
E 001 006 7.780e+01
E 001 009 7.256e+01
E 001 011 8.293e+01
E 001 014 6.083e+00
E 001 015 2.236e+00
E 002 007 1.700e+01
E 002 008 3.970e+01
E 002 010 1.556e+01
E 002 012 5.438e+01
E 002 015 6.147e+01
E 002 016 7.301e+01
E 002 017 4.022e+01
E 002 018 4.391e+01
E 003 009 1.985e+01
E 003 011 2.470e+01
E 003 012 7.316e+01
E 003 015 8.174e+01
E 004 009 2.236e+01
E 004 011 3.206e+01
E 004 015 6.905e+01
E 004 017 4.561e+01
E 004 018 2.915e+01
E 005 007 5.805e+01
E 005 008 5.277e+01
E 005 011 4.295e+01
E 005 012 7.088e+01
E 005 015 6.932e+01
E 005 016 3.324e+01
E 005 019 4.713e+01
E 006 008 2.154e+01
E 006 018 6.210e+01
E 006 007 2.460e+01
E 007 010 3.008e+01
E 007 016 8.732e+01
E 008 017 4.243e+00
E 008 013 1.800e+01
E 009 015 7.247e+01
E 009 016 7.335e+01
E 010 014 6.185e+01
E 010 018 5.908e+01
E 010 019 1.703e+01
E 011 014 8.746e+01
E 011 019 3.680e+01
E 012 015 1.253e+01
E 012 016 7.316e+01
E 012 019 4.105e+01
E 013 016 9.048e+01
E 013 018 5.016e+01
E 016 019 6.790e+01
