N 000 018 077 6.407e-01
N 001 015 042 9.045e-01
N 002 040 036 3.774e-01
N 003 039 030 6.777e-01
N 004 042 040 8.427e-01
N 005 005 098 1.640e-02
N 006 033 035 5.462e-01
N 007 086 050 8.397e-01
N 008 044 000 2.084e-01
N 009 014 000 8.820e-01
N 010 021 094 8.934e-01
N 011 057 063 9.038e-01
N 012 051 056 3.813e-01
N 013 045 047 3.349e-01
N 014 045 056 3.783e-01
N 015 045 053 3.489e-01
N 016 021 059 8.400e-01
N 017 089 094 3.945e-02
N 018 001 042 8.291e-01
N 019 094 054 4.633e-01
E 000 004 4.410e+01
E 000 008 8.127e+01
E 000 009 7.710e+01
E 000 014 3.421e+01
E 000 017 7.301e+01
E 000 019 7.940e+01
E 001 008 5.104e+01
E 001 009 4.201e+01
E 001 010 5.235e+01
E 001 011 4.696e+01
E 001 015 3.195e+01
E 001 016 1.803e+01
E 001 017 9.044e+01
E 002 011 3.191e+01
E 002 003 6.083e+00
E 002 005 7.120e+01
E 002 014 2.062e+01
E 002 015 1.772e+01
E 003 019 6.001e+01
E 003 004 1.044e+01
E 003 018 3.985e+01
E 004 007 4.512e+01
E 004 008 4.005e+01
E 004 009 4.883e+01
E 004 011 2.746e+01
E 004 012 1.836e+01
E 004 014 1.628e+01
E 004 017 7.159e+01
E 004 019 5.385e+01
E 005 006 6.894e+01
E 005 007 9.415e+01
E 005 009 9.841e+01
E 005 010 1.649e+01
E 005 014 5.800e+01
E 006 007 5.508e+01
E 006 009 3.982e+01
E 006 010 6.021e+01
E 006 011 3.688e+01
E 006 012 2.766e+01
E 006 015 2.163e+01
E 006 016 2.683e+01
E 006 017 8.134e+01
E 007 016 6.562e+01
E 007 018 8.538e+01
E 008 009 3.000e+01
E 008 010 9.677e+01
E 008 014 5.601e+01
E 008 016 6.332e+01
E 008 017 1.042e+02
E 009 013 5.630e+01
E 009 015 6.140e+01
E 010 014 4.494e+01
E 011 013 2.000e+01
E 011 016 3.622e+01
E 011 017 4.455e+01
E 012 013 1.082e+01
E 013 014 9.000e+00
E 015 016 2.474e+01
E 015 018 4.535e+01
E 016 018 2.625e+01
