N 000 010 084 8.481e-01
N 001 036 084 1.049e-01
N 002 018 051 1.021e-01
N 003 039 097 9.857e-01
N 004 031 012 3.051e-02
N 005 077 087 5.695e-01
N 006 086 099 6.462e-01
N 007 070 006 9.260e-01
N 008 080 042 7.474e-01
N 009 054 058 4.921e-01
N 010 018 064 4.771e-01
N 011 091 072 5.834e-01
N 012 026 073 5.399e-01
N 013 046 081 1.142e-01
N 014 064 002 9.224e-01
N 015 055 068 9.110e-01
N 016 028 089 9.082e-01
N 017 024 006 4.477e-01
N 018 097 060 7.083e-01
N 019 071 001 2.097e-02
E 000 001 2.600e+01
E 000 002 3.396e+01
E 000 003 3.178e+01
E 000 013 3.612e+01
E 000 015 4.776e+01
E 000 017 7.925e+01
E 000 018 9.025e+01
E 000 019 1.030e+02
E 001 003 1.334e+01
E 001 004 7.217e+01
E 001 005 4.111e+01
E 001 011 5.629e+01
E 001 012 1.487e+01
E 001 014 8.665e+01
E 001 015 2.484e+01
E 001 017 7.892e+01
E 001 018 6.555e+01
E 002 005 6.912e+01
E 002 006 8.323e+01
E 002 008 6.265e+01
E 002 009 3.667e+01
E 002 010 1.300e+01
E 002 011 7.596e+01
E 002 014 6.721e+01
E 002 017 4.540e+01
E 003 004 8.538e+01
E 003 011 5.770e+01
E 003 012 2.729e+01
E 003 018 6.880e+01
E 004 005 8.798e+01
E 004 007 3.946e+01
E 004 012 6.120e+01
E 004 014 3.448e+01
E 005 010 6.332e+01
E 005 011 2.052e+01
E 005 012 5.289e+01
E 005 018 3.360e+01
E 007 008 3.736e+01
E 007 009 5.441e+01
E 007 011 6.926e+01
E 007 017 4.600e+01
E 008 014 4.308e+01
E 008 016 7.009e+01
E 008 018 2.476e+01
E 008 019 4.198e+01
E 009 010 3.650e+01
E 009 014 5.689e+01
E 010 012 1.204e+01
E 010 013 3.276e+01
E 010 017 5.831e+01
E 010 018 7.910e+01
E 011 015 3.622e+01
E 011 019 7.376e+01
E 012 017 6.703e+01
E 012 019 8.491e+01
E 013 016 1.970e+01
E 014 016 9.415e+01
E 014 017 4.020e+01
E 014 019 7.071e+00
E 015 018 4.276e+01
