N 000 067 027 6.028e-01
N 001 081 016 3.419e-01
N 002 008 030 7.659e-01
N 003 035 061 9.229e-01
N 004 001 043 5.016e-01
N 005 081 077 9.825e-01
N 006 049 029 3.252e-01
N 007 022 017 4.833e-01
N 008 024 098 2.066e-01
N 009 022 038 4.879e-01
N 010 032 018 6.531e-01
N 011 098 053 5.908e-01
N 012 097 090 5.599e-01
N 013 099 022 7.670e-01
N 014 016 039 2.843e-01
N 015 082 024 3.827e-01
N 016 027 073 1.324e-01
N 017 086 025 2.006e-01
N 018 057 092 5.437e-03
N 019 019 056 4.832e-01
E 000 003 4.669e+01
E 000 007 4.610e+01
E 000 010 3.614e+01
E 000 013 3.239e+01
E 000 014 5.239e+01
E 000 017 1.910e+01
E 001 006 3.454e+01
E 001 013 1.897e+01
E 001 016 7.852e+01
E 001 017 1.030e+01
E 001 018 7.970e+01
E 001 019 7.378e+01
E 002 004 1.476e+01
E 002 005 8.682e+01
E 002 006 4.101e+01
E 002 008 6.986e+01
E 002 011 9.289e+01
E 002 013 9.135e+01
E 002 016 4.701e+01
E 002 017 7.816e+01
E 003 009 2.642e+01
E 003 010 4.310e+01
E 003 011 6.351e+01
E 003 016 1.442e+01
E 003 018 3.801e+01
E 003 019 1.676e+01
E 004 005 8.693e+01
E 004 007 3.342e+01
E 004 008 5.962e+01
E 004 016 3.970e+01
E 004 019 2.220e+01
E 005 017 5.224e+01
E 005 013 5.787e+01
E 005 015 5.301e+01
E 006 009 2.846e+01
E 007 010 1.005e+01
E 007 011 8.410e+01
E 007 018 8.276e+01
E 008 009 6.003e+01
E 008 013 1.068e+02
E 008 015 9.402e+01
E 008 016 2.518e+01
E 008 018 3.354e+01
E 009 012 9.126e+01
E 009 014 6.083e+00
E 009 015 6.161e+01
E 009 018 6.435e+01
E 010 019 4.016e+01
E 010 013 6.712e+01
E 011 012 3.701e+01
E 011 014 8.319e+01
E 011 017 3.046e+01
E 012 014 9.572e+01
E 013 014 8.472e+01
E 013 017 1.334e+01
E 013 019 8.693e+01
E 014 015 6.768e+01
E 014 019 1.726e+01
E 015 018 7.245e+01
E 016 017 7.606e+01
