N 000 091 005 9.073e-01
N 001 047 099 9.357e-01
N 002 011 058 6.372e-01
N 003 071 083 4.125e-01
N 004 004 001 7.730e-01
N 005 056 087 4.174e-01
N 006 005 041 6.909e-01
N 007 062 060 7.433e-01
N 008 044 071 6.854e-01
N 009 011 025 5.823e-01
N 010 091 077 3.507e-01
N 011 011 069 3.018e-01
N 012 094 075 8.597e-01
N 013 022 016 5.659e-01
N 014 052 011 7.029e-01
N 015 047 016 5.130e-01
N 016 075 010 5.345e-01
N 017 083 038 5.084e-01
N 018 040 041 6.768e-01
N 019 042 028 7.186e-01
E 000 008 8.102e+01
E 000 011 1.024e+02
E 000 012 7.006e+01
E 000 014 3.946e+01
E 000 018 6.243e+01
E 000 019 5.413e+01
E 001 016 9.330e+01
E 001 002 5.456e+01
E 001 005 1.500e+01
E 002 008 3.547e+01
E 002 018 3.362e+01
E 002 011 1.100e+01
E 002 007 5.104e+01
E 003 016 7.311e+01
E 003 019 6.218e+01
E 003 007 2.470e+01
E 004 009 2.500e+01
E 004 010 1.155e+02
E 005 008 2.000e+01
E 005 019 6.064e+01
E 006 007 6.008e+01
E 006 010 9.323e+01
E 006 012 9.527e+01
E 006 014 5.576e+01
E 006 015 4.888e+01
E 006 016 7.656e+01
E 006 018 3.500e+01
E 006 019 3.922e+01
E 007 008 2.110e+01
E 007 011 5.179e+01
E 007 014 5.001e+01
E 007 016 5.166e+01
E 007 017 3.041e+01
E 008 014 6.053e+01
E 008 015 5.508e+01
E 008 016 6.843e+01
E 009 019 3.114e+01
E 009 017 7.316e+01
E 009 011 4.400e+01
E 009 015 3.711e+01
E 010 019 6.930e+01
E 010 013 9.210e+01
E 010 015 7.521e+01
E 011 013 5.413e+01
E 011 015 6.407e+01
E 011 018 4.031e+01
E 012 013 9.309e+01
E 012 014 7.655e+01
E 012 015 7.543e+01
E 012 018 6.381e+01
E 012 019 7.009e+01
E 013 016 5.334e+01
E 013 019 2.332e+01
E 014 018 3.231e+01
E 015 016 2.864e+01
E 016 017 2.912e+01
E 016 018 4.675e+01
E 016 019 3.759e+01
E 017 018 4.310e+01
E 018 019 1.315e+01
