N 000 012 090 7.583e-01
N 001 050 077 3.931e-01
N 002 028 052 3.181e-02
N 003 054 046 7.334e-01
N 004 076 077 7.370e-02
N 005 077 015 8.891e-02
N 006 034 061 4.220e-01
N 007 054 052 4.622e-01
N 008 004 033 6.877e-01
N 009 074 056 9.390e-01
N 010 031 000 7.195e-01
N 011 046 069 2.015e-01
N 012 030 083 3.232e-01
N 013 054 096 3.695e-01
N 014 005 094 7.047e-01
N 015 048 087 8.316e-01
N 016 022 035 4.423e-01
N 017 036 092 8.769e-01
N 018 012 062 4.688e-02
N 019 015 092 5.092e-03
E 000 004 6.531e+01
E 000 007 5.664e+01
E 000 012 1.931e+01
E 000 013 4.243e+01
E 000 014 8.062e+00
E 000 015 3.612e+01
E 000 017 2.408e+01
E 000 019 3.606e+00
E 001 019 3.808e+01
E 001 018 4.085e+01
E 001 011 8.944e+00
E 002 016 1.803e+01
E 002 009 4.617e+01
E 002 018 1.887e+01
E 002 004 5.412e+01
E 002 006 1.082e+01
E 003 009 2.236e+01
E 003 018 4.494e+01
E 003 004 3.801e+01
E 003 017 4.940e+01
E 004 007 3.330e+01
E 004 011 3.105e+01
E 004 012 4.639e+01
E 004 016 6.841e+01
E 005 008 7.519e+01
E 005 010 4.838e+01
E 005 018 8.021e+01
E 005 007 4.357e+01
E 006 008 4.104e+01
E 006 017 3.106e+01
E 006 010 6.107e+01
E 006 015 2.953e+01
E 007 010 5.686e+01
E 007 012 3.920e+01
E 007 013 4.400e+01
E 007 016 3.624e+01
E 007 017 4.386e+01
E 007 018 4.317e+01
E 007 019 5.587e+01
E 008 009 7.368e+01
E 008 010 4.264e+01
E 008 012 5.636e+01
E 008 019 6.002e+01
E 009 016 5.608e+01
E 009 014 7.877e+01
E 010 012 8.301e+01
E 010 018 6.485e+01
E 010 019 9.338e+01
E 011 013 2.816e+01
E 011 017 2.508e+01
E 012 015 1.844e+01
E 012 017 1.082e+01
E 012 019 1.749e+01
E 013 016 6.888e+01
E 014 015 4.357e+01
E 015 016 5.814e+01
E 015 018 4.383e+01
E 016 017 5.869e+01
E 016 018 2.879e+01
E 017 018 3.842e+01
