N 000 019 008 8.029e-01
N 001 020 015 3.446e-01
N 002 052 088 7.826e-01
N 003 016 050 6.694e-01
N 004 026 092 4.051e-01
N 005 002 082 8.353e-01
N 006 074 004 5.031e-01
N 007 083 073 8.173e-01
N 008 093 078 2.609e-01
N 009 061 009 7.165e-01
N 010 015 075 8.986e-01
N 011 053 043 2.160e-01
N 012 039 096 3.953e-03
N 013 098 087 5.113e-02
N 014 007 043 4.075e-01
N 015 052 039 9.368e-01
N 016 034 027 7.694e-01
N 017 032 042 9.166e-01
N 018 064 067 3.775e-01
N 019 085 027 1.430e-01
E 000 001 7.071e+00
E 000 002 8.654e+01
E 000 003 4.211e+01
E 000 004 8.429e+01
E 000 007 9.122e+01
E 000 009 4.201e+01
E 000 010 6.712e+01
E 000 014 3.700e+01
E 000 015 4.528e+01
E 000 018 7.420e+01
E 001 002 7.971e+01
E 001 005 6.938e+01
E 001 008 9.643e+01
E 001 011 4.328e+01
E 001 017 2.955e+01
E 001 018 6.812e+01
E 001 019 6.610e+01
E 002 005 5.036e+01
E 002 006 8.683e+01
E 002 008 4.220e+01
E 002 009 7.951e+01
E 002 017 5.016e+01
E 003 012 5.143e+01
E 003 004 4.317e+01
E 003 017 1.789e+01
E 003 015 3.764e+01
E 004 007 6.008e+01
E 004 009 9.008e+01
E 004 013 7.217e+01
E 004 014 5.255e+01
E 004 015 5.903e+01
E 004 016 6.549e+01
E 005 008 9.109e+01
E 005 010 1.476e+01
E 005 013 9.613e+01
E 007 012 4.965e+01
E 007 015 4.601e+01
E 008 015 5.659e+01
E 009 011 3.493e+01
E 009 014 6.381e+01
E 009 017 4.393e+01
E 010 011 4.968e+01
E 010 012 3.189e+01
E 011 012 5.482e+01
E 011 013 6.294e+01
E 011 015 4.123e+00
E 011 018 2.640e+01
E 012 014 6.191e+01
E 012 015 5.846e+01
E 012 017 5.445e+01
E 012 018 3.829e+01
E 012 019 8.293e+01
E 013 016 8.773e+01
E 013 014 1.011e+02
E 014 017 2.502e+01
E 016 017 1.513e+01
E 016 018 5.000e+01
E 016 019 5.100e+01
E 017 019 5.508e+01
E 018 019 4.518e+01
