N 000 052 091 9.710e-01
N 001 073 051 9.320e-02
N 002 003 043 9.016e-01
N 003 080 078 3.104e-01
N 004 011 092 3.831e-01
N 005 049 083 2.592e-01
N 006 091 043 3.331e-01
N 007 043 027 6.266e-01
N 008 094 041 6.203e-01
N 009 092 013 4.291e-01
N 010 088 086 6.498e-01
N 011 065 015 7.929e-01
N 012 004 007 6.461e-01
N 013 093 023 9.381e-01
N 014 065 002 3.103e-01
N 015 066 046 7.474e-01
N 016 005 055 8.106e-01
N 017 044 071 6.592e-01
N 018 092 004 4.057e-02
N 019 018 092 7.017e-01
E 000 010 3.635e+01
E 000 012 9.675e+01
E 000 013 7.940e+01
E 000 015 4.713e+01
E 001 009 4.249e+01
E 001 003 2.789e+01
E 001 005 4.000e+01
E 002 004 4.965e+01
E 002 006 8.800e+01
E 002 007 4.308e+01
E 002 011 6.803e+01
E 002 014 7.433e+01
E 002 016 1.217e+01
E 002 018 9.717e+01
E 003 007 6.301e+01
E 003 008 3.956e+01
E 003 009 6.610e+01
E 003 010 1.131e+01
E 003 013 5.652e+01
E 003 014 7.747e+01
E 003 015 3.493e+01
E 004 007 7.245e+01
E 004 008 9.742e+01
E 004 009 1.131e+02
E 004 010 7.723e+01
E 004 014 1.050e+02
E 004 015 7.170e+01
E 004 016 3.748e+01
E 004 018 1.196e+02
E 004 019 7.000e+00
E 005 008 6.155e+01
E 005 010 3.912e+01
E 005 018 8.994e+01
E 005 013 7.440e+01
E 006 019 8.792e+01
E 006 009 3.002e+01
E 006 011 3.821e+01
E 007 008 5.289e+01
E 007 009 5.096e+01
E 007 011 2.506e+01
E 007 016 4.720e+01
E 007 018 5.413e+01
E 008 011 3.895e+01
E 008 013 1.803e+01
E 009 015 4.201e+01
E 009 017 7.529e+01
E 010 011 7.463e+01
E 010 012 1.153e+02
E 010 015 4.565e+01
E 011 014 1.300e+01
E 011 019 9.021e+01
E 012 016 4.801e+01
E 012 018 8.805e+01
E 012 013 9.043e+01
E 013 015 3.547e+01
E 014 019 1.015e+02
E 015 017 3.330e+01
E 015 018 4.940e+01
E 016 017 4.215e+01
E 017 019 3.342e+01
