N 000 018 087 6.056e-01
N 001 024 017 8.201e-02
N 002 035 026 8.794e-01
N 003 093 012 1.511e-01
N 004 011 007 6.505e-01
N 005 004 031 5.671e-01
N 006 013 015 6.607e-02
N 007 098 064 8.167e-01
N 008 005 067 7.896e-01
N 009 053 040 2.351e-01
N 010 052 030 7.002e-01
N 011 051 080 5.650e-01
N 012 018 041 7.866e-02
N 013 020 028 6.248e-01
N 014 097 073 8.121e-02
N 015 099 034 4.795e-01
N 016 039 096 9.681e-01
N 017 033 034 2.823e-01
N 018 039 035 7.702e-01
N 019 023 002 2.477e-01
E 000 001 7.026e+01
E 000 009 5.860e+01
E 000 014 8.023e+01
E 000 015 9.680e+01
E 000 016 2.285e+01
E 000 019 8.515e+01
E 001 008 5.349e+01
E 001 013 1.170e+01
E 002 005 3.140e+01
E 002 006 2.460e+01
E 002 009 2.280e+01
E 002 011 5.632e+01
E 002 013 1.513e+01
E 002 018 9.849e+00
E 003 008 1.038e+02
E 003 010 4.478e+01
E 003 011 7.992e+01
E 003 007 5.224e+01
E 004 018 3.960e+01
E 004 013 2.285e+01
E 005 007 9.962e+01
E 005 010 4.801e+01
E 005 012 1.720e+01
E 005 013 1.628e+01
E 005 014 1.020e+02
E 005 015 9.505e+01
E 005 016 7.382e+01
E 005 019 3.467e+01
E 006 008 5.261e+01
E 006 016 8.507e+01
E 006 019 1.640e+01
E 007 011 4.965e+01
E 008 011 4.780e+01
E 008 015 9.962e+01
E 008 016 4.469e+01
E 009 011 4.005e+01
E 009 013 3.511e+01
E 009 014 5.500e+01
E 009 016 5.772e+01
E 009 017 2.088e+01
E 009 018 1.487e+01
E 010 011 5.001e+01
E 010 019 4.031e+01
E 010 012 3.574e+01
E 011 016 2.000e+01
E 011 017 4.940e+01
E 012 016 5.887e+01
E 012 017 1.655e+01
E 013 015 7.923e+01
E 013 019 2.617e+01
E 014 015 3.905e+01
E 014 016 6.239e+01
E 014 017 7.495e+01
E 014 018 6.934e+01
E 014 019 1.026e+02
E 015 018 6.001e+01
E 016 017 6.229e+01
E 016 018 6.100e+01
E 016 019 9.535e+01
E 017 018 6.083e+00
