N 000 058 043 5.547e-01
N 001 006 048 2.157e-01
N 002 020 014 2.587e-01
N 003 089 051 7.972e-01
N 004 014 062 4.385e-01
N 005 060 065 6.826e-03
N 006 045 081 3.858e-01
N 007 014 034 9.903e-01
N 008 072 054 4.576e-01
N 009 027 031 8.893e-01
N 010 089 053 1.281e-01
N 011 054 009 4.211e-01
N 012 010 014 4.919e-01
N 013 020 096 3.882e-01
N 014 045 090 6.999e-01
N 015 053 052 2.654e-01
N 016 046 058 6.479e-01
N 017 087 020 7.811e-01
N 018 089 041 5.287e-01
N 019 081 039 4.999e-01
E 000 004 4.793e+01
E 000 005 2.209e+01
E 000 009 3.324e+01
E 000 010 3.257e+01
E 000 011 3.423e+01
E 000 012 5.608e+01
E 000 014 4.876e+01
E 000 015 1.030e+01
E 000 017 3.701e+01
E 001 004 1.612e+01
E 001 005 5.661e+01
E 001 008 6.627e+01
E 001 014 5.731e+01
E 001 016 4.123e+01
E 001 017 8.570e+01
E 001 019 7.554e+01
E 002 009 1.838e+01
E 002 010 7.926e+01
E 002 004 4.837e+01
E 002 005 6.482e+01
E 002 017 6.727e+01
E 003 009 6.515e+01
E 003 019 1.442e+01
E 003 017 3.106e+01
E 003 014 5.880e+01
E 003 007 7.690e+01
E 004 009 3.362e+01
E 004 012 4.817e+01
E 004 015 4.026e+01
E 004 019 7.084e+01
E 005 008 1.628e+01
E 005 011 5.632e+01
E 005 016 1.565e+01
E 005 019 3.342e+01
E 006 016 2.302e+01
E 006 009 5.314e+01
E 006 013 2.915e+01
E 006 007 5.630e+01
E 007 009 1.334e+01
E 007 011 4.717e+01
E 007 012 2.040e+01
E 007 015 4.295e+01
E 008 017 3.716e+01
E 008 015 1.910e+01
E 009 011 3.483e+01
E 009 012 2.404e+01
E 009 013 6.538e+01
E 009 017 6.100e+01
E 009 018 6.280e+01
E 010 011 5.622e+01
E 010 012 8.810e+01
E 010 014 5.749e+01
E 010 019 1.612e+01
E 011 013 9.341e+01
E 012 013 8.261e+01
E 014 017 8.163e+01
E 014 019 6.243e+01
E 015 018 3.764e+01
E 017 018 2.110e+01
E 017 019 1.992e+01
