N 000 003 025 3.697e-01
N 001 007 061 7.222e-01
N 002 042 003 1.641e-04
N 003 033 040 9.427e-01
N 004 007 038 5.608e-01
N 005 070 071 3.563e-01
N 006 049 051 3.069e-01
N 007 087 042 4.823e-01
N 008 001 050 9.598e-01
N 009 000 049 6.275e-01
N 010 099 009 5.469e-01
N 011 077 081 2.654e-01
N 012 054 080 5.941e-01
N 013 090 034 4.750e-01
N 014 043 009 3.408e-01
N 015 073 007 6.064e-01
N 016 020 009 7.624e-01
N 017 058 072 3.256e-01
N 018 027 044 4.534e-01
N 019 048 065 1.020e-01
E 000 010 9.732e+01
E 000 003 3.354e+01
E 000 013 8.746e+01
E 000 006 5.284e+01
E 001 002 6.774e+01
E 001 006 4.317e+01
E 001 008 1.253e+01
E 001 009 1.389e+01
E 001 017 5.217e+01
E 001 018 2.625e+01
E 002 003 3.808e+01
E 002 007 5.955e+01
E 002 008 6.237e+01
E 002 013 5.714e+01
E 002 016 2.280e+01
E 002 017 7.083e+01
E 002 018 4.366e+01
E 003 006 1.942e+01
E 003 013 5.731e+01
E 003 014 3.257e+01
E 003 015 5.186e+01
E 003 016 3.362e+01
E 003 017 4.061e+01
E 004 008 1.342e+01
E 004 010 9.646e+01
E 004 011 8.215e+01
E 004 014 4.623e+01
E 004 006 4.397e+01
E 005 017 1.204e+01
E 005 010 6.845e+01
E 005 013 4.206e+01
E 006 008 4.801e+01
E 006 009 4.904e+01
E 006 010 6.530e+01
E 006 011 4.104e+01
E 006 014 4.243e+01
E 007 008 8.637e+01
E 007 009 8.728e+01
E 007 010 3.511e+01
E 007 013 8.544e+00
E 007 019 4.528e+01
E 008 012 6.090e+01
E 008 014 5.869e+01
E 008 017 6.110e+01
E 009 010 1.068e+02
E 009 017 6.239e+01
E 010 011 7.529e+01
E 010 013 2.657e+01
E 010 017 7.517e+01
E 010 018 8.006e+01
E 011 012 2.302e+01
E 012 013 5.841e+01
E 013 014 5.324e+01
E 013 015 3.191e+01
E 013 018 6.379e+01
E 014 016 2.300e+01
E 014 019 5.622e+01
E 015 016 5.304e+01
E 016 018 3.569e+01
E 017 018 4.177e+01
