N 000 056 041 6.589e-01
N 001 000 083 5.517e-01
N 002 081 096 8.024e-01
N 003 065 074 9.411e-01
N 004 001 053 8.382e-01
N 005 033 058 8.947e-02
N 006 019 008 3.225e-01
N 007 049 015 1.679e-01
N 008 087 012 7.836e-01
N 009 040 051 4.002e-01
N 010 002 098 7.021e-01
N 011 076 021 4.168e-02
N 012 050 047 5.263e-01
N 013 068 034 6.466e-01
N 014 065 044 5.654e-01
N 015 071 066 1.328e-01
N 016 083 086 9.417e-01
N 017 040 090 1.407e-01
N 018 046 013 3.356e-02
N 019 020 013 5.575e-01
E 000 016 5.248e+01
E 000 017 5.155e+01
E 000 018 2.973e+01
E 000 003 3.421e+01
E 000 019 4.561e+01
E 001 003 6.562e+01
E 001 007 8.382e+01
E 001 008 1.123e+02
E 001 010 1.513e+01
E 001 012 6.161e+01
E 001 013 8.382e+01
E 001 014 7.580e+01
E 001 017 4.061e+01
E 002 004 9.082e+01
E 002 008 8.421e+01
E 002 009 6.088e+01
E 002 011 7.517e+01
E 002 012 5.798e+01
E 002 014 5.441e+01
E 002 015 3.162e+01
E 002 017 4.144e+01
E 002 018 9.008e+01
E 003 004 6.736e+01
E 003 005 3.578e+01
E 003 008 6.579e+01
E 003 009 3.397e+01
E 003 010 6.742e+01
E 003 012 3.089e+01
E 003 015 1.000e+01
E 003 016 2.163e+01
E 004 007 6.122e+01
E 005 009 9.899e+00
E 005 011 5.673e+01
E 005 012 2.025e+01
E 005 013 4.244e+01
E 005 016 5.731e+01
E 006 009 4.785e+01
E 006 012 4.982e+01
E 006 015 7.790e+01
E 007 008 3.812e+01
E 007 015 5.554e+01
E 007 009 3.711e+01
E 008 018 4.101e+01
E 009 012 1.077e+01
E 009 018 3.847e+01
E 010 018 9.571e+01
E 010 013 9.193e+01
E 011 016 6.538e+01
E 011 019 5.657e+01
E 012 013 2.220e+01
E 012 014 1.530e+01
E 012 016 5.109e+01
E 013 014 1.044e+01
E 013 015 3.214e+01
E 014 016 4.569e+01
E 014 019 5.464e+01
E 015 017 3.920e+01
E 016 017 4.319e+01
E 016 019 9.643e+01
E 017 018 7.723e+01
