N 000 069 014 1.314e-01
N 001 026 002 4.438e-01
N 002 023 004 4.010e-01
N 003 031 070 7.118e-01
N 004 022 052 7.169e-02
N 005 097 061 6.170e-01
N 006 057 001 1.707e-01
N 007 053 018 3.517e-01
N 008 028 084 7.160e-01
N 009 064 048 4.951e-01
N 010 029 073 5.125e-01
N 011 098 077 5.151e-01
N 012 037 039 2.611e-01
N 013 089 094 5.874e-01
N 014 091 056 2.009e-01
N 015 030 053 4.469e-01
N 016 031 029 8.495e-01
N 017 081 033 4.020e-01
N 018 018 037 8.210e-01
N 019 052 014 2.291e-01
E 000 001 4.464e+01
E 000 005 5.471e+01
E 000 006 1.769e+01
E 000 007 1.649e+01
E 000 009 3.437e+01
E 000 010 7.128e+01
E 000 012 4.061e+01
E 000 014 4.741e+01
E 000 015 5.515e+01
E 000 018 5.595e+01
E 001 018 3.590e+01
E 001 003 6.818e+01
E 001 006 3.102e+01
E 001 015 5.116e+01
E 002 008 8.016e+01
E 002 016 2.625e+01
E 002 018 3.338e+01
E 002 005 9.341e+01
E 002 006 3.413e+01
E 003 019 5.981e+01
E 003 014 6.161e+01
E 004 017 6.198e+01
E 004 013 7.908e+01
E 004 005 7.554e+01
E 004 007 4.601e+01
E 005 007 6.152e+01
E 005 008 7.273e+01
E 005 012 6.391e+01
E 005 013 3.396e+01
E 005 017 3.225e+01
E 006 008 8.792e+01
E 006 007 1.746e+01
E 007 008 7.058e+01
E 007 015 4.188e+01
E 007 017 3.176e+01
E 007 018 3.982e+01
E 008 009 5.091e+01
E 008 014 6.894e+01
E 008 017 7.355e+01
E 008 018 4.805e+01
E 008 019 7.400e+01
E 009 011 4.469e+01
E 009 014 2.816e+01
E 009 017 2.267e+01
E 010 016 4.405e+01
E 010 014 6.429e+01
E 010 017 6.560e+01
E 011 012 7.187e+01
E 012 016 1.166e+01
E 013 016 8.711e+01
E 013 017 6.152e+01
E 013 018 9.105e+01
E 014 016 6.580e+01
E 014 019 5.731e+01
E 015 016 2.402e+01
E 015 017 5.478e+01
E 015 019 4.478e+01
E 016 019 2.581e+01
E 017 019 3.467e+01
E 018 019 4.105e+01
