N 000 040 045 6.586e-01
N 001 021 071 3.493e-01
N 002 052 035 5.784e-01
N 003 000 099 7.601e-02
N 004 001 055 2.600e-01
N 005 045 080 4.239e-01
N 006 032 021 7.244e-01
N 007 089 014 7.946e-01
N 008 040 000 8.225e-01
N 009 009 093 6.371e-01
N 010 052 039 1.327e-01
N 011 072 017 8.833e-01
N 012 011 016 9.747e-01
N 013 044 077 5.904e-01
N 014 052 096 8.442e-01
N 015 063 014 4.256e-01
N 016 074 079 5.817e-01
N 017 047 015 9.076e-01
N 018 065 053 7.273e-01
N 019 010 019 8.657e-01
E 000 018 2.625e+01
E 000 019 3.970e+01
E 000 012 4.101e+01
E 000 006 2.530e+01
E 000 007 5.798e+01
E 001 016 5.360e+01
E 001 002 4.751e+01
E 001 018 4.754e+01
E 001 005 2.563e+01
E 001 014 3.982e+01
E 002 006 2.441e+01
E 002 007 4.254e+01
E 002 008 3.700e+01
E 002 010 4.000e+00
E 002 014 6.100e+01
E 003 019 8.062e+01
E 003 017 9.625e+01
E 003 011 1.091e+02
E 003 014 5.209e+01
E 004 008 6.742e+01
E 004 010 5.345e+01
E 004 011 8.053e+01
E 004 012 4.026e+01
E 004 014 6.544e+01
E 004 018 6.403e+01
E 005 008 8.016e+01
E 005 018 3.360e+01
E 005 006 6.042e+01
E 005 009 3.828e+01
E 006 008 2.247e+01
E 006 009 7.558e+01
E 006 012 2.159e+01
E 007 012 7.803e+01
E 007 015 2.600e+01
E 007 016 6.671e+01
E 007 017 4.201e+01
E 008 019 3.551e+01
E 009 017 8.676e+01
E 009 010 6.903e+01
E 009 012 7.703e+01
E 010 011 2.973e+01
E 010 012 4.701e+01
E 010 013 3.883e+01
E 010 014 5.700e+01
E 010 016 4.565e+01
E 010 017 2.452e+01
E 011 014 8.149e+01
E 011 015 9.487e+00
E 011 018 3.667e+01
E 012 013 6.935e+01
E 012 016 8.910e+01
E 012 017 3.601e+01
E 012 018 6.546e+01
E 013 017 6.207e+01
E 014 015 8.273e+01
E 014 018 4.492e+01
E 015 019 5.324e+01
E 015 018 3.905e+01
E 016 017 6.946e+01
E 016 018 2.751e+01
