N 000 001 009 2.316e-01
N 001 015 075 9.682e-01
N 002 088 062 9.755e-01
N 003 093 056 6.937e-01
N 004 027 004 3.422e-01
N 005 062 009 5.493e-02
N 006 091 093 2.246e-01
N 007 076 018 4.734e-02
N 008 005 095 9.192e-01
N 009 090 009 5.498e-01
N 010 049 043 5.018e-01
N 011 049 083 3.216e-01
N 012 016 032 9.773e-01
N 013 068 019 9.375e-01
N 014 088 067 6.585e-01
N 015 006 094 7.308e-02
N 016 015 039 2.510e-02
N 017 096 035 2.312e-01
N 018 020 038 1.762e-01
N 019 097 040 4.924e-01
E 000 001 6.747e+01
E 000 018 3.467e+01
E 000 017 9.849e+01
E 000 013 6.774e+01
E 000 015 8.515e+01
E 001 004 7.201e+01
E 001 005 8.102e+01
E 001 009 9.990e+01
E 001 013 7.710e+01
E 001 015 2.102e+01
E 001 016 3.600e+01
E 002 004 8.417e+01
E 002 005 5.903e+01
E 002 006 3.114e+01
E 002 014 5.000e+00
E 002 016 7.654e+01
E 002 018 7.211e+01
E 003 017 2.121e+01
E 003 018 7.519e+01
E 003 012 8.065e+01
E 004 006 1.096e+02
E 004 010 4.478e+01
E 004 012 3.008e+01
E 004 013 4.366e+01
E 004 014 8.769e+01
E 004 016 3.700e+01
E 005 011 7.513e+01
E 005 014 6.356e+01
E 005 016 5.576e+01
E 005 018 5.104e+01
E 006 008 8.602e+01
E 006 010 6.530e+01
E 006 011 4.317e+01
E 006 012 9.667e+01
E 006 013 7.749e+01
E 006 017 5.822e+01
E 007 019 3.041e+01
E 007 011 7.038e+01
E 008 009 1.209e+02
E 008 018 5.894e+01
E 008 017 1.090e+02
E 008 015 1.414e+00
E 009 010 5.326e+01
E 009 014 5.803e+01
E 010 014 4.579e+01
E 010 015 6.671e+01
E 010 019 4.809e+01
E 011 013 6.676e+01
E 011 014 4.215e+01
E 011 017 6.718e+01
E 012 019 8.139e+01
E 012 017 8.006e+01
E 013 017 3.225e+01
E 014 018 7.393e+01
E 015 016 5.573e+01
E 015 017 1.076e+02
E 015 018 5.772e+01
E 016 019 8.201e+01
E 017 019 5.099e+00
E 018 019 7.703e+01
