N 000 066 063 4.980e-02
N 001 056 042 5.201e-01
N 002 092 042 3.049e-01
N 003 019 042 9.758e-01
N 004 093 092 9.849e-01
N 005 064 064 1.391e-02
N 006 027 026 3.451e-01
N 007 035 048 7.843e-01
N 008 073 042 6.530e-01
N 009 061 000 6.221e-01
N 010 045 060 4.454e-03
N 011 052 061 7.327e-02
N 012 046 041 9.260e-01
N 013 050 065 5.817e-01
N 014 094 041 8.799e-01
N 015 028 086 6.702e-02
N 016 048 070 7.326e-01
N 017 049 046 9.441e-01
N 018 045 093 4.872e-02
N 019 045 082 6.065e-01
E 000 001 2.326e+01
E 000 002 3.342e+01
E 000 006 5.376e+01
E 000 012 2.973e+01
E 000 015 4.442e+01
E 000 017 2.404e+01
E 001 007 2.184e+01
E 001 008 1.700e+01
E 001 010 2.110e+01
E 001 012 1.005e+01
E 001 013 2.377e+01
E 001 014 3.801e+01
E 001 018 5.217e+01
E 001 019 4.148e+01
E 002 018 6.935e+01
E 002 003 7.300e+01
E 003 005 5.009e+01
E 003 006 1.789e+01
E 003 007 1.709e+01
E 003 010 3.162e+01
E 003 015 4.491e+01
E 004 005 4.031e+01
E 004 006 9.334e+01
E 004 007 7.280e+01
E 004 012 6.935e+01
E 004 014 5.101e+01
E 004 018 4.801e+01
E 005 006 5.304e+01
E 005 010 1.942e+01
E 005 013 1.404e+01
E 005 015 4.219e+01
E 005 016 1.709e+01
E 006 009 4.280e+01
E 006 010 3.847e+01
E 006 012 2.421e+01
E 006 014 6.866e+01
E 006 015 6.001e+01
E 006 017 2.973e+01
E 006 018 6.938e+01
E 007 008 3.847e+01
E 007 013 2.267e+01
E 008 010 3.329e+01
E 008 013 3.253e+01
E 008 015 6.294e+01
E 008 018 5.818e+01
E 009 010 6.210e+01
E 009 012 4.366e+01
E 009 013 6.592e+01
E 009 015 9.211e+01
E 009 019 8.355e+01
E 010 016 1.044e+01
E 010 019 2.200e+01
E 011 017 1.530e+01
E 012 013 2.433e+01
E 012 015 4.847e+01
E 012 018 5.201e+01
E 013 014 5.012e+01
E 013 016 5.385e+00
E 013 019 1.772e+01
E 015 019 1.746e+01
