N 000 069 086 7.357e-01
N 001 050 099 6.321e-01
N 002 072 028 1.601e-01
N 003 055 077 1.432e-01
N 004 054 030 3.640e-01
N 005 093 066 1.037e-01
N 006 073 052 6.776e-01
N 007 064 009 1.305e-01
N 008 043 056 5.448e-01
N 009 027 055 8.268e-01
N 010 027 088 5.789e-01
N 011 073 019 6.724e-01
N 012 018 079 4.019e-01
N 013 061 091 9.454e-01
N 014 014 041 9.020e-01
N 015 097 022 9.530e-01
N 016 028 095 4.167e-01
N 017 085 087 4.544e-01
N 018 076 047 4.029e-01
N 019 093 035 4.716e-01
E 000 018 3.962e+01
E 000 011 6.712e+01
E 000 012 5.148e+01
E 000 013 9.434e+00
E 000 007 7.716e+01
E 001 003 2.256e+01
E 001 006 5.233e+01
E 001 010 2.550e+01
E 001 012 3.774e+01
E 001 016 2.236e+01
E 001 018 5.814e+01
E 002 007 2.062e+01
E 003 004 4.701e+01
E 003 005 3.956e+01
E 003 007 6.859e+01
E 003 011 6.073e+01
E 003 016 3.245e+01
E 004 006 2.907e+01
E 004 008 2.823e+01
E 004 011 2.195e+01
E 004 012 6.080e+01
E 004 013 6.140e+01
E 004 017 6.488e+01
E 004 018 2.780e+01
E 005 010 6.957e+01
E 005 011 5.108e+01
E 005 012 7.612e+01
E 005 015 4.418e+01
E 005 016 7.118e+01
E 005 017 2.247e+01
E 005 019 3.100e+01
E 006 010 5.841e+01
E 006 013 4.080e+01
E 007 012 8.376e+01
E 007 013 8.205e+01
E 007 017 8.078e+01
E 008 010 3.578e+01
E 008 011 4.763e+01
E 008 013 3.936e+01
E 008 017 5.220e+01
E 008 019 5.423e+01
E 009 016 4.001e+01
E 009 010 3.300e+01
E 009 011 5.841e+01
E 009 014 1.910e+01
E 010 011 8.293e+01
E 010 013 3.413e+01
E 010 017 5.801e+01
E 011 012 8.139e+01
E 011 014 6.297e+01
E 011 019 2.561e+01
E 012 014 3.821e+01
E 012 015 9.742e+01
E 012 019 8.695e+01
E 013 014 6.862e+01
E 013 016 3.324e+01
E 013 017 2.433e+01
E 014 015 8.515e+01
E 014 018 6.229e+01
E 017 018 4.100e+01
