N 000 064 052 9.872e-01
N 001 021 089 5.491e-01
N 002 018 009 8.042e-01
N 003 093 005 3.929e-01
N 004 062 070 7.973e-01
N 005 058 071 1.525e-01
N 006 008 020 9.653e-01
N 007 014 039 8.208e-01
N 008 028 047 5.803e-01
N 009 027 024 5.749e-01
N 010 054 013 6.653e-01
N 011 053 004 3.854e-01
N 012 088 050 7.510e-01
N 013 034 045 8.489e-01
N 014 032 014 1.424e-01
N 015 049 006 9.975e-01
N 016 056 086 3.706e-01
N 017 017 045 8.745e-01
N 018 024 035 3.748e-02
N 019 057 038 9.893e-01
E 000 002 6.297e+01
E 000 014 4.968e+01
E 001 008 4.258e+01
E 001 018 5.408e+01
E 001 005 4.115e+01
E 001 006 7.021e+01
E 001 007 5.049e+01
E 002 005 7.378e+01
E 002 008 3.929e+01
E 002 009 1.749e+01
E 002 011 3.536e+01
E 002 015 3.114e+01
E 002 019 4.860e+01
E 003 004 7.201e+01
E 003 007 8.601e+01
E 003 008 7.739e+01
E 003 009 6.868e+01
E 003 010 3.981e+01
E 003 014 6.166e+01
E 004 005 4.123e+00
E 004 007 5.714e+01
E 004 009 5.780e+01
E 004 011 6.661e+01
E 004 014 6.353e+01
E 004 018 5.166e+01
E 005 007 5.441e+01
E 005 009 5.630e+01
E 005 015 6.562e+01
E 005 016 1.513e+01
E 005 017 4.855e+01
E 006 019 5.220e+01
E 006 018 2.193e+01
E 006 011 4.776e+01
E 006 009 1.942e+01
E 007 008 1.612e+01
E 007 017 6.708e+00
E 008 009 2.302e+01
E 008 010 4.280e+01
E 008 013 6.325e+00
E 008 017 1.118e+01
E 009 019 3.311e+01
E 010 011 9.055e+00
E 010 013 3.774e+01
E 010 014 2.202e+01
E 010 015 8.602e+00
E 010 016 7.303e+01
E 011 012 5.780e+01
E 011 015 4.472e+00
E 011 016 8.205e+01
E 012 016 4.817e+01
E 012 017 7.118e+01
E 012 018 6.573e+01
E 013 016 4.653e+01
E 013 017 1.700e+01
E 014 017 3.444e+01
E 014 018 2.247e+01
E 015 018 3.829e+01
E 016 019 4.801e+01
E 017 019 4.061e+01
E 018 019 3.314e+01
