N 000 078 062 8.876e-01
N 001 070 099 2.634e-01
N 002 021 082 5.137e-01
N 003 052 004 3.777e-01
N 004 000 053 3.787e-01
N 005 015 069 1.120e-01
N 006 017 052 5.350e-01
N 007 039 066 8.816e-01
N 008 016 076 6.272e-01
N 009 057 016 4.382e-01
N 010 083 000 7.681e-01
N 011 027 060 1.222e-01
N 012 048 053 6.668e-01
N 013 026 075 7.570e-01
N 014 084 039 3.162e-01
N 015 016 096 9.523e-02
N 016 011 080 6.282e-01
N 017 051 091 4.330e-01
N 018 006 041 4.574e-01
N 019 043 003 9.072e-01
E 000 005 6.339e+01
E 000 007 3.920e+01
E 000 008 6.356e+01
E 000 009 5.057e+01
E 000 016 6.938e+01
E 000 018 7.500e+01
E 001 002 5.187e+01
E 001 004 8.376e+01
E 001 013 5.012e+01
E 001 006 7.084e+01
E 001 015 5.408e+01
E 002 005 1.432e+01
E 002 009 7.518e+01
E 002 011 2.280e+01
E 002 012 3.962e+01
E 002 013 8.602e+00
E 002 014 7.628e+01
E 002 016 1.020e+01
E 002 017 3.132e+01
E 003 005 7.479e+01
E 003 006 5.941e+01
E 003 010 3.126e+01
E 003 011 6.133e+01
E 003 013 7.561e+01
E 003 016 8.635e+01
E 003 019 9.055e+00
E 004 019 6.595e+01
E 004 014 8.516e+01
E 004 017 6.360e+01
E 005 006 1.712e+01
E 005 008 7.071e+00
E 005 011 1.500e+01
E 005 015 2.702e+01
E 005 019 7.169e+01
E 006 007 2.608e+01
E 006 011 1.281e+01
E 006 012 3.102e+01
E 006 013 2.470e+01
E 006 017 5.174e+01
E 006 019 5.547e+01
E 007 010 7.932e+01
E 007 014 5.248e+01
E 007 015 3.780e+01
E 008 016 6.403e+00
E 008 010 1.013e+02
E 008 017 3.808e+01
E 009 013 6.665e+01
E 009 015 8.989e+01
E 009 017 7.524e+01
E 009 019 1.910e+01
E 010 012 6.351e+01
E 010 013 9.420e+01
E 011 013 1.503e+01
E 011 015 3.764e+01
E 011 016 2.561e+01
E 011 018 2.832e+01
E 014 017 6.159e+01
E 014 019 5.456e+01
E 016 019 8.338e+01
E 018 019 5.304e+01
