N 000 081 005 3.620e-01
N 001 001 055 5.377e-01
N 002 042 085 2.371e-01
N 003 048 032 1.513e-01
N 004 083 038 9.622e-01
N 005 094 022 6.647e-01
N 006 078 098 5.210e-01
N 007 030 053 1.108e-01
N 008 074 071 8.457e-01
N 009 002 018 8.590e-02
N 010 013 055 1.735e-01
N 011 015 026 2.509e-01
N 012 077 010 3.940e-01
N 013 053 001 7.757e-01
N 014 053 063 8.401e-01
N 015 055 085 4.952e-02
N 016 028 005 4.188e-01
N 017 089 096 6.735e-01
N 018 007 035 3.076e-02
N 019 086 040 9.009e-01
E 000 001 9.434e+01
E 000 003 4.264e+01
E 000 004 3.306e+01
E 000 009 8.006e+01
E 000 010 8.440e+01
E 000 011 6.926e+01
E 000 012 6.403e+00
E 000 015 8.412e+01
E 000 018 7.985e+01
E 001 003 5.233e+01
E 001 004 8.374e+01
E 001 011 3.220e+01
E 001 013 7.497e+01
E 001 014 5.261e+01
E 001 016 5.682e+01
E 001 018 2.088e+01
E 002 008 3.493e+01
E 002 018 6.103e+01
E 002 015 1.300e+01
E 002 013 8.472e+01
E 002 007 3.418e+01
E 003 014 3.140e+01
E 004 008 3.421e+01
E 004 009 8.343e+01
E 004 011 6.905e+01
E 004 013 4.763e+01
E 004 019 3.606e+00
E 005 007 7.111e+01
E 005 008 5.292e+01
E 005 009 9.209e+01
E 005 012 2.081e+01
E 005 013 4.607e+01
E 005 014 5.798e+01
E 006 013 1.002e+02
E 006 007 6.580e+01
E 007 008 4.754e+01
E 007 009 4.482e+01
E 007 010 1.712e+01
E 007 011 3.089e+01
E 007 012 6.370e+01
E 007 016 4.804e+01
E 007 018 2.921e+01
E 008 011 7.420e+01
E 008 012 6.107e+01
E 008 015 2.360e+01
E 009 011 1.526e+01
E 009 015 8.543e+01
E 010 012 7.824e+01
E 010 013 6.720e+01
E 010 014 4.079e+01
E 010 016 5.220e+01
E 010 018 2.088e+01
E 011 012 6.403e+01
E 012 013 2.563e+01
E 013 014 6.200e+01
E 014 018 5.385e+01
E 014 019 4.022e+01
E 015 016 8.443e+01
E 016 018 3.662e+01
E 018 019 7.916e+01
