N 000 004 007 3.279e-01
N 001 009 045 9.449e-01
N 002 069 003 7.000e-03
N 003 092 097 2.091e-02
N 004 019 019 5.875e-01
N 005 027 042 8.509e-02
N 006 032 024 9.089e-01
N 007 016 049 6.850e-02
N 008 077 049 3.419e-01
N 009 018 020 6.562e-01
N 010 029 010 6.721e-01
N 011 040 087 4.863e-01
N 012 099 001 2.094e-01
N 013 092 021 1.189e-01
N 014 044 091 7.660e-01
N 015 081 078 4.366e-02
N 016 036 076 1.101e-01
N 017 080 075 6.652e-01
N 018 024 089 6.245e-01
N 019 072 016 2.015e-01
E 000 001 3.833e+01
E 000 004 1.921e+01
E 000 005 4.188e+01
E 000 007 4.368e+01
E 000 010 2.518e+01
E 000 011 8.773e+01
E 000 012 9.519e+01
E 000 015 1.047e+02
E 000 016 7.606e+01
E 000 019 6.859e+01
E 001 004 2.786e+01
E 001 007 8.062e+00
E 001 009 2.657e+01
E 001 011 5.220e+01
E 001 016 4.111e+01
E 001 019 6.935e+01
E 002 009 5.376e+01
E 002 010 4.061e+01
E 002 011 8.887e+01
E 002 018 9.706e+01
E 003 019 8.343e+01
E 003 009 1.068e+02
E 003 015 2.195e+01
E 003 007 8.989e+01
E 004 005 2.435e+01
E 004 006 1.393e+01
E 004 007 3.015e+01
E 004 009 1.414e+00
E 004 010 1.345e+01
E 004 011 7.117e+01
E 004 013 7.303e+01
E 004 017 8.281e+01
E 004 018 7.018e+01
E 005 009 2.377e+01
E 005 013 6.831e+01
E 005 014 5.187e+01
E 006 010 1.432e+01
E 007 011 4.494e+01
E 007 014 5.048e+01
E 007 019 6.500e+01
E 008 009 6.574e+01
E 008 010 6.185e+01
E 008 012 5.280e+01
E 008 017 2.617e+01
E 009 018 6.926e+01
E 010 013 6.395e+01
E 010 015 8.560e+01
E 010 016 6.637e+01
E 011 016 1.170e+01
E 011 018 1.612e+01
E 011 019 7.788e+01
E 012 016 9.795e+01
E 012 015 7.908e+01
E 013 015 5.805e+01
E 014 016 1.700e+01
E 014 017 3.940e+01
E 014 015 3.922e+01
E 016 019 6.997e+01
E 017 019 5.954e+01
E 018 019 8.737e+01
