N 000 004 087 2.349e-01
N 001 038 038 7.522e-01
N 002 016 024 1.048e-01
N 003 008 023 4.188e-01
N 004 037 048 8.061e-01
N 005 031 050 1.749e-01
N 006 093 099 9.000e-01
N 007 035 095 5.768e-01
N 008 012 018 1.446e-01
N 009 040 091 7.377e-01
N 010 067 036 3.094e-01
N 011 013 062 2.042e-01
N 012 032 080 9.989e-01
N 013 032 042 8.622e-02
N 014 082 047 3.441e-01
N 015 047 078 6.485e-01
N 016 009 054 5.359e-01
N 017 094 036 7.187e-01
N 018 020 040 2.359e-01
N 019 088 029 1.940e-01
E 000 002 6.413e+01
E 000 004 5.109e+01
E 000 005 4.580e+01
E 000 010 8.106e+01
E 000 011 2.657e+01
E 000 012 2.886e+01
E 000 015 4.393e+01
E 000 018 4.965e+01
E 000 019 1.021e+02
E 001 003 3.354e+01
E 001 005 1.389e+01
E 001 009 5.304e+01
E 001 011 3.466e+01
E 001 012 4.243e+01
E 001 014 4.491e+01
E 001 018 1.811e+01
E 002 004 3.189e+01
E 002 007 7.350e+01
E 002 009 7.117e+01
E 002 010 5.239e+01
E 002 012 5.824e+01
E 002 014 6.989e+01
E 002 015 6.227e+01
E 002 017 7.892e+01
E 003 006 1.140e+02
E 003 007 7.690e+01
E 004 006 7.574e+01
E 004 007 4.704e+01
E 004 011 2.778e+01
E 004 015 3.162e+01
E 005 010 3.863e+01
E 005 019 6.075e+01
E 005 016 2.236e+01
E 006 007 5.814e+01
E 006 012 6.389e+01
E 006 013 8.349e+01
E 006 015 5.057e+01
E 006 017 6.301e+01
E 007 011 3.966e+01
E 008 016 3.612e+01
E 008 019 7.679e+01
E 008 014 7.577e+01
E 009 011 3.962e+01
E 009 013 4.965e+01
E 009 015 1.476e+01
E 010 013 3.551e+01
E 010 018 4.717e+01
E 010 019 2.214e+01
E 011 012 2.617e+01
E 011 013 2.759e+01
E 011 014 7.061e+01
E 011 015 3.758e+01
E 011 016 8.944e+00
E 011 018 2.309e+01
E 012 014 5.991e+01
E 012 015 1.513e+01
E 014 016 7.333e+01
E 014 019 1.897e+01
E 015 017 6.303e+01
E 017 018 7.411e+01
