N 000 006 046 2.773e-01
N 001 016 011 5.755e-01
N 002 082 003 7.064e-01
N 003 085 007 3.730e-01
N 004 000 079 1.297e-01
N 005 016 065 7.497e-02
N 006 038 057 2.434e-02
N 007 088 062 9.299e-01
N 008 047 019 2.567e-01
N 009 098 040 2.567e-01
N 010 080 039 4.390e-02
N 011 000 025 7.374e-01
N 012 016 054 9.805e-01
N 013 072 084 6.288e-01
N 014 078 053 5.982e-01
N 015 075 038 8.431e-02
N 016 062 046 2.429e-01
N 017 018 094 8.680e-01
N 018 016 059 2.755e-01
N 019 042 048 9.933e-01
E 000 001 3.640e+01
E 000 002 8.732e+01
E 000 003 8.810e+01
E 000 009 9.220e+01
E 000 010 7.433e+01
E 000 013 7.616e+01
E 000 017 4.948e+01
E 001 002 6.648e+01
E 001 003 6.912e+01
E 001 007 8.823e+01
E 001 011 2.126e+01
E 001 013 9.201e+01
E 001 014 7.489e+01
E 001 017 8.302e+01
E 002 013 8.161e+01
E 002 008 3.848e+01
E 002 016 4.742e+01
E 003 004 1.114e+02
E 003 006 6.862e+01
E 003 010 3.239e+01
E 003 011 8.688e+01
E 003 012 8.349e+01
E 003 015 3.257e+01
E 004 005 2.126e+01
E 004 007 8.963e+01
E 004 010 8.944e+01
E 004 014 8.222e+01
E 004 019 5.220e+01
E 005 017 2.907e+01
E 005 010 6.908e+01
E 005 014 6.315e+01
E 006 009 6.236e+01
E 006 010 4.569e+01
E 006 007 5.025e+01
E 007 008 5.941e+01
E 007 010 2.435e+01
E 007 012 7.244e+01
E 007 013 2.720e+01
E 007 014 1.345e+01
E 007 018 7.206e+01
E 008 015 3.384e+01
E 008 013 6.964e+01
E 010 016 1.931e+01
E 010 018 6.705e+01
E 011 016 6.546e+01
E 011 013 9.309e+01
E 012 013 6.353e+01
E 012 014 6.201e+01
E 013 015 4.610e+01
E 013 017 5.492e+01
E 013 018 6.133e+01
E 014 016 1.746e+01
E 014 017 7.267e+01
E 014 018 6.229e+01
E 014 019 3.635e+01
E 015 016 1.526e+01
E 015 017 7.991e+01
E 015 018 6.263e+01
E 015 019 3.448e+01
E 016 017 6.512e+01
