N 000 019 053 3.657e-01
N 001 051 038 1.278e-02
N 002 052 079 3.505e-01
N 003 028 093 3.922e-01
N 004 096 033 3.173e-02
N 005 032 063 7.461e-01
N 006 008 054 1.912e-01
N 007 023 084 2.142e-01
N 008 005 047 6.672e-01
N 009 059 095 6.063e-01
N 010 049 028 9.098e-01
N 011 021 081 8.448e-01
N 012 002 024 8.843e-01
N 013 026 038 4.770e-01
N 014 068 074 1.162e-01
N 015 097 065 4.654e-01
N 016 022 078 1.810e-01
N 017 056 041 2.890e-01
N 018 079 045 2.113e-01
N 019 092 030 1.957e-02
E 000 002 4.201e+01
E 000 003 4.100e+01
E 000 005 1.640e+01
E 000 007 3.126e+01
E 000 008 1.523e+01
E 000 009 5.800e+01
E 000 015 7.892e+01
E 001 009 5.756e+01
E 001 011 5.243e+01
E 001 004 4.528e+01
E 001 005 3.140e+01
E 001 014 3.981e+01
E 002 004 6.366e+01
E 002 005 2.561e+01
E 002 007 2.943e+01
E 002 008 5.686e+01
E 002 009 1.746e+01
E 002 013 4.855e+01
E 002 018 4.342e+01
E 002 019 6.325e+01
E 003 009 3.106e+01
E 003 017 5.906e+01
E 003 005 3.027e+01
E 003 013 5.504e+01
E 004 006 9.047e+01
E 004 007 8.905e+01
E 004 010 4.727e+01
E 004 011 8.904e+01
E 004 015 3.202e+01
E 005 008 3.138e+01
E 005 010 3.891e+01
E 005 013 2.571e+01
E 005 018 5.033e+01
E 005 019 6.848e+01
E 006 008 7.616e+00
E 006 011 2.997e+01
E 006 012 3.059e+01
E 006 017 4.973e+01
E 006 018 7.157e+01
E 007 008 4.115e+01
E 007 009 3.764e+01
E 008 013 2.285e+01
E 008 015 9.374e+01
E 008 018 7.403e+01
E 009 011 4.050e+01
E 010 017 1.476e+01
E 011 012 6.008e+01
E 011 014 4.752e+01
E 011 015 7.767e+01
E 011 016 3.162e+00
E 011 018 6.826e+01
E 012 013 2.778e+01
E 012 014 8.280e+01
E 012 015 1.035e+02
E 012 016 5.758e+01
E 014 018 3.102e+01
E 014 017 3.511e+01
E 015 016 7.612e+01
E 015 018 2.691e+01
E 017 019 3.764e+01
