N 000 099 075 2.079e-02
N 001 075 060 9.620e-01
N 002 078 026 4.923e-01
N 003 029 099 1.831e-01
N 004 031 047 2.104e-01
N 005 009 074 3.696e-01
N 006 018 028 5.155e-01
N 007 035 012 8.733e-01
N 008 086 010 6.618e-02
N 009 075 090 2.118e-01
N 010 093 076 3.263e-01
N 011 095 000 8.417e-01
N 012 015 018 8.810e-01
N 013 053 048 7.401e-01
N 014 053 012 9.036e-01
N 015 036 032 6.671e-01
N 016 068 059 7.805e-01
N 017 020 019 8.093e-01
N 018 045 060 6.602e-01
N 019 064 061 2.097e-01
E 000 010 6.083e+00
E 000 011 7.511e+01
E 000 014 7.801e+01
E 000 015 7.628e+01
E 000 016 3.489e+01
E 000 019 3.770e+01
E 001 002 3.413e+01
E 001 003 6.031e+01
E 001 008 5.120e+01
E 001 009 3.000e+01
E 001 011 6.325e+01
E 001 013 2.506e+01
E 001 015 4.801e+01
E 001 019 1.105e+01
E 002 005 8.405e+01
E 002 007 4.522e+01
E 002 010 5.220e+01
E 002 012 6.351e+01
E 002 014 2.865e+01
E 002 016 3.448e+01
E 002 018 4.738e+01
E 002 019 3.770e+01
E 003 004 5.204e+01
E 003 005 3.202e+01
E 003 009 4.687e+01
E 003 010 6.801e+01
E 003 013 5.636e+01
E 003 014 9.025e+01
E 003 016 5.587e+01
E 004 005 3.483e+01
E 004 010 6.845e+01
E 004 011 7.940e+01
E 004 014 4.134e+01
E 004 017 3.008e+01
E 004 018 1.910e+01
E 005 006 4.687e+01
E 005 010 8.402e+01
E 005 013 5.111e+01
E 005 019 5.652e+01
E 006 010 8.904e+01
E 006 011 8.193e+01
E 006 013 4.031e+01
E 006 014 3.848e+01
E 006 017 9.220e+00
E 006 019 5.661e+01
E 007 017 1.655e+01
E 007 011 6.119e+01
E 007 013 4.025e+01
E 008 010 6.637e+01
E 008 013 5.033e+01
E 009 013 4.741e+01
E 009 017 8.981e+01
E 011 014 4.368e+01
E 011 017 7.737e+01
E 012 019 6.519e+01
E 013 016 1.860e+01
E 015 018 2.941e+01
E 015 016 4.187e+01
E 015 017 2.062e+01
E 018 019 1.903e+01
