N 000 009 089 5.729e-01
N 001 047 070 1.042e-01
N 002 041 026 9.476e-01
N 003 025 096 5.574e-01
N 004 069 086 9.697e-01
N 005 073 045 2.946e-01
N 006 015 015 9.612e-01
N 007 013 028 3.181e-01
N 008 047 027 2.070e-01
N 009 001 086 8.612e-01
N 010 009 017 8.736e-01
N 011 038 031 8.171e-01
N 012 038 011 7.095e-01
N 013 016 074 7.700e-01
N 014 092 070 1.165e-01
N 015 094 076 3.054e-01
N 016 021 044 6.209e-01
N 017 008 083 9.630e-01
N 018 070 056 1.887e-01
N 019 010 090 8.039e-02
E 000 006 7.424e+01
E 000 010 7.200e+01
E 000 011 6.485e+01
E 000 012 8.322e+01
E 000 013 1.655e+01
E 000 015 8.599e+01
E 000 017 6.083e+00
E 001 002 4.441e+01
E 001 004 2.720e+01
E 001 010 6.522e+01
E 001 012 5.968e+01
E 001 017 4.111e+01
E 001 018 2.693e+01
E 001 019 4.206e+01
E 002 018 4.173e+01
E 002 019 7.111e+01
E 002 006 2.823e+01
E 002 007 2.807e+01
E 003 010 8.060e+01
E 003 011 6.629e+01
E 003 012 8.599e+01
E 003 015 7.184e+01
E 003 016 5.215e+01
E 003 019 1.616e+01
E 004 007 8.062e+01
E 004 008 6.297e+01
E 004 011 6.313e+01
E 004 014 2.802e+01
E 004 015 2.693e+01
E 004 017 6.107e+01
E 004 019 5.914e+01
E 005 008 3.162e+01
E 005 017 7.529e+01
E 005 011 3.770e+01
E 005 012 4.880e+01
E 005 013 6.395e+01
E 006 008 3.418e+01
E 006 009 7.237e+01
E 006 010 6.325e+00
E 006 017 6.836e+01
E 006 018 6.860e+01
E 006 019 7.517e+01
E 007 011 2.518e+01
E 007 013 4.610e+01
E 007 015 9.415e+01
E 007 019 6.207e+01
E 008 012 1.836e+01
E 008 017 6.824e+01
E 010 013 5.743e+01
E 010 019 7.301e+01
E 011 014 6.661e+01
E 011 016 2.140e+01
E 011 018 4.061e+01
E 012 013 6.673e+01
E 012 014 7.998e+01
E 012 016 3.712e+01
E 012 018 5.522e+01
E 013 015 7.803e+01
E 013 018 5.692e+01
E 013 019 1.709e+01
