N 000 092 008 2.930e-01
N 001 018 078 3.546e-01
N 002 046 055 7.542e-01
N 003 052 058 1.856e-01
N 004 005 085 3.350e-02
N 005 055 069 2.737e-01
N 006 069 063 1.346e-01
N 007 023 071 9.062e-01
N 008 080 065 8.156e-02
N 009 031 088 5.353e-01
N 010 076 094 4.955e-01
N 011 050 038 6.396e-01
N 012 040 061 1.820e-01
N 013 014 001 5.508e-01
N 014 017 017 4.765e-01
N 015 026 080 1.154e-01
N 016 001 002 7.484e-02
N 017 040 017 7.329e-01
N 018 030 081 7.592e-01
N 019 041 070 1.842e-01
E 000 009 1.006e+02
E 000 013 7.831e+01
E 000 014 7.554e+01
E 000 015 9.767e+01
E 001 011 5.122e+01
E 001 013 7.710e+01
E 001 005 3.808e+01
E 001 007 8.602e+00
E 002 009 3.625e+01
E 002 011 1.746e+01
E 002 012 8.485e+00
E 003 007 3.178e+01
E 003 009 3.662e+01
E 003 012 1.237e+01
E 003 013 6.851e+01
E 003 014 5.391e+01
E 003 017 4.272e+01
E 004 006 6.768e+01
E 004 009 2.617e+01
E 004 010 7.157e+01
E 004 011 6.507e+01
E 004 012 4.244e+01
E 004 015 2.159e+01
E 004 018 2.532e+01
E 004 019 3.900e+01
E 005 006 1.523e+01
E 005 009 3.061e+01
E 005 011 3.140e+01
E 005 014 6.440e+01
E 005 015 3.102e+01
E 005 019 1.404e+01
E 006 008 1.118e+01
E 006 018 4.295e+01
E 007 010 5.778e+01
E 007 012 1.972e+01
E 007 018 1.221e+01
E 007 019 1.803e+01
E 008 009 5.413e+01
E 008 010 2.927e+01
E 008 016 1.010e+02
E 008 017 6.248e+01
E 008 018 5.250e+01
E 008 019 3.932e+01
E 009 011 5.349e+01
E 009 013 8.865e+01
E 009 015 9.434e+00
E 009 017 7.157e+01
E 009 018 7.071e+00
E 010 019 4.244e+01
E 011 013 5.162e+01
E 011 015 4.837e+01
E 011 019 3.324e+01
E 012 015 2.360e+01
E 012 017 4.400e+01
E 012 019 9.055e+00
E 013 019 7.409e+01
E 014 015 6.364e+01
E 014 016 2.193e+01
E 014 017 2.300e+01
E 015 017 6.454e+01
