N 000 048 040 3.171e-01
N 001 099 082 7.833e-01
N 002 042 088 8.847e-01
N 003 023 030 4.743e-01
N 004 078 021 9.334e-01
N 005 014 011 3.004e-02
N 006 015 040 9.437e-01
N 007 013 018 1.277e-01
N 008 030 030 6.740e-01
N 009 098 061 5.108e-04
N 010 051 043 4.500e-01
N 011 043 062 1.989e-02
N 012 018 064 2.126e-01
N 013 019 019 8.002e-01
N 014 005 022 5.425e-01
N 015 075 080 2.104e-01
N 016 018 031 1.248e-01
N 017 086 042 2.767e-01
N 018 067 075 4.443e-01
N 019 001 090 5.343e-01
E 000 008 2.059e+01
E 000 018 3.982e+01
E 000 019 6.862e+01
E 000 013 3.581e+01
E 000 006 3.300e+01
E 001 003 9.209e+01
E 001 004 6.451e+01
E 001 005 1.108e+02
E 001 006 9.391e+01
E 001 009 2.102e+01
E 001 014 1.115e+02
E 001 016 9.572e+01
E 001 017 4.206e+01
E 002 009 6.217e+01
E 002 018 2.818e+01
E 002 013 7.273e+01
E 002 007 7.577e+01
E 003 005 2.102e+01
E 003 009 8.115e+01
E 003 012 3.437e+01
E 003 015 7.214e+01
E 003 016 5.099e+00
E 003 018 6.294e+01
E 003 019 6.391e+01
E 004 008 4.884e+01
E 004 009 4.472e+01
E 004 013 5.903e+01
E 004 017 2.247e+01
E 004 019 1.034e+02
E 005 010 4.892e+01
E 005 017 7.839e+01
E 006 007 2.209e+01
E 007 008 2.081e+01
E 007 009 9.526e+01
E 007 011 5.325e+01
E 007 012 4.627e+01
E 007 013 6.083e+00
E 007 014 8.944e+00
E 007 015 8.768e+01
E 007 018 7.852e+01
E 008 016 1.204e+01
E 008 018 5.826e+01
E 009 011 5.501e+01
E 009 014 1.008e+02
E 010 017 3.501e+01
E 010 018 3.578e+01
E 010 012 3.912e+01
E 010 013 4.000e+01
E 011 018 2.729e+01
E 012 016 3.300e+01
E 012 019 3.106e+01
E 014 016 1.581e+01
E 014 019 6.812e+01
E 015 019 7.467e+01
E 015 017 3.956e+01
E 016 017 6.888e+01
E 016 019 6.140e+01
E 017 018 3.808e+01
E 017 019 9.762e+01
E 018 019 6.768e+01
