N 000 055 060 7.736e-01
N 001 036 053 4.683e-01
N 002 046 036 1.402e-01
N 003 086 049 2.420e-02
N 004 004 007 3.912e-01
N 005 063 026 8.860e-01
N 006 036 091 4.104e-01
N 007 023 057 5.705e-01
N 008 021 089 2.775e-01
N 009 076 040 4.357e-01
N 010 026 026 4.027e-01
N 011 095 047 6.105e-01
N 012 026 002 2.244e-01
N 013 068 078 9.683e-01
N 014 085 087 9.336e-01
N 015 027 018 6.216e-01
N 016 067 034 6.591e-01
N 017 040 099 2.585e-01
N 018 035 099 1.691e-02
N 019 069 057 5.784e-01
E 000 002 2.563e+01
E 000 003 3.289e+01
E 000 005 3.493e+01
E 000 006 3.636e+01
E 000 007 3.214e+01
E 000 009 2.900e+01
E 000 013 2.220e+01
E 000 018 4.383e+01
E 001 016 3.636e+01
E 001 019 3.324e+01
E 001 015 3.614e+01
E 001 012 5.197e+01
E 001 007 1.360e+01
E 002 017 6.329e+01
E 002 010 2.236e+01
E 002 004 5.104e+01
E 003 006 6.530e+01
E 003 012 7.622e+01
E 003 013 3.413e+01
E 003 015 6.665e+01
E 003 017 6.794e+01
E 003 019 1.879e+01
E 004 006 8.989e+01
E 004 007 5.349e+01
E 004 008 8.374e+01
E 004 011 9.940e+01
E 004 012 2.256e+01
E 004 016 6.854e+01
E 005 010 3.700e+01
E 005 019 3.158e+01
E 005 006 7.038e+01
E 006 012 8.956e+01
E 006 014 4.916e+01
E 006 017 8.944e+00
E 007 008 3.206e+01
E 007 012 5.508e+01
E 008 010 6.320e+01
E 008 012 8.714e+01
E 008 018 1.720e+01
E 008 019 5.769e+01
E 009 011 2.025e+01
E 009 012 6.280e+01
E 009 013 3.883e+01
E 009 014 4.785e+01
E 009 019 1.838e+01
E 010 014 8.486e+01
E 010 015 8.062e+00
E 010 019 5.301e+01
E 011 012 8.238e+01
E 011 015 7.393e+01
E 011 017 7.569e+01
E 011 019 2.786e+01
E 012 014 1.035e+02
E 012 019 6.981e+01
E 013 014 1.924e+01
E 013 016 4.401e+01
E 014 016 5.597e+01
E 014 017 4.657e+01
E 015 016 4.308e+01
E 017 018 5.000e+00
