N 000 001 034 1.569e-01
N 001 092 014 5.140e-01
N 002 093 089 7.456e-02
N 003 054 056 9.790e-02
N 004 024 036 3.833e-01
N 005 035 009 1.220e-01
N 006 099 014 2.862e-01
N 007 093 020 4.036e-01
N 008 051 008 6.272e-01
N 009 002 045 9.557e-01
N 010 002 028 8.264e-01
N 011 094 069 5.477e-02
N 012 087 047 6.877e-01
N 013 016 009 4.014e-01
N 014 098 051 4.226e-01
N 015 035 090 4.023e-01
N 016 026 040 8.519e-01
N 017 019 041 7.858e-01
N 018 001 018 5.476e-01
N 019 008 002 4.706e-03
E 000 001 9.317e+01
E 000 009 1.105e+01
E 000 010 6.083e+00
E 000 012 8.698e+01
E 000 013 2.915e+01
E 000 014 9.848e+01
E 000 016 2.571e+01
E 001 003 5.664e+01
E 001 004 7.147e+01
E 001 005 5.722e+01
E 001 008 4.144e+01
E 001 011 5.504e+01
E 001 015 9.500e+01
E 001 019 8.485e+01
E 002 019 1.216e+02
E 002 014 3.833e+01
E 002 007 6.900e+01
E 003 009 5.315e+01
E 003 010 5.906e+01
E 003 011 4.206e+01
E 003 013 6.044e+01
E 003 014 4.428e+01
E 003 019 7.094e+01
E 004 019 3.758e+01
E 004 011 7.739e+01
E 004 009 2.377e+01
E 004 007 7.083e+01
E 005 010 3.808e+01
E 005 011 8.415e+01
E 005 012 6.440e+01
E 005 013 1.900e+01
E 005 014 7.572e+01
E 005 017 3.578e+01
E 005 019 2.789e+01
E 006 009 1.018e+02
E 006 011 5.523e+01
E 006 012 3.511e+01
E 006 014 3.701e+01
E 006 017 8.443e+01
E 007 013 7.778e+01
E 007 014 3.140e+01
E 007 016 6.992e+01
E 007 017 7.692e+01
E 008 016 4.061e+01
E 008 011 7.463e+01
E 008 012 5.308e+01
E 009 011 9.508e+01
E 009 016 2.452e+01
E 010 012 8.710e+01
E 010 015 7.024e+01
E 010 016 2.683e+01
E 010 017 2.140e+01
E 011 012 2.309e+01
E 011 018 1.061e+02
E 012 016 6.140e+01
E 013 015 8.320e+01
E 013 016 3.257e+01
E 013 019 1.063e+01
E 016 019 4.205e+01
E 018 019 1.746e+01
