N 000 060 087 1.140e-01
N 001 053 029 6.361e-01
N 002 079 031 5.306e-01
N 003 019 049 3.315e-01
N 004 083 006 9.277e-01
N 005 008 043 9.544e-01
N 006 088 006 9.882e-01
N 007 084 003 5.309e-01
N 008 001 034 6.607e-01
N 009 070 037 5.161e-01
N 010 061 079 9.522e-01
N 011 050 017 4.114e-02
N 012 075 043 9.391e-01
N 013 029 073 9.935e-01
N 014 056 075 8.446e-01
N 015 088 017 2.999e-01
N 016 032 032 3.674e-01
N 017 019 000 2.808e-01
N 018 009 098 3.888e-01
N 019 004 084 7.780e-01
E 000 001 5.842e+01
E 000 004 8.420e+01
E 000 006 8.570e+01
E 000 007 8.736e+01
E 000 010 8.062e+00
E 000 012 4.649e+01
E 001 008 5.224e+01
E 001 002 2.608e+01
E 001 018 8.184e+01
E 002 019 9.184e+01
E 002 004 2.532e+01
E 002 006 2.657e+01
E 003 005 1.253e+01
E 003 007 7.963e+01
E 003 008 2.343e+01
E 003 009 5.239e+01
E 003 010 5.161e+01
E 003 011 4.455e+01
E 003 012 5.632e+01
E 003 013 2.600e+01
E 003 016 2.140e+01
E 004 005 8.363e+01
E 004 008 8.665e+01
E 004 010 7.624e+01
E 004 013 8.605e+01
E 004 015 1.208e+01
E 004 016 5.725e+01
E 004 017 6.428e+01
E 004 019 1.110e+02
E 005 006 8.814e+01
E 005 009 6.229e+01
E 005 011 4.940e+01
E 005 014 5.769e+01
E 006 011 3.956e+01
E 006 014 7.606e+01
E 006 016 6.174e+01
E 006 018 1.213e+02
E 007 008 8.860e+01
E 007 009 3.677e+01
E 007 012 4.100e+01
E 007 017 6.507e+01
E 007 019 1.138e+02
E 008 015 8.865e+01
E 008 017 3.847e+01
E 009 012 7.810e+00
E 009 014 4.050e+01
E 009 015 2.691e+01
E 009 018 8.627e+01
E 010 012 3.863e+01
E 010 014 6.403e+00
E 010 018 5.536e+01
E 012 017 7.060e+01
E 012 018 8.591e+01
E 013 019 2.731e+01
E 013 018 3.202e+01
E 014 015 6.624e+01
E 014 017 8.363e+01
E 014 019 5.277e+01
E 015 017 7.106e+01
E 016 017 3.454e+01
