N 000 049 062 6.462e-01
N 001 048 011 3.301e-02
N 002 084 077 8.854e-02
N 003 023 045 9.999e-01
N 004 092 070 3.855e-01
N 005 024 086 6.343e-01
N 006 011 033 4.403e-01
N 007 010 069 8.363e-01
N 008 056 003 7.632e-01
N 009 093 037 5.741e-01
N 010 088 045 6.203e-01
N 011 067 033 7.959e-01
N 012 044 038 1.147e-01
N 013 008 069 5.132e-01
N 014 079 010 7.657e-01
N 015 099 068 6.956e-01
N 016 030 028 7.840e-01
N 017 059 072 6.987e-02
N 018 086 057 7.457e-01
N 019 045 009 9.594e-01
E 000 008 5.941e+01
E 000 016 3.895e+01
E 000 012 2.452e+01
E 000 014 6.003e+01
E 000 017 1.414e+01
E 001 003 4.220e+01
E 001 007 6.934e+01
E 001 008 1.131e+01
E 001 009 5.197e+01
E 001 012 2.729e+01
E 001 013 7.046e+01
E 001 014 3.102e+01
E 001 016 2.476e+01
E 001 019 3.606e+00
E 002 010 3.225e+01
E 002 019 7.839e+01
E 002 015 1.749e+01
E 003 004 7.339e+01
E 003 010 6.500e+01
E 003 011 4.561e+01
E 003 013 2.830e+01
E 003 017 4.500e+01
E 003 018 6.413e+01
E 004 005 6.986e+01
E 004 006 8.905e+01
E 004 007 8.201e+01
E 004 014 6.139e+01
E 004 016 7.489e+01
E 004 017 3.306e+01
E 005 019 7.981e+01
E 005 010 7.601e+01
E 005 011 6.825e+01
E 005 006 5.457e+01
E 006 007 3.601e+01
E 006 008 5.408e+01
E 006 009 8.210e+01
E 006 011 5.600e+01
E 006 014 7.178e+01
E 006 019 4.162e+01
E 007 010 8.161e+01
E 007 012 4.601e+01
E 007 013 2.000e+00
E 007 019 6.946e+01
E 008 013 8.161e+01
E 008 014 2.404e+01
E 008 017 6.907e+01
E 009 010 9.434e+00
E 009 012 4.901e+01
E 009 013 9.082e+01
E 009 015 3.158e+01
E 009 016 6.364e+01
E 010 017 3.962e+01
E 012 013 4.751e+01
E 012 015 6.265e+01
E 013 016 4.653e+01
E 013 019 7.049e+01
E 014 016 5.220e+01
E 015 018 1.703e+01
E 015 017 4.020e+01
E 018 019 6.313e+01
