N 000 052 098 9.971e-01
N 001 093 001 2.181e-01
N 002 070 037 8.312e-01
N 003 013 023 1.015e-01
N 004 008 015 7.945e-02
N 005 007 054 9.108e-01
N 006 015 093 3.509e-02
N 007 071 013 1.792e-01
N 008 046 014 9.656e-01
N 009 034 019 3.173e-01
N 010 058 019 8.465e-01
N 011 051 055 2.518e-01
N 012 077 055 9.652e-01
N 013 076 055 6.987e-01
N 014 063 001 5.202e-01
N 015 060 048 3.915e-01
N 016 079 030 1.199e-01
N 017 016 037 2.465e-01
N 018 064 040 5.725e-01
N 019 004 006 3.375e-01
E 000 001 1.053e+02
E 000 003 8.453e+01
E 000 006 3.734e+01
E 000 007 8.710e+01
E 000 008 8.421e+01
E 000 009 8.102e+01
E 000 010 7.923e+01
E 000 013 4.924e+01
E 000 016 7.316e+01
E 000 019 1.038e+02
E 001 017 8.500e+01
E 001 019 8.914e+01
E 001 005 1.010e+02
E 001 006 1.206e+02
E 002 003 5.869e+01
E 002 004 6.579e+01
E 002 007 2.402e+01
E 002 009 4.025e+01
E 002 012 1.931e+01
E 002 013 1.897e+01
E 002 015 1.487e+01
E 002 018 6.708e+00
E 003 005 3.158e+01
E 003 008 3.421e+01
E 003 011 4.968e+01
E 003 012 7.155e+01
E 003 016 6.637e+01
E 004 005 3.901e+01
E 004 007 6.303e+01
E 004 011 5.873e+01
E 004 012 7.976e+01
E 004 015 6.159e+01
E 004 019 9.849e+00
E 005 013 6.901e+01
E 005 007 7.601e+01
E 006 013 7.187e+01
E 007 011 4.652e+01
E 007 015 3.669e+01
E 007 017 6.001e+01
E 008 019 4.276e+01
E 008 013 5.080e+01
E 008 015 3.677e+01
E 009 010 2.400e+01
E 009 011 3.981e+01
E 009 012 5.608e+01
E 009 017 2.546e+01
E 010 011 3.667e+01
E 010 012 4.071e+01
E 010 014 1.868e+01
E 011 017 3.936e+01
E 012 014 5.579e+01
E 012 017 6.360e+01
E 013 014 5.554e+01
E 013 017 6.264e+01
E 014 019 5.921e+01
E 014 015 4.710e+01
E 015 017 4.535e+01
E 016 017 6.339e+01
E 016 018 1.803e+01
E 017 018 4.809e+01
