N 000 020 081 2.613e-01
N 001 043 009 1.499e-02
N 002 021 064 9.986e-01
N 003 035 028 1.401e-01
N 004 083 084 3.599e-01
N 005 072 087 9.807e-01
N 006 010 086 8.832e-01
N 007 012 056 3.571e-01
N 008 005 067 7.196e-01
N 009 067 049 3.389e-01
N 010 074 000 7.275e-01
N 011 093 006 1.556e-01
N 012 035 081 9.434e-01
N 013 012 016 1.556e-01
N 014 072 006 8.914e-01
N 015 017 093 8.667e-02
N 016 033 055 8.777e-01
N 017 024 035 3.155e-01
N 018 005 064 1.676e-01
N 019 087 068 9.718e-02
E 000 010 9.735e+01
E 000 018 2.267e+01
E 000 004 6.307e+01
E 000 013 6.549e+01
E 001 004 8.500e+01
E 001 008 6.934e+01
E 001 009 4.665e+01
E 001 012 7.244e+01
E 001 013 3.178e+01
E 001 014 2.915e+01
E 001 015 8.793e+01
E 001 017 3.220e+01
E 001 019 7.360e+01
E 002 005 5.595e+01
E 002 009 4.838e+01
E 002 010 8.310e+01
E 002 014 7.723e+01
E 002 015 2.927e+01
E 002 018 1.600e+01
E 003 008 4.920e+01
E 003 016 2.707e+01
E 003 018 4.686e+01
E 003 019 6.560e+01
E 003 015 6.745e+01
E 004 010 8.448e+01
E 004 005 1.140e+01
E 005 007 6.754e+01
E 005 009 3.833e+01
E 005 013 9.296e+01
E 005 015 5.533e+01
E 006 007 3.007e+01
E 006 009 6.796e+01
E 006 012 2.550e+01
E 006 013 7.003e+01
E 006 014 1.012e+02
E 006 017 5.289e+01
E 006 018 2.256e+01
E 007 009 5.544e+01
E 008 012 3.311e+01
E 008 013 5.148e+01
E 008 017 3.722e+01
E 009 012 4.525e+01
E 009 013 6.414e+01
E 009 017 4.522e+01
E 009 019 2.759e+01
E 010 012 8.990e+01
E 010 016 6.860e+01
E 010 017 6.103e+01
E 011 017 7.485e+01
E 011 018 1.054e+02
E 011 019 6.229e+01
E 012 013 6.895e+01
E 012 018 3.448e+01
E 012 019 5.360e+01
E 014 016 6.263e+01
E 014 017 5.608e+01
E 014 018 8.862e+01
E 015 019 7.433e+01
E 016 018 2.941e+01
E 018 019 8.210e+01
