N 000 096 017 6.737e-01
N 001 085 053 9.951e-02
N 002 061 068 9.780e-01
N 003 058 068 7.984e-02
N 004 021 051 9.778e-01
N 005 066 046 4.226e-01
N 006 019 060 5.407e-02
N 007 069 046 5.074e-01
N 008 053 068 8.521e-01
N 009 005 007 4.552e-02
N 010 038 048 3.736e-02
N 011 091 075 6.912e-01
N 012 024 065 8.210e-01
N 013 002 073 7.574e-01
N 014 073 085 3.706e-01
N 015 015 018 8.962e-02
N 016 090 000 8.684e-01
N 017 066 002 1.143e-01
N 018 056 037 7.966e-01
N 019 008 006 3.842e-01
E 000 001 3.764e+01
E 000 010 6.576e+01
E 000 004 8.235e+01
E 000 017 3.354e+01
E 001 002 2.830e+01
E 001 006 6.637e+01
E 001 009 9.228e+01
E 001 011 2.280e+01
E 001 012 6.217e+01
E 001 015 7.826e+01
E 001 017 5.442e+01
E 002 003 3.000e+00
E 002 005 2.256e+01
E 002 007 2.341e+01
E 002 013 5.921e+01
E 002 016 7.393e+01
E 002 019 8.157e+01
E 003 004 4.072e+01
E 003 005 2.341e+01
E 003 008 5.000e+00
E 003 009 8.081e+01
E 003 012 3.413e+01
E 003 014 2.267e+01
E 003 016 7.515e+01
E 003 019 7.965e+01
E 004 008 3.624e+01
E 004 010 1.726e+01
E 004 012 1.432e+01
E 004 014 6.213e+01
E 004 015 3.354e+01
E 004 018 3.770e+01
E 005 006 4.904e+01
E 005 007 3.000e+00
E 005 013 6.946e+01
E 005 016 5.188e+01
E 005 018 1.345e+01
E 005 019 7.046e+01
E 006 012 7.071e+00
E 006 013 2.140e+01
E 006 015 4.219e+01
E 006 016 9.296e+01
E 007 008 2.720e+01
E 007 014 3.920e+01
E 008 010 2.500e+01
E 008 011 3.864e+01
E 008 017 6.727e+01
E 008 019 7.661e+01
E 009 011 1.096e+02
E 009 018 5.917e+01
E 009 015 1.487e+01
E 010 011 5.948e+01
E 010 015 3.780e+01
E 010 019 5.161e+01
E 011 013 8.902e+01
E 011 016 7.501e+01
E 011 018 5.166e+01
E 013 016 1.143e+02
E 014 019 1.023e+02
E 015 019 1.389e+01
E 016 017 2.408e+01
