N 000 013 064 7.470e-01
N 001 059 026 7.767e-01
N 002 079 047 2.401e-01
N 003 031 097 1.399e-01
N 004 085 098 4.427e-01
N 005 071 024 3.301e-01
N 006 025 068 9.631e-02
N 007 036 092 5.922e-01
N 008 088 085 9.245e-01
N 009 065 071 1.498e-01
N 010 062 045 5.322e-01
N 011 005 045 8.081e-01
N 012 001 040 1.940e-01
N 013 073 058 9.758e-01
N 014 003 072 5.912e-01
N 015 003 059 5.147e-01
N 016 080 048 6.480e-01
N 017 074 061 8.340e-01
N 018 099 019 8.758e-02
N 019 027 065 9.488e-01
E 000 010 5.255e+01
E 000 003 3.759e+01
E 000 014 1.281e+01
E 000 006 1.265e+01
E 000 007 3.624e+01
E 001 002 2.900e+01
E 001 004 7.655e+01
E 001 007 6.989e+01
E 001 008 6.574e+01
E 001 010 1.924e+01
E 001 011 5.725e+01
E 001 012 5.967e+01
E 001 018 4.061e+01
E 001 019 5.045e+01
E 002 010 1.712e+01
E 002 003 6.931e+01
E 002 007 6.224e+01
E 003 004 5.401e+01
E 003 005 8.324e+01
E 003 006 2.961e+01
E 003 008 5.825e+01
E 003 015 4.720e+01
E 003 018 1.035e+02
E 004 005 7.531e+01
E 004 007 4.937e+01
E 004 013 4.176e+01
E 004 014 8.602e+01
E 004 015 9.080e+01
E 004 016 5.025e+01
E 004 019 6.673e+01
E 005 007 7.648e+01
E 005 010 2.285e+01
E 005 012 7.181e+01
E 005 016 2.563e+01
E 005 017 3.712e+01
E 006 018 8.875e+01
E 007 008 5.247e+01
E 007 009 3.581e+01
E 007 012 6.268e+01
E 007 014 3.859e+01
E 008 010 4.771e+01
E 008 014 8.599e+01
E 008 017 2.778e+01
E 008 019 6.420e+01
E 009 017 1.345e+01
E 009 011 6.539e+01
E 009 012 7.111e+01
E 009 013 1.526e+01
E 010 014 6.488e+01
E 010 018 4.522e+01
E 011 016 7.506e+01
E 011 019 2.973e+01
E 011 012 6.403e+00
E 012 013 7.422e+01
E 012 017 7.596e+01
E 013 017 3.162e+00
E 013 015 7.001e+01
E 014 015 1.300e+01
E 015 016 7.778e+01
E 015 019 2.474e+01
