N 000 088 080 1.091e-01
N 001 081 012 4.029e-02
N 002 055 011 8.320e-01
N 003 045 041 9.068e-01
N 004 021 090 7.618e-01
N 005 036 018 2.353e-01
N 006 053 043 3.230e-01
N 007 098 095 6.308e-01
N 008 030 037 5.226e-02
N 009 084 090 6.881e-01
N 010 066 071 2.264e-01
N 011 063 003 2.159e-01
N 012 024 091 5.065e-01
N 013 095 025 7.410e-02
N 014 030 049 7.575e-01
N 015 036 079 1.592e-01
N 016 031 054 3.656e-01
N 017 050 068 4.152e-01
N 018 036 045 9.667e-01
N 019 020 014 1.703e-01
E 000 012 6.494e+01
E 000 004 6.774e+01
E 000 006 5.093e+01
E 000 015 5.201e+01
E 001 002 2.602e+01
E 001 003 4.623e+01
E 001 004 9.841e+01
E 001 005 4.540e+01
E 001 012 9.742e+01
E 001 016 6.530e+01
E 001 017 6.401e+01
E 001 018 5.580e+01
E 002 005 2.025e+01
E 002 007 9.437e+01
E 002 009 8.415e+01
E 002 010 6.100e+01
E 002 011 1.131e+01
E 002 013 4.238e+01
E 002 015 7.060e+01
E 003 010 3.662e+01
E 003 013 5.250e+01
E 004 018 4.743e+01
E 005 006 3.023e+01
E 005 010 6.090e+01
E 005 011 3.089e+01
E 005 012 7.398e+01
E 005 015 6.100e+01
E 005 017 5.192e+01
E 005 018 2.700e+01
E 006 019 4.393e+01
E 006 011 4.123e+01
E 006 015 3.981e+01
E 007 016 7.855e+01
E 007 019 1.124e+02
E 007 018 7.965e+01
E 007 013 7.006e+01
E 008 009 7.566e+01
E 008 010 4.952e+01
E 008 019 2.508e+01
E 008 017 3.689e+01
E 009 013 6.592e+01
E 009 014 6.780e+01
E 009 015 4.924e+01
E 009 017 4.050e+01
E 009 019 9.936e+01
E 010 011 6.807e+01
E 010 013 5.438e+01
E 010 014 4.219e+01
E 010 018 3.970e+01
E 010 019 7.325e+01
E 011 012 9.625e+01
E 011 013 3.883e+01
E 011 017 6.629e+01
E 014 018 7.211e+00
E 014 015 3.059e+01
E 015 016 2.550e+01
E 015 018 3.400e+01
E 016 019 4.148e+01
E 016 017 2.360e+01
E 017 019 6.177e+01
