N 000 072 081 3.016e-01
N 001 088 060 4.818e-01
N 002 088 080 8.492e-01
N 003 000 016 5.843e-01
N 004 000 055 1.426e-01
N 005 083 085 6.153e-01
N 006 075 042 1.695e-01
N 007 011 077 1.321e-01
N 008 036 071 3.999e-01
N 009 042 085 3.843e-01
N 010 072 075 2.963e-01
N 011 010 004 9.558e-02
N 012 082 078 7.955e-01
N 013 002 036 3.174e-01
N 014 023 087 7.945e-01
N 015 027 050 5.228e-01
N 016 012 059 7.365e-02
N 017 057 023 3.519e-02
N 018 023 018 6.370e-01
N 019 094 026 3.503e-01
E 000 001 2.640e+01
E 000 003 9.700e+01
E 000 004 7.655e+01
E 000 006 3.912e+01
E 000 007 6.113e+01
E 000 010 6.000e+00
E 000 013 8.322e+01
E 000 017 5.991e+01
E 000 019 5.924e+01
E 001 008 5.315e+01
E 001 002 2.000e+01
E 001 018 7.739e+01
E 001 017 4.827e+01
E 002 006 4.016e+01
E 002 008 5.277e+01
E 002 012 6.325e+00
E 002 015 6.798e+01
E 002 016 7.885e+01
E 002 017 6.488e+01
E 003 005 1.079e+02
E 003 008 6.573e+01
E 003 011 1.562e+01
E 003 017 5.743e+01
E 003 018 2.309e+01
E 004 017 6.537e+01
E 004 005 8.826e+01
E 004 013 1.910e+01
E 005 011 1.090e+02
E 005 012 7.071e+00
E 005 013 9.467e+01
E 006 008 4.860e+01
E 006 012 3.667e+01
E 006 013 7.325e+01
E 006 016 6.525e+01
E 006 017 2.617e+01
E 006 019 2.484e+01
E 007 009 3.202e+01
E 007 011 7.301e+01
E 007 017 7.094e+01
E 008 011 7.187e+01
E 008 012 4.653e+01
E 008 013 4.880e+01
E 008 017 5.239e+01
E 008 019 7.341e+01
E 009 018 6.964e+01
E 009 012 4.061e+01
E 009 013 6.325e+01
E 010 013 8.013e+01
E 010 015 5.148e+01
E 011 013 3.298e+01
E 011 015 4.904e+01
E 012 016 7.253e+01
E 012 017 6.042e+01
E 013 019 9.254e+01
E 014 015 3.722e+01
E 015 016 1.749e+01
E 015 017 4.036e+01
E 015 018 3.225e+01
E 016 017 5.763e+01
E 018 019 7.145e+01
