N 000 099 095 1.068e-01
N 001 069 026 6.379e-02
N 002 002 081 9.914e-01
N 003 029 075 6.486e-01
N 004 087 079 2.137e-01
N 005 094 087 9.442e-01
N 006 057 097 8.474e-01
N 007 060 075 1.205e-02
N 008 014 029 4.911e-01
N 009 045 027 3.817e-02
N 010 058 098 2.062e-01
N 011 042 006 2.925e-02
N 012 051 013 9.291e-01
N 013 056 028 6.852e-01
N 014 076 080 8.433e-01
N 015 077 076 6.940e-01
N 016 061 048 3.189e-01
N 017 095 002 1.647e-02
N 018 006 056 6.447e-01
N 019 015 059 2.038e-01
E 000 006 4.205e+01
E 000 008 1.076e+02
E 000 009 8.683e+01
E 000 011 1.057e+02
E 000 012 9.502e+01
E 000 014 2.746e+01
E 001 002 8.668e+01
E 001 003 6.325e+01
E 001 004 5.597e+01
E 001 006 7.201e+01
E 001 011 3.360e+01
E 001 013 1.315e+01
E 001 017 3.538e+01
E 002 005 9.220e+01
E 002 010 5.852e+01
E 002 012 8.382e+01
E 002 015 7.517e+01
E 002 018 2.532e+01
E 002 019 2.555e+01
E 003 008 4.838e+01
E 003 019 2.126e+01
E 003 017 9.841e+01
E 003 007 3.100e+01
E 004 005 1.063e+01
E 004 010 3.467e+01
E 004 011 8.576e+01
E 004 012 7.518e+01
E 004 013 5.968e+01
E 005 011 9.625e+01
E 005 013 7.018e+01
E 006 010 1.414e+00
E 006 016 4.916e+01
E 007 008 6.505e+01
E 007 017 8.096e+01
E 007 019 4.776e+01
E 008 019 3.002e+01
E 008 012 4.031e+01
E 009 019 4.386e+01
E 009 011 2.121e+01
E 009 013 1.105e+01
E 010 011 9.338e+01
E 010 014 2.546e+01
E 010 015 2.907e+01
E 010 018 6.684e+01
E 011 014 8.144e+01
E 011 015 7.826e+01
E 011 017 5.315e+01
E 011 018 6.161e+01
E 012 014 7.151e+01
E 012 015 6.815e+01
E 012 019 5.841e+01
E 013 014 5.571e+01
E 013 016 2.062e+01
E 013 018 5.731e+01
E 013 019 5.140e+01
E 014 015 4.123e+00
E 014 019 6.451e+01
E 016 017 5.720e+01
E 016 018 5.558e+01
E 017 019 9.823e+01
