N 000 068 009 2.252e-01
N 001 020 078 6.703e-01
N 002 080 074 2.531e-02
N 003 033 067 6.166e-02
N 004 033 017 7.753e-01
N 005 012 068 5.266e-01
N 006 031 036 8.053e-01
N 007 036 031 1.345e-01
N 008 070 087 5.906e-01
N 009 070 070 9.862e-01
N 010 012 079 2.228e-02
N 011 040 091 8.273e-01
N 012 003 080 8.536e-01
N 013 044 014 4.604e-01
N 014 093 070 7.359e-01
N 015 057 066 3.282e-01
N 016 048 014 2.149e-01
N 017 019 074 1.088e-01
N 018 088 025 1.652e-02
N 019 003 086 8.302e-03
E 000 011 8.665e+01
E 000 009 6.103e+01
E 000 003 6.774e+01
E 000 012 9.626e+01
E 000 007 3.883e+01
E 001 004 6.237e+01
E 001 008 5.080e+01
E 001 013 6.835e+01
E 001 014 7.344e+01
E 001 016 6.986e+01
E 001 018 8.621e+01
E 002 008 1.640e+01
E 002 009 1.077e+01
E 002 014 1.360e+01
E 002 016 6.800e+01
E 002 017 6.100e+01
E 002 019 7.793e+01
E 003 016 5.508e+01
E 003 019 3.551e+01
E 003 006 3.106e+01
E 003 007 3.612e+01
E 004 005 5.515e+01
E 004 008 7.918e+01
E 004 010 6.546e+01
E 004 012 6.978e+01
E 004 019 7.524e+01
E 005 009 5.803e+01
E 005 011 3.624e+01
E 005 012 1.500e+01
E 005 014 8.102e+01
E 005 015 4.504e+01
E 006 010 4.701e+01
E 006 018 5.805e+01
E 006 014 7.071e+01
E 007 009 5.174e+01
E 007 011 6.013e+01
E 007 012 5.908e+01
E 007 014 6.907e+01
E 007 017 4.624e+01
E 007 019 6.414e+01
E 008 013 7.749e+01
E 008 014 2.860e+01
E 008 015 2.470e+01
E 008 016 7.624e+01
E 009 017 5.116e+01
E 010 016 7.430e+01
E 010 017 8.602e+00
E 011 012 3.860e+01
E 012 014 9.055e+01
E 012 016 7.988e+01
E 012 017 1.709e+01
E 013 014 7.441e+01
E 014 015 3.622e+01
E 014 016 7.184e+01
E 014 017 7.411e+01
E 015 017 3.883e+01
E 015 019 5.758e+01
E 016 017 6.664e+01
E 017 019 2.000e+01
E 018 019 1.046e+02
