N 000 061 068 9.431e-01
N 001 016 022 1.671e-01
N 002 089 047 9.644e-01
N 003 078 087 4.274e-01
N 004 095 083 3.722e-01
N 005 015 074 5.463e-01
N 006 067 095 3.505e-02
N 007 027 025 2.260e-01
N 008 034 056 2.403e-01
N 009 062 034 8.229e-01
N 010 047 056 6.012e-01
N 011 069 038 6.849e-01
N 012 084 070 9.282e-01
N 013 043 095 9.377e-01
N 014 046 051 4.561e-01
N 015 051 073 5.353e-01
N 016 056 086 1.489e-01
N 017 063 052 2.887e-01
N 018 053 074 5.645e-01
N 019 021 031 1.512e-01
E 000 003 2.550e+01
E 000 004 3.716e+01
E 000 006 2.766e+01
E 000 007 5.482e+01
E 000 013 3.245e+01
E 000 014 2.267e+01
E 000 015 1.118e+01
E 001 002 7.716e+01
E 001 006 8.905e+01
E 001 011 5.536e+01
E 001 013 7.783e+01
E 001 015 6.185e+01
E 001 017 5.576e+01
E 001 018 6.382e+01
E 002 003 4.148e+01
E 002 004 3.650e+01
E 002 009 2.997e+01
E 002 010 4.295e+01
E 002 011 2.193e+01
E 002 018 4.500e+01
E 002 019 6.986e+01
E 003 005 6.433e+01
E 003 007 8.028e+01
E 003 010 4.384e+01
E 003 019 7.991e+01
E 004 009 5.908e+01
E 004 018 4.295e+01
E 005 011 6.490e+01
E 005 009 6.172e+01
E 005 019 4.342e+01
E 005 015 3.601e+01
E 006 007 8.062e+01
E 006 008 5.109e+01
E 006 009 6.120e+01
E 006 014 4.875e+01
E 006 017 4.319e+01
E 006 018 2.524e+01
E 007 009 3.614e+01
E 007 017 4.500e+01
E 008 009 3.561e+01
E 008 018 2.617e+01
E 008 011 3.936e+01
E 008 017 2.927e+01
E 010 011 2.843e+01
E 010 013 3.920e+01
E 010 014 5.099e+00
E 010 015 1.746e+01
E 010 017 1.649e+01
E 012 017 2.766e+01
E 012 013 4.802e+01
E 013 014 4.410e+01
E 013 016 1.581e+01
E 013 017 4.742e+01
E 013 018 2.326e+01
E 013 019 6.768e+01
E 014 018 2.404e+01
E 015 016 1.393e+01
E 015 017 2.419e+01
E 016 017 3.471e+01
E 016 019 6.519e+01
