N 000 075 083 1.869e-01
N 001 030 080 8.093e-02
N 002 091 033 7.983e-01
N 003 047 037 2.684e-01
N 004 094 036 3.023e-02
N 005 038 010 2.661e-01
N 006 053 022 7.625e-01
N 007 086 079 8.833e-01
N 008 012 034 7.446e-01
N 009 035 077 2.003e-01
N 010 097 060 7.081e-01
N 011 004 042 2.305e-02
N 012 017 049 2.448e-01
N 013 032 092 3.459e-01
N 014 090 015 4.875e-01
N 015 009 096 6.857e-01
N 016 080 024 3.874e-01
N 017 047 089 5.796e-01
N 018 010 050 5.262e-02
N 019 035 028 4.321e-01
E 000 001 4.510e+01
E 000 002 5.250e+01
E 000 003 5.385e+01
E 000 005 8.184e+01
E 000 007 1.170e+01
E 000 009 4.045e+01
E 000 010 3.183e+01
E 000 013 4.393e+01
E 000 015 6.727e+01
E 000 019 6.801e+01
E 001 011 4.604e+01
E 001 013 1.217e+01
E 001 014 8.846e+01
E 001 015 2.640e+01
E 001 016 7.507e+01
E 002 005 5.778e+01
E 002 008 7.901e+01
E 002 009 7.122e+01
E 002 010 2.766e+01
E 002 011 8.746e+01
E 002 015 1.034e+02
E 002 016 1.421e+01
E 002 018 8.276e+01
E 002 019 5.622e+01
E 003 017 5.200e+01
E 003 013 5.701e+01
E 003 006 1.616e+01
E 004 008 8.202e+01
E 004 015 1.040e+02
E 004 013 8.355e+01
E 004 014 2.138e+01
E 004 007 4.374e+01
E 005 006 1.921e+01
E 005 011 4.669e+01
E 005 016 4.427e+01
E 005 017 7.951e+01
E 006 011 5.292e+01
E 006 007 6.586e+01
E 007 008 8.661e+01
E 007 009 5.104e+01
E 007 011 8.996e+01
E 007 013 5.554e+01
E 007 016 5.533e+01
E 007 018 8.134e+01
E 007 019 7.212e+01
E 008 012 1.581e+01
E 008 013 6.135e+01
E 008 016 6.873e+01
E 008 019 2.377e+01
E 009 012 3.329e+01
E 009 016 6.953e+01
E 009 018 3.680e+01
E 009 019 4.900e+01
E 010 011 9.473e+01
E 010 015 9.508e+01
E 012 014 8.053e+01
E 013 014 9.640e+01
E 013 016 8.323e+01
E 013 017 1.530e+01
E 015 016 1.011e+02
