N 000 077 044 3.220e-01
N 001 094 051 9.088e-02
N 002 037 078 8.243e-01
N 003 036 015 3.963e-01
N 004 038 064 3.042e-01
N 005 033 001 7.729e-02
N 006 038 032 3.483e-01
N 007 040 065 9.291e-01
N 008 000 039 6.680e-01
N 009 004 038 2.300e-01
N 010 007 065 9.037e-01
N 011 028 080 3.115e-01
N 012 088 090 4.564e-01
N 013 033 012 9.834e-01
N 014 003 042 2.483e-01
N 015 068 001 8.718e-01
N 016 025 072 3.136e-01
N 017 088 010 3.484e-01
N 018 012 091 7.033e-01
N 019 063 040 1.459e-03
E 000 017 3.574e+01
E 000 003 5.022e+01
E 000 005 6.152e+01
E 000 006 4.080e+01
E 000 007 4.254e+01
E 001 006 5.914e+01
E 001 007 5.579e+01
E 001 008 9.476e+01
E 001 010 8.812e+01
E 001 013 7.240e+01
E 001 016 7.212e+01
E 001 018 9.124e+01
E 002 016 1.342e+01
E 002 017 8.500e+01
E 002 018 2.818e+01
E 002 015 8.301e+01
E 002 007 1.334e+01
E 003 016 5.805e+01
E 003 018 7.970e+01
E 003 004 4.904e+01
E 003 006 1.712e+01
E 004 010 3.102e+01
E 004 012 5.636e+01
E 004 018 3.748e+01
E 004 007 2.236e+00
E 005 006 3.140e+01
E 005 010 6.908e+01
E 005 011 7.916e+01
E 005 014 5.080e+01
E 005 015 3.500e+01
E 006 009 3.453e+01
E 006 010 4.528e+01
E 006 014 3.640e+01
E 006 015 4.314e+01
E 006 016 4.206e+01
E 006 017 5.463e+01
E 006 019 2.625e+01
E 007 008 4.771e+01
E 007 016 1.655e+01
E 008 009 4.123e+00
E 008 010 2.693e+01
E 008 011 4.965e+01
E 008 015 7.790e+01
E 009 010 2.717e+01
E 009 012 9.879e+01
E 009 015 7.393e+01
E 009 018 5.360e+01
E 009 019 5.903e+01
E 010 014 2.335e+01
E 010 015 8.841e+01
E 010 017 9.791e+01
E 010 018 2.648e+01
E 011 012 6.083e+01
E 011 014 4.549e+01
E 011 015 8.855e+01
E 013 016 6.053e+01
E 015 018 1.060e+02
E 016 018 2.302e+01
E 017 019 3.905e+01
E 018 019 7.212e+01
