N 000 073 026 5.663e-01
N 001 055 069 2.299e-01
N 002 086 049 9.769e-01
N 003 000 096 6.702e-01
N 004 013 000 3.469e-01
N 005 082 001 2.536e-01
N 006 095 053 9.100e-01
N 007 034 082 3.945e-01
N 008 005 077 6.900e-01
N 009 067 016 8.748e-01
N 010 028 000 8.780e-01
N 011 008 032 8.566e-01
N 012 048 082 1.317e-02
N 013 037 014 8.793e-01
N 014 080 035 3.558e-01
N 015 089 089 4.875e-01
N 016 085 040 4.228e-01
N 017 055 022 6.432e-01
N 018 030 012 9.341e-01
N 019 073 045 4.385e-03
E 000 010 5.197e+01
E 000 019 1.900e+01
E 000 012 6.133e+01
E 000 015 6.500e+01
E 001 004 8.078e+01
E 001 006 4.308e+01
E 001 009 5.434e+01
E 001 014 4.220e+01
E 001 015 3.945e+01
E 001 016 4.173e+01
E 002 016 9.055e+00
E 002 011 7.983e+01
E 002 013 6.022e+01
E 002 015 4.011e+01
E 003 006 1.043e+02
E 003 008 1.965e+01
E 003 009 1.044e+02
E 003 011 6.450e+01
E 003 015 8.927e+01
E 003 016 1.018e+02
E 003 017 9.220e+01
E 003 018 8.920e+01
E 003 019 8.905e+01
E 004 008 7.741e+01
E 004 010 1.500e+01
E 004 018 2.081e+01
E 004 007 8.465e+01
E 005 019 4.491e+01
E 005 009 2.121e+01
E 005 011 8.023e+01
E 005 006 5.360e+01
E 005 015 8.828e+01
E 006 007 6.754e+01
E 006 008 9.315e+01
E 006 014 2.343e+01
E 007 019 5.376e+01
E 007 009 7.379e+01
E 007 011 5.636e+01
E 008 014 8.596e+01
E 008 015 8.485e+01
E 008 016 8.814e+01
E 008 018 6.964e+01
E 009 011 6.113e+01
E 009 018 3.722e+01
E 009 019 2.961e+01
E 011 013 3.413e+01
E 011 015 9.905e+01
E 011 016 7.741e+01
E 011 018 2.973e+01
E 011 019 6.629e+01
E 012 016 5.597e+01
E 012 018 7.228e+01
E 012 017 6.041e+01
E 012 015 4.159e+01
E 013 016 5.459e+01
E 013 017 1.970e+01
E 013 018 7.280e+00
E 015 016 4.916e+01
E 017 019 2.921e+01
E 018 019 5.420e+01
