N 000 045 052 6.872e-01
N 001 063 018 1.976e-02
N 002 089 074 3.724e-01
N 003 054 003 8.856e-02
N 004 094 088 2.796e-01
N 005 021 057 4.962e-01
N 006 021 063 8.882e-01
N 007 074 021 8.501e-01
N 008 097 095 2.200e-01
N 009 025 055 8.361e-01
N 010 057 002 6.964e-01
N 011 017 080 6.330e-01
N 012 039 051 3.977e-01
N 013 015 052 8.226e-01
N 014 053 036 9.162e-02
N 015 072 010 9.172e-01
N 016 010 014 3.416e-01
N 017 026 074 4.845e-01
N 018 022 033 3.700e-01
N 019 011 089 6.879e-01
E 000 002 4.919e+01
E 000 003 4.982e+01
E 000 007 4.245e+01
E 000 008 6.748e+01
E 000 014 1.789e+01
E 000 017 2.907e+01
E 001 002 6.174e+01
E 001 003 1.749e+01
E 001 015 1.204e+01
E 002 003 7.916e+01
E 002 006 6.888e+01
E 002 010 7.879e+01
E 002 013 7.720e+01
E 002 014 5.235e+01
E 003 004 9.394e+01
E 003 005 6.329e+01
E 003 008 1.016e+02
E 003 009 5.954e+01
E 003 010 3.162e+00
E 003 012 5.029e+01
E 003 014 3.302e+01
E 003 015 1.931e+01
E 003 016 4.535e+01
E 004 005 7.931e+01
E 004 006 7.716e+01
E 004 008 7.616e+00
E 004 014 6.622e+01
E 004 015 8.104e+01
E 004 019 8.301e+01
E 005 012 1.897e+01
E 005 013 7.810e+00
E 005 015 6.935e+01
E 006 007 6.762e+01
E 006 009 8.944e+00
E 006 011 1.746e+01
E 006 013 1.253e+01
E 006 014 4.187e+01
E 006 015 7.355e+01
E 007 014 2.581e+01
E 007 015 1.118e+01
E 008 014 7.360e+01
E 008 015 8.860e+01
E 009 018 2.220e+01
E 010 017 7.839e+01
E 010 013 6.530e+01
E 010 015 1.700e+01
E 011 017 1.082e+01
E 011 018 4.727e+01
E 012 017 2.642e+01
E 012 013 2.402e+01
E 013 014 4.123e+01
E 013 016 3.833e+01
E 013 018 2.025e+01
E 014 015 3.220e+01
E 014 016 4.830e+01
E 015 016 6.213e+01
E 015 017 7.882e+01
E 016 017 6.210e+01
E 016 018 2.247e+01
E 018 019 5.707e+01
