N 000 001 009 5.627e-01
N 001 083 027 7.270e-02
N 002 057 002 9.493e-01
N 003 028 003 3.393e-01
N 004 018 034 5.972e-01
N 005 074 052 8.116e-01
N 006 091 044 2.776e-01
N 007 040 065 1.067e-01
N 008 026 063 8.374e-01
N 009 092 098 5.395e-01
N 010 016 023 4.674e-01
N 011 087 087 7.404e-01
N 012 056 089 4.643e-01
N 013 048 060 2.843e-01
N 014 029 044 7.035e-02
N 015 062 027 8.846e-01
N 016 024 092 8.698e-01
N 017 045 080 3.696e-01
N 018 052 095 3.636e-01
N 019 051 093 4.508e-01
E 000 019 9.775e+01
E 000 001 8.395e+01
E 000 002 5.644e+01
E 000 011 1.161e+02
E 000 015 6.360e+01
E 001 002 3.607e+01
E 001 003 6.001e+01
E 001 012 6.762e+01
E 001 017 6.522e+01
E 001 019 7.335e+01
E 002 003 2.902e+01
E 002 006 5.404e+01
E 002 007 6.525e+01
E 002 018 9.313e+01
E 003 005 6.721e+01
E 003 006 7.517e+01
E 003 010 2.332e+01
E 003 018 9.508e+01
E 003 019 9.289e+01
E 004 005 5.882e+01
E 004 007 3.801e+01
E 004 010 1.118e+01
E 004 014 1.487e+01
E 004 017 5.334e+01
E 004 019 6.760e+01
E 005 017 4.031e+01
E 005 013 2.720e+01
E 006 013 4.588e+01
E 006 014 6.200e+01
E 006 016 8.242e+01
E 006 018 6.420e+01
E 007 010 4.837e+01
E 007 011 5.189e+01
E 007 012 2.884e+01
E 007 014 2.371e+01
E 007 017 1.581e+01
E 007 018 3.231e+01
E 007 019 3.008e+01
E 008 009 7.471e+01
E 008 019 3.905e+01
E 008 017 2.550e+01
E 008 015 5.091e+01
E 009 016 6.826e+01
E 010 015 4.617e+01
E 011 016 6.320e+01
E 011 019 3.650e+01
E 011 012 3.106e+01
E 012 016 3.214e+01
E 012 017 1.421e+01
E 013 016 4.000e+01
E 013 017 2.022e+01
E 013 018 3.523e+01
E 013 019 3.314e+01
E 014 016 4.826e+01
E 015 016 7.529e+01
E 015 018 6.873e+01
E 015 019 6.691e+01
E 016 017 2.419e+01
E 016 019 2.702e+01
E 018 019 2.236e+00
