N 000 048 052 4.384e-01
N 001 072 099 7.834e-02
N 002 011 090 1.293e-01
N 003 040 059 1.598e-02
N 004 093 046 8.444e-01
N 005 083 006 7.154e-01
N 006 018 020 8.038e-01
N 007 040 020 3.075e-01
N 008 050 040 5.732e-01
N 009 061 045 2.581e-01
N 010 014 086 2.665e-01
N 011 079 086 7.774e-01
N 012 013 016 2.744e-01
N 013 030 071 5.458e-01
N 014 018 089 4.975e-02
N 015 017 065 2.123e-01
N 016 084 025 5.762e-01
N 017 020 030 2.106e-01
N 018 068 061 1.449e-01
N 019 004 031 7.235e-01
E 000 001 5.277e+01
E 000 002 5.304e+01
E 000 005 5.780e+01
E 000 006 4.386e+01
E 000 007 3.298e+01
E 000 010 4.808e+01
E 000 015 3.362e+01
E 000 017 3.561e+01
E 001 018 3.821e+01
E 001 003 5.122e+01
E 001 005 9.365e+01
E 001 006 9.569e+01
E 002 008 6.341e+01
E 002 013 2.687e+01
E 002 006 7.035e+01
E 003 008 2.147e+01
E 003 012 5.077e+01
E 003 006 4.478e+01
E 003 016 5.561e+01
E 004 009 3.202e+01
E 004 014 8.645e+01
E 004 006 7.938e+01
E 004 015 7.834e+01
E 005 009 4.478e+01
E 005 010 1.056e+02
E 005 011 8.010e+01
E 005 013 8.387e+01
E 005 017 6.742e+01
E 005 018 5.701e+01
E 006 012 6.403e+00
E 007 008 2.236e+01
E 007 010 7.094e+01
E 007 014 7.242e+01
E 007 016 4.428e+01
E 007 018 4.965e+01
E 008 009 1.208e+01
E 008 010 5.841e+01
E 008 011 5.438e+01
E 008 016 3.716e+01
E 008 018 2.766e+01
E 009 018 1.746e+01
E 009 014 6.152e+01
E 010 012 7.001e+01
E 010 017 5.632e+01
E 011 014 6.107e+01
E 011 016 6.120e+01
E 011 017 8.134e+01
E 011 018 2.731e+01
E 012 014 7.317e+01
E 012 018 7.106e+01
E 012 019 1.749e+01
E 013 019 4.771e+01
E 013 017 4.220e+01
E 013 018 3.929e+01
E 014 015 2.402e+01
E 014 016 9.193e+01
E 014 017 5.903e+01
E 014 018 5.731e+01
E 015 017 3.513e+01
E 016 018 3.940e+01
