N 000 021 080 3.545e-01
N 001 088 054 1.276e-01
N 002 088 033 9.381e-01
N 003 042 013 4.950e-02
N 004 080 088 1.825e-01
N 005 002 072 3.045e-01
N 006 098 022 5.222e-01
N 007 039 007 4.274e-01
N 008 097 033 9.259e-01
N 009 086 052 4.545e-01
N 010 085 087 2.332e-01
N 011 042 069 6.810e-01
N 012 020 024 3.171e-01
N 013 048 092 6.870e-02
N 014 071 013 5.606e-01
N 015 029 019 6.189e-01
N 016 001 040 7.913e-01
N 017 085 031 8.827e-01
N 018 008 033 7.141e-01
N 019 034 091 1.026e-01
E 000 016 4.472e+01
E 000 002 8.184e+01
E 000 011 2.371e+01
E 000 013 2.955e+01
E 000 014 8.360e+01
E 001 002 2.100e+01
E 001 004 3.493e+01
E 001 006 3.353e+01
E 001 010 3.314e+01
E 001 013 5.517e+01
E 001 015 6.860e+01
E 001 019 6.546e+01
E 002 013 7.128e+01
E 002 014 2.625e+01
E 002 015 6.064e+01
E 002 016 8.728e+01
E 003 006 5.672e+01
E 003 009 5.880e+01
E 003 014 2.900e+01
E 003 015 1.432e+01
E 003 016 4.909e+01
E 003 018 3.945e+01
E 003 019 7.841e+01
E 004 008 5.757e+01
E 004 012 8.773e+01
E 004 014 7.554e+01
E 005 010 8.434e+01
E 005 011 4.011e+01
E 006 011 7.311e+01
E 006 013 8.602e+01
E 006 017 1.581e+01
E 006 018 9.067e+01
E 006 019 9.411e+01
E 007 016 5.033e+01
E 007 019 8.415e+01
E 007 018 4.046e+01
E 007 011 6.207e+01
E 007 014 3.256e+01
E 008 013 7.669e+01
E 008 015 6.943e+01
E 008 016 9.625e+01
E 008 017 1.217e+01
E 008 018 8.900e+01
E 009 010 3.501e+01
E 009 018 8.028e+01
E 009 014 4.179e+01
E 010 015 8.809e+01
E 010 017 5.600e+01
E 010 018 9.405e+01
E 011 015 5.166e+01
E 011 016 5.022e+01
E 012 017 6.538e+01
E 012 013 7.354e+01
E 012 015 1.030e+01
E 013 017 7.134e+01
E 014 016 7.503e+01
E 014 019 8.633e+01
E 016 018 9.899e+00
E 017 018 7.703e+01
E 018 019 6.356e+01
