N 000 072 086 2.819e-01
N 001 086 029 3.383e-01
N 002 023 064 5.274e-01
N 003 066 059 9.509e-01
N 004 069 001 3.121e-02
N 005 029 026 3.712e-01
N 006 035 088 3.822e-01
N 007 002 082 7.531e-01
N 008 005 081 7.834e-01
N 009 034 089 9.679e-01
N 010 007 033 4.338e-01
N 011 069 032 5.452e-01
N 012 061 043 4.828e-01
N 013 070 050 4.967e-02
N 014 010 073 6.643e-01
N 015 043 021 6.698e-01
N 016 053 001 1.832e-01
N 017 094 041 5.189e-01
N 018 038 038 8.222e-01
N 019 065 044 5.863e-02
E 000 008 6.719e+01
E 000 003 2.766e+01
E 000 007 7.011e+01
E 001 003 3.606e+01
E 001 011 1.726e+01
E 001 013 2.640e+01
E 001 014 8.782e+01
E 001 017 1.442e+01
E 001 019 2.581e+01
E 002 019 4.652e+01
E 002 005 3.847e+01
E 002 014 1.581e+01
E 002 007 2.766e+01
E 003 005 4.958e+01
E 003 007 6.801e+01
E 003 008 6.485e+01
E 003 016 5.944e+01
E 003 018 3.500e+01
E 004 005 4.717e+01
E 004 007 1.051e+02
E 004 008 1.024e+02
E 004 012 4.276e+01
E 004 013 4.901e+01
E 004 014 9.309e+01
E 004 016 1.600e+01
E 004 017 4.717e+01
E 005 006 6.229e+01
E 005 009 6.320e+01
E 005 010 2.309e+01
E 005 017 6.671e+01
E 005 018 1.500e+01
E 006 007 3.354e+01
E 006 008 3.081e+01
E 006 011 6.551e+01
E 006 012 5.197e+01
E 006 015 6.748e+01
E 006 016 8.884e+01
E 007 017 1.007e+02
E 007 019 7.357e+01
E 008 009 3.008e+01
E 008 012 6.768e+01
E 009 010 6.217e+01
E 009 014 2.884e+01
E 009 013 5.308e+01
E 010 018 3.140e+01
E 010 012 5.492e+01
E 011 012 1.360e+01
E 011 015 2.823e+01
E 011 016 3.489e+01
E 011 018 3.158e+01
E 012 015 2.843e+01
E 012 016 4.276e+01
E 012 017 3.306e+01
E 013 018 3.418e+01
E 013 014 6.426e+01
E 014 015 6.159e+01
E 014 017 8.989e+01
E 015 018 1.772e+01
E 015 019 3.183e+01
E 017 019 2.915e+01
