N 000 076 013 4.926e-01
N 001 058 035 4.617e-01
N 002 075 024 4.599e-01
N 003 008 065 6.800e-01
N 004 044 072 6.622e-01
N 005 011 005 1.511e-01
N 006 079 026 6.027e-01
N 007 056 008 8.126e-01
N 008 009 095 8.715e-01
N 009 021 073 8.569e-01
N 010 008 079 3.315e-01
N 011 075 008 6.440e-01
N 012 038 066 7.713e-01
N 013 000 062 1.879e-01
N 014 047 033 2.431e-01
N 015 001 009 7.426e-01
N 016 008 023 7.646e-02
N 017 025 052 5.410e-01
N 018 033 083 5.531e-01
N 019 094 002 6.449e-01
E 000 001 2.843e+01
E 000 011 5.099e+00
E 000 004 6.712e+01
E 000 005 6.549e+01
E 000 014 3.523e+01
E 001 003 5.831e+01
E 001 009 5.304e+01
E 001 011 3.191e+01
E 001 012 3.689e+01
E 001 014 1.118e+01
E 001 015 6.265e+01
E 002 003 7.855e+01
E 002 004 5.714e+01
E 002 012 5.597e+01
E 002 014 2.941e+01
E 002 015 7.550e+01
E 002 019 2.907e+01
E 003 007 7.452e+01
E 003 009 1.526e+01
E 003 010 1.400e+01
E 003 013 8.544e+00
E 003 014 5.045e+01
E 004 005 7.469e+01
E 004 009 2.302e+01
E 004 015 7.628e+01
E 004 017 2.759e+01
E 005 006 7.117e+01
E 005 007 4.510e+01
E 005 008 9.002e+01
E 005 009 6.873e+01
E 005 017 4.904e+01
E 005 018 8.104e+01
E 006 008 9.829e+01
E 006 010 8.860e+01
E 006 019 2.830e+01
E 007 011 1.900e+01
E 007 019 3.847e+01
E 007 014 2.657e+01
E 008 009 2.506e+01
E 008 014 7.272e+01
E 008 015 8.637e+01
E 008 018 2.683e+01
E 009 010 1.432e+01
E 009 012 1.838e+01
E 009 017 2.138e+01
E 009 018 1.562e+01
E 010 014 6.031e+01
E 010 018 2.532e+01
E 010 019 1.154e+02
E 011 012 6.880e+01
E 011 017 6.660e+01
E 011 018 8.596e+01
E 011 019 1.992e+01
E 012 013 3.821e+01
E 012 016 5.243e+01
E 012 017 1.910e+01
E 012 019 8.504e+01
E 013 017 2.693e+01
E 015 017 4.924e+01
E 016 018 6.500e+01
