N 000 005 077 9.088e-01
N 001 002 046 5.741e-01
N 002 057 015 3.835e-01
N 003 075 031 6.121e-02
N 004 066 043 7.688e-01
N 005 013 078 4.137e-01
N 006 069 044 9.355e-01
N 007 096 034 2.552e-01
N 008 003 068 2.850e-01
N 009 081 089 4.770e-01
N 010 098 093 3.542e-01
N 011 002 021 9.527e-01
N 012 025 098 3.239e-01
N 013 018 064 4.046e-01
N 014 026 092 5.055e-01
N 015 058 047 9.031e-01
N 016 029 033 6.453e-01
N 017 060 025 2.136e-01
N 018 055 023 2.820e-02
N 019 018 045 2.063e-01
E 000 010 9.437e+01
E 000 006 7.201e+01
E 001 003 7.453e+01
E 001 004 6.407e+01
E 001 005 3.384e+01
E 001 007 9.476e+01
E 001 008 2.202e+01
E 001 009 8.994e+01
E 001 016 2.997e+01
E 002 009 7.779e+01
E 002 011 5.533e+01
E 002 004 2.941e+01
E 002 014 8.301e+01
E 002 015 3.202e+01
E 003 005 7.780e+01
E 003 007 2.121e+01
E 003 009 5.831e+01
E 003 012 8.360e+01
E 003 013 6.586e+01
E 003 017 1.616e+01
E 004 005 6.351e+01
E 004 007 3.132e+01
E 004 008 6.778e+01
E 004 011 6.768e+01
E 004 013 5.239e+01
E 004 018 2.283e+01
E 004 019 4.804e+01
E 005 018 6.920e+01
E 005 013 1.487e+01
E 006 016 4.148e+01
E 006 010 5.694e+01
E 006 011 7.084e+01
E 007 009 5.701e+01
E 007 010 5.903e+01
E 007 013 8.357e+01
E 007 016 6.701e+01
E 007 018 4.245e+01
E 008 019 2.746e+01
E 008 012 3.720e+01
E 009 010 1.746e+01
E 009 013 6.778e+01
E 009 015 4.789e+01
E 009 016 7.642e+01
E 009 018 7.094e+01
E 009 019 7.684e+01
E 010 012 7.317e+01
E 010 013 8.509e+01
E 010 015 6.096e+01
E 010 016 9.144e+01
E 010 018 8.215e+01
E 011 012 8.036e+01
E 011 018 5.304e+01
E 012 014 6.083e+00
E 012 015 6.075e+01
E 012 017 8.096e+01
E 012 018 8.078e+01
E 013 018 5.523e+01
E 013 019 1.900e+01
E 014 018 7.485e+01
E 016 019 1.628e+01
