N 000 032 030 9.712e-01
N 001 070 095 6.168e-01
N 002 055 083 5.767e-01
N 003 049 020 4.106e-01
N 004 099 028 5.781e-01
N 005 047 005 4.858e-01
N 006 063 064 3.031e-01
N 007 003 040 5.459e-01
N 008 075 030 7.691e-01
N 009 002 064 5.988e-01
N 010 052 065 3.673e-01
N 011 093 067 4.761e-01
N 012 003 091 3.355e-01
N 013 049 093 6.098e-01
N 014 051 040 9.437e-01
N 015 085 050 2.644e-01
N 016 053 006 5.888e-01
N 017 089 068 1.714e-01
N 018 009 017 3.931e-01
N 019 027 057 3.855e-01
E 000 002 5.778e+01
E 000 003 1.972e+01
E 000 007 3.068e+01
E 000 012 6.754e+01
E 000 013 6.525e+01
E 000 014 2.147e+01
E 000 016 3.189e+01
E 000 017 6.851e+01
E 000 019 2.746e+01
E 001 004 7.301e+01
E 001 005 9.289e+01
E 001 010 3.499e+01
E 001 013 2.110e+01
E 001 017 3.302e+01
E 001 019 5.738e+01
E 002 014 4.319e+01
E 002 004 7.043e+01
E 002 005 7.841e+01
E 002 006 2.062e+01
E 003 019 4.305e+01
E 003 015 4.686e+01
E 003 014 2.010e+01
E 003 007 5.016e+01
E 004 011 3.946e+01
E 004 012 1.148e+02
E 004 015 2.608e+01
E 004 018 9.067e+01
E 004 019 7.762e+01
E 005 006 6.113e+01
E 005 008 3.754e+01
E 005 009 7.420e+01
E 005 011 7.720e+01
E 005 012 9.660e+01
E 005 013 8.802e+01
E 005 015 5.890e+01
E 005 017 7.572e+01
E 006 019 3.667e+01
E 006 009 6.100e+01
E 006 010 1.105e+01
E 007 019 2.941e+01
E 007 012 5.100e+01
E 007 014 4.800e+01
E 008 009 8.053e+01
E 008 018 6.727e+01
E 008 011 4.115e+01
E 008 014 2.600e+01
E 009 010 5.001e+01
E 009 013 5.523e+01
E 010 018 6.444e+01
E 010 012 5.547e+01
E 011 019 6.675e+01
E 012 014 7.004e+01
E 012 016 9.862e+01
E 012 017 8.902e+01
E 012 019 4.162e+01
E 013 014 5.304e+01
E 013 017 4.717e+01
E 014 016 3.406e+01
E 014 019 2.941e+01
E 015 018 8.286e+01
