N 000 035 024 8.974e-01
N 001 069 014 2.354e-01
N 002 009 058 8.451e-01
N 003 012 079 8.399e-01
N 004 024 021 2.856e-01
N 005 070 072 8.616e-01
N 006 036 056 9.117e-01
N 007 070 066 4.849e-02
N 008 002 044 7.317e-01
N 009 033 060 6.298e-01
N 010 063 028 3.565e-01
N 011 037 087 4.231e-01
N 012 060 018 7.963e-01
N 013 064 017 2.703e-01
N 014 098 002 7.317e-01
N 015 059 071 2.393e-01
N 016 087 095 1.000e+00
N 017 072 029 9.654e-01
N 018 063 033 4.793e-01
N 019 084 027 3.130e-01
E 000 008 3.859e+01
E 000 019 4.909e+01
E 000 007 5.467e+01
E 001 004 4.554e+01
E 001 005 5.801e+01
E 001 007 5.201e+01
E 001 009 5.841e+01
E 001 010 1.523e+01
E 001 019 1.985e+01
E 002 004 3.992e+01
E 002 005 6.259e+01
E 002 007 6.152e+01
E 002 010 6.177e+01
E 002 015 5.166e+01
E 002 017 6.935e+01
E 003 008 3.640e+01
E 003 017 7.810e+01
E 003 013 8.092e+01
E 003 015 4.768e+01
E 004 005 6.868e+01
E 004 006 3.700e+01
E 004 009 4.002e+01
E 004 010 3.962e+01
E 004 012 3.612e+01
E 004 014 7.640e+01
E 004 015 6.103e+01
E 004 017 4.866e+01
E 004 018 4.080e+01
E 005 006 3.758e+01
E 005 015 1.105e+01
E 006 017 4.500e+01
E 007 010 3.864e+01
E 007 017 3.705e+01
E 007 018 3.373e+01
E 008 009 3.489e+01
E 008 011 5.544e+01
E 008 012 6.356e+01
E 008 013 6.762e+01
E 008 014 1.048e+02
E 008 015 6.307e+01
E 009 011 2.729e+01
E 009 012 4.993e+01
E 009 016 6.435e+01
E 010 011 6.447e+01
E 010 016 7.117e+01
E 010 018 5.000e+00
E 011 012 7.273e+01
E 011 017 6.774e+01
E 012 014 4.123e+01
E 012 018 1.530e+01
E 012 019 2.563e+01
E 013 016 8.132e+01
E 013 019 2.236e+01
E 013 015 5.423e+01
E 014 015 7.926e+01
E 014 018 4.675e+01
E 014 019 2.865e+01
E 015 016 3.688e+01
E 015 018 3.821e+01
E 016 017 6.768e+01
