N 000 049 098 5.576e-01
N 001 058 024 5.338e-02
N 002 037 062 4.231e-01
N 003 059 037 4.012e-01
N 004 032 020 8.630e-01
N 005 002 089 9.847e-01
N 006 049 069 9.637e-01
N 007 037 010 2.455e-01
N 008 064 050 4.558e-01
N 009 010 034 4.232e-01
N 010 033 004 3.392e-01
N 011 062 019 6.986e-01
N 012 043 001 3.139e-01
N 013 084 064 1.106e-01
N 014 074 006 4.489e-01
N 015 027 048 5.830e-01
N 016 034 032 8.841e-02
N 017 018 038 9.014e-01
N 018 052 075 3.790e-01
N 019 061 001 5.889e-01
E 000 003 6.181e+01
E 000 012 9.719e+01
E 000 006 2.900e+01
E 001 004 2.631e+01
E 001 005 8.580e+01
E 001 007 2.524e+01
E 001 011 6.403e+00
E 001 014 2.408e+01
E 001 019 2.319e+01
E 002 004 4.230e+01
E 002 006 1.389e+01
E 002 009 3.890e+01
E 002 010 5.814e+01
E 002 013 4.704e+01
E 002 015 1.720e+01
E 002 018 1.985e+01
E 003 005 7.716e+01
E 003 008 1.393e+01
E 003 012 3.940e+01
E 003 015 3.384e+01
E 003 016 2.550e+01
E 003 017 4.101e+01
E 003 019 3.606e+01
E 004 013 6.812e+01
E 004 015 2.844e+01
E 004 016 1.217e+01
E 004 019 3.467e+01
E 005 007 8.641e+01
E 005 009 5.558e+01
E 005 015 4.802e+01
E 005 016 6.537e+01
E 005 017 5.345e+01
E 005 018 5.192e+01
E 006 009 5.240e+01
E 006 011 5.166e+01
E 006 013 3.536e+01
E 007 008 4.826e+01
E 007 009 3.612e+01
E 007 014 3.722e+01
E 007 016 2.220e+01
E 008 009 5.632e+01
E 008 013 2.441e+01
E 008 016 3.499e+01
E 008 017 4.754e+01
E 009 018 5.869e+01
E 010 016 2.802e+01
E 010 017 3.716e+01
E 010 018 7.350e+01
E 010 013 7.875e+01
E 011 016 3.087e+01
E 012 016 3.228e+01
E 012 018 7.455e+01
E 012 019 1.800e+01
E 013 014 5.886e+01
E 013 016 5.936e+01
E 014 015 6.303e+01
E 014 017 6.450e+01
E 014 019 1.393e+01
E 016 019 4.111e+01
E 017 019 5.673e+01
