N 000 088 083 1.738e-01
N 001 084 071 3.761e-01
N 002 027 087 1.246e-01
N 003 099 051 8.513e-01
N 004 007 092 1.722e-02
N 005 043 056 2.294e-01
N 006 088 028 9.148e-01
N 007 007 013 6.728e-02
N 008 098 006 5.334e-01
N 009 060 086 9.342e-01
N 010 073 092 7.466e-01
N 011 073 062 6.789e-01
N 012 081 015 9.345e-01
N 013 025 029 4.556e-01
N 014 097 007 1.992e-01
N 015 024 018 8.257e-01
N 016 041 047 6.770e-01
N 017 081 022 7.272e-01
N 018 095 027 6.541e-01
N 019 024 006 1.422e-01
E 000 001 1.265e+01
E 000 002 6.113e+01
E 000 004 8.150e+01
E 000 007 1.071e+02
E 000 011 2.581e+01
E 000 012 6.836e+01
E 001 003 2.500e+01
E 001 007 9.640e+01
E 001 008 6.649e+01
E 001 009 2.830e+01
E 001 017 4.909e+01
E 002 005 3.489e+01
E 002 007 7.666e+01
E 002 011 5.235e+01
E 002 016 4.238e+01
E 002 018 9.069e+01
E 003 004 1.007e+02
E 003 005 5.622e+01
E 003 007 9.954e+01
E 003 008 4.501e+01
E 003 010 4.855e+01
E 003 011 2.823e+01
E 003 015 8.194e+01
E 003 019 8.746e+01
E 004 005 5.091e+01
E 004 006 1.032e+02
E 004 011 7.250e+01
E 004 013 6.552e+01
E 004 015 7.593e+01
E 004 016 5.640e+01
E 005 008 7.433e+01
E 005 010 4.686e+01
E 006 007 8.238e+01
E 006 011 3.716e+01
E 006 013 6.301e+01
E 006 016 5.070e+01
E 006 018 7.071e+00
E 006 019 6.768e+01
E 007 009 9.021e+01
E 007 014 9.020e+01
E 007 019 1.838e+01
E 008 015 7.497e+01
E 009 013 6.689e+01
E 009 014 8.724e+01
E 009 015 7.694e+01
E 009 016 4.338e+01
E 009 017 6.736e+01
E 009 018 6.860e+01
E 010 018 6.862e+01
E 010 012 7.741e+01
E 010 015 8.875e+01
E 011 014 6.001e+01
E 011 015 6.586e+01
E 011 017 4.079e+01
E 012 018 1.844e+01
E 012 014 1.789e+01
E 013 016 2.408e+01
E 013 019 2.302e+01
E 016 018 5.758e+01
E 017 018 1.487e+01
