N 000 035 056 4.225e-01
N 001 055 018 9.732e-01
N 002 083 009 7.875e-01
N 003 069 069 3.526e-01
N 004 035 032 3.994e-01
N 005 025 002 7.320e-01
N 006 065 074 6.214e-01
N 007 075 066 4.586e-02
N 008 046 004 1.589e-01
N 009 067 092 7.966e-01
N 010 026 038 8.703e-01
N 011 047 000 5.674e-01
N 012 090 036 5.791e-01
N 013 026 084 6.725e-01
N 014 055 057 5.337e-01
N 015 088 054 6.159e-01
N 016 048 058 3.770e-02
N 017 009 087 5.175e-01
N 018 016 036 8.510e-02
N 019 014 007 2.215e-01
E 000 004 2.400e+01
E 000 006 3.499e+01
E 000 011 5.727e+01
E 000 012 5.852e+01
E 000 015 5.304e+01
E 000 019 5.331e+01
E 001 016 4.061e+01
E 001 009 7.497e+01
E 001 018 4.295e+01
E 001 003 5.289e+01
E 001 015 4.884e+01
E 002 005 5.842e+01
E 002 008 3.734e+01
E 002 013 9.420e+01
E 002 014 5.557e+01
E 002 015 4.528e+01
E 002 019 6.903e+01
E 003 006 6.403e+00
E 003 007 6.708e+00
E 003 008 6.895e+01
E 003 010 5.301e+01
E 003 015 2.421e+01
E 003 016 2.371e+01
E 003 018 6.243e+01
E 004 009 6.800e+01
E 004 011 3.418e+01
E 004 013 5.277e+01
E 004 015 5.738e+01
E 005 007 8.122e+01
E 005 009 9.932e+01
E 005 010 3.601e+01
E 005 012 7.336e+01
E 005 017 8.649e+01
E 005 019 1.208e+01
E 006 010 5.308e+01
E 006 013 4.026e+01
E 007 011 7.169e+01
E 007 014 2.193e+01
E 007 015 1.769e+01
E 007 016 2.816e+01
E 007 018 6.619e+01
E 007 019 8.486e+01
E 008 019 3.214e+01
E 008 009 9.047e+01
E 008 013 8.246e+01
E 009 014 3.700e+01
E 009 017 5.822e+01
E 010 014 3.467e+01
E 010 016 2.973e+01
E 010 017 5.187e+01
E 011 018 4.751e+01
E 011 015 6.780e+01
E 012 015 1.811e+01
E 013 015 6.888e+01
E 014 019 6.466e+01
E 015 017 8.562e+01
E 015 019 8.766e+01
E 016 018 3.883e+01
E 016 019 6.129e+01
E 017 018 5.148e+01
