N 000 057 051 6.526e-01
N 001 017 051 4.370e-01
N 002 002 080 9.724e-01
N 003 052 026 9.605e-01
N 004 092 071 6.521e-01
N 005 014 034 8.075e-01
N 006 035 098 7.407e-01
N 007 091 072 6.436e-01
N 008 099 094 4.154e-01
N 009 089 064 9.720e-02
N 010 014 014 9.560e-01
N 011 071 065 8.992e-01
N 012 007 074 8.422e-01
N 013 060 060 8.457e-01
N 014 087 052 5.788e-03
N 015 090 058 6.526e-01
N 016 078 042 2.092e-01
N 017 003 021 2.699e-01
N 018 065 046 3.192e-02
N 019 066 075 3.592e-01
E 000 001 4.000e+01
E 000 018 9.434e+00
E 000 005 4.624e+01
E 000 009 3.454e+01
E 001 003 4.301e+01
E 001 005 1.726e+01
E 001 007 7.692e+01
E 001 010 3.712e+01
E 001 012 2.508e+01
E 001 013 4.393e+01
E 001 017 3.311e+01
E 001 018 4.826e+01
E 002 003 7.359e+01
E 002 004 9.045e+01
E 002 007 8.936e+01
E 002 012 7.810e+00
E 002 014 8.949e+01
E 002 015 9.071e+01
E 002 017 5.901e+01
E 003 005 3.883e+01
E 003 007 6.031e+01
E 003 010 3.985e+01
E 003 013 3.493e+01
E 003 015 4.968e+01
E 004 009 7.616e+00
E 004 010 9.661e+01
E 004 013 3.384e+01
E 005 006 6.736e+01
E 005 012 4.061e+01
E 005 013 5.284e+01
E 006 016 7.060e+01
E 006 017 8.338e+01
E 006 007 6.174e+01
E 007 013 3.324e+01
E 007 015 1.404e+01
E 007 018 3.677e+01
E 008 017 1.206e+02
E 008 012 9.415e+01
E 008 015 3.711e+01
E 009 010 9.014e+01
E 009 019 2.550e+01
E 010 011 7.649e+01
E 010 015 8.782e+01
E 010 016 6.986e+01
E 010 017 1.304e+01
E 011 012 6.463e+01
E 012 013 5.482e+01
E 012 014 8.297e+01
E 012 015 8.453e+01
E 012 016 7.788e+01
E 013 014 2.816e+01
E 013 016 2.546e+01
E 013 018 1.487e+01
E 014 015 6.708e+00
E 014 016 1.345e+01
E 014 017 8.954e+01
E 015 016 2.000e+01
E 015 017 9.454e+01
E 016 018 1.360e+01
E 018 019 2.902e+01
