N 000 018 009 8.066e-01
N 001 078 042 8.460e-01
N 002 008 092 5.802e-01
N 003 092 074 6.571e-01
N 004 074 072 1.288e-01
N 005 051 026 6.615e-01
N 006 099 039 1.183e-01
N 007 070 052 1.982e-01
N 008 073 000 7.604e-01
N 009 042 060 2.290e-01
N 010 090 074 8.122e-02
N 011 070 052 7.026e-01
N 012 055 095 9.514e-02
N 013 088 067 3.997e-01
N 014 094 021 1.950e-01
N 015 066 066 8.868e-01
N 016 009 012 8.421e-01
N 017 028 053 8.579e-01
N 018 060 076 7.718e-01
N 019 092 051 8.668e-01
E 000 001 6.848e+01
E 000 005 3.712e+01
E 000 007 6.748e+01
E 000 009 5.636e+01
E 000 011 6.748e+01
E 000 013 9.091e+01
E 000 014 7.694e+01
E 001 018 3.847e+01
E 001 013 2.693e+01
E 001 007 1.281e+01
E 002 017 4.383e+01
E 002 011 7.378e+01
E 003 009 5.192e+01
E 003 010 2.000e+00
E 003 012 4.254e+01
E 003 018 3.206e+01
E 003 015 2.720e+01
E 004 006 4.140e+01
E 004 010 1.612e+01
E 004 012 2.983e+01
E 004 015 1.000e+01
E 004 018 1.456e+01
E 004 019 2.766e+01
E 005 019 4.802e+01
E 005 015 4.272e+01
E 006 015 4.264e+01
E 006 016 9.396e+01
E 006 017 7.237e+01
E 006 018 5.376e+01
E 006 019 1.389e+01
E 007 012 4.554e+01
E 007 015 1.456e+01
E 007 016 7.295e+01
E 007 017 4.201e+01
E 007 019 2.202e+01
E 008 009 6.754e+01
E 008 010 7.593e+01
E 008 011 5.209e+01
E 008 012 9.669e+01
E 008 018 7.710e+01
E 008 019 5.442e+01
E 009 010 5.000e+01
E 009 011 2.912e+01
E 009 017 1.565e+01
E 009 019 5.080e+01
E 010 015 2.530e+01
E 010 018 3.007e+01
E 010 019 2.309e+01
E 011 012 4.554e+01
E 011 014 3.920e+01
E 012 014 8.365e+01
E 012 017 4.993e+01
E 013 018 2.941e+01
E 013 019 1.649e+01
E 013 015 2.202e+01
E 014 017 7.335e+01
E 015 019 3.002e+01
E 016 019 9.171e+01
E 017 019 6.403e+01
E 018 019 4.061e+01
