N 000 009 028 1.605e-01
N 001 061 027 5.805e-02
N 002 011 005 3.106e-01
N 003 087 050 9.932e-01
N 004 061 061 8.350e-01
N 005 020 070 5.558e-01
N 006 028 001 5.355e-01
N 007 029 077 7.091e-01
N 008 080 053 4.439e-01
N 009 004 038 2.173e-02
N 010 029 081 6.003e-02
N 011 060 053 9.169e-01
N 012 098 060 5.752e-01
N 013 011 030 7.738e-01
N 014 034 040 7.886e-01
N 015 042 045 1.032e-01
N 016 017 088 9.028e-01
N 017 098 055 6.438e-01
N 018 053 048 7.035e-01
N 019 067 090 3.172e-01
E 000 001 5.201e+01
E 000 007 5.292e+01
E 000 008 7.527e+01
E 000 013 2.828e+00
E 000 014 2.773e+01
E 000 019 8.490e+01
E 001 002 5.463e+01
E 001 006 4.201e+01
E 001 013 5.009e+01
E 001 015 2.617e+01
E 001 017 4.640e+01
E 002 003 8.832e+01
E 002 006 1.746e+01
E 002 007 7.422e+01
E 002 009 3.373e+01
E 002 011 6.859e+01
E 003 009 8.386e+01
E 003 013 7.859e+01
E 003 014 5.394e+01
E 003 015 4.528e+01
E 003 017 1.208e+01
E 003 019 4.472e+01
E 004 005 4.198e+01
E 004 006 6.848e+01
E 004 007 3.578e+01
E 004 010 3.774e+01
E 004 013 5.883e+01
E 004 015 2.484e+01
E 004 017 3.748e+01
E 004 018 1.526e+01
E 005 009 3.578e+01
E 005 010 1.421e+01
E 005 013 4.100e+01
E 005 012 7.864e+01
E 006 008 7.354e+01
E 006 009 4.410e+01
E 006 015 4.617e+01
E 006 016 8.769e+01
E 006 018 5.324e+01
E 006 019 9.717e+01
E 007 010 4.000e+00
E 007 015 3.454e+01
E 007 016 1.628e+01
E 008 009 7.747e+01
E 008 010 5.818e+01
E 009 011 5.797e+01
E 009 014 3.007e+01
E 009 018 5.001e+01
E 010 014 4.130e+01
E 010 018 4.080e+01
E 010 019 3.905e+01
E 011 016 5.544e+01
E 011 017 3.805e+01
E 012 016 8.570e+01
E 012 018 4.657e+01
E 013 014 2.508e+01
E 013 015 3.444e+01
E 014 016 5.092e+01
E 014 018 2.062e+01
E 016 017 8.746e+01
