N 000 090 060 6.095e-01
N 001 084 073 5.591e-02
N 002 058 014 8.463e-01
N 003 001 002 6.826e-01
N 004 021 053 4.086e-02
N 005 078 040 9.948e-01
N 006 075 022 8.948e-01
N 007 045 084 4.249e-01
N 008 063 044 6.561e-01
N 009 097 055 4.681e-02
N 010 021 064 9.440e-01
N 011 050 087 8.174e-01
N 012 041 095 5.463e-01
N 013 026 053 5.774e-01
N 014 089 015 8.667e-01
N 015 065 071 1.168e-02
N 016 036 056 3.895e-01
N 017 060 070 3.581e-02
N 018 028 003 8.471e-01
N 019 029 070 3.930e-01
E 000 008 3.138e+01
E 000 001 1.432e+01
E 000 014 4.501e+01
E 000 016 5.415e+01
E 001 003 1.092e+02
E 001 004 6.610e+01
E 001 008 3.581e+01
E 001 012 4.830e+01
E 001 016 5.092e+01
E 002 007 7.120e+01
E 002 008 3.041e+01
E 002 009 5.659e+01
E 002 012 8.276e+01
E 002 013 5.045e+01
E 002 014 3.102e+01
E 002 015 5.743e+01
E 002 016 4.741e+01
E 002 017 5.604e+01
E 003 008 7.489e+01
E 003 019 7.354e+01
E 003 017 9.003e+01
E 003 015 9.411e+01
E 004 016 1.530e+01
E 004 019 1.879e+01
E 004 012 4.652e+01
E 004 013 5.000e+00
E 005 018 6.220e+01
E 005 019 5.745e+01
E 005 014 2.731e+01
E 006 013 5.798e+01
E 007 008 4.386e+01
E 007 011 5.831e+00
E 007 012 1.170e+01
E 007 013 3.636e+01
E 007 016 2.941e+01
E 008 010 4.652e+01
E 008 011 4.492e+01
E 008 012 5.554e+01
E 008 014 3.895e+01
E 008 015 2.707e+01
E 009 017 3.992e+01
E 009 018 8.640e+01
E 009 013 7.103e+01
E 009 014 4.079e+01
E 010 016 1.700e+01
E 010 019 1.000e+01
E 010 014 8.382e+01
E 011 012 1.204e+01
E 012 016 3.932e+01
E 012 017 3.140e+01
E 012 019 2.773e+01
E 014 016 6.701e+01
E 014 018 6.217e+01
E 014 019 8.139e+01
E 015 016 3.265e+01
E 015 018 7.741e+01
E 015 019 3.601e+01
E 016 017 2.778e+01
E 016 019 1.565e+01
E 018 019 6.701e+01
