N 000 001 019 5.106e-01
N 001 039 083 3.164e-02
N 002 084 073 7.878e-01
N 003 043 073 3.806e-01
N 004 032 099 3.365e-01
N 005 003 084 1.375e-01
N 006 007 095 1.617e-01
N 007 034 009 4.091e-01
N 008 090 029 9.148e-01
N 009 035 021 6.743e-02
N 010 048 020 7.210e-01
N 011 066 043 5.798e-01
N 012 042 026 5.162e-01
N 013 036 002 2.674e-01
N 014 022 039 7.307e-01
N 015 078 036 9.091e-01
N 016 086 037 1.143e-01
N 017 012 016 4.679e-01
N 018 005 086 2.802e-01
N 019 071 099 3.143e-01
E 000 009 3.406e+01
E 000 018 6.712e+01
E 000 003 6.841e+01
E 000 013 3.891e+01
E 000 007 3.448e+01
E 001 002 4.610e+01
E 001 003 1.077e+01
E 001 005 3.601e+01
E 001 014 4.717e+01
E 001 016 6.576e+01
E 001 017 7.224e+01
E 002 003 4.100e+01
E 002 006 8.008e+01
E 002 011 3.499e+01
E 002 013 8.570e+01
E 002 015 3.748e+01
E 002 016 3.606e+01
E 002 017 9.183e+01
E 002 018 8.006e+01
E 003 012 4.701e+01
E 003 014 3.996e+01
E 003 019 3.821e+01
E 004 019 3.900e+01
E 004 018 2.997e+01
E 004 011 6.551e+01
E 004 015 7.801e+01
E 005 019 6.963e+01
E 005 018 2.828e+00
E 005 011 7.517e+01
E 005 007 8.115e+01
E 006 019 6.412e+01
E 006 018 9.220e+00
E 006 007 9.014e+01
E 007 008 5.946e+01
E 007 009 1.204e+01
E 007 011 4.669e+01
E 007 014 3.231e+01
E 007 016 5.906e+01
E 008 018 1.023e+02
E 008 012 4.809e+01
E 008 014 6.873e+01
E 009 010 1.304e+01
E 009 012 8.602e+00
E 009 014 2.220e+01
E 009 015 4.554e+01
E 010 011 2.921e+01
E 010 013 2.163e+01
E 010 015 3.400e+01
E 011 017 6.037e+01
E 011 018 7.463e+01
E 012 013 2.474e+01
E 012 014 2.385e+01
E 012 016 4.535e+01
E 012 017 3.162e+01
E 012 018 7.049e+01
E 013 015 5.404e+01
E 013 016 6.103e+01
E 014 016 6.403e+01
E 014 018 4.998e+01
E 015 017 6.896e+01
