N 000 064 024 9.176e-01
N 001 035 043 8.583e-01
N 002 008 034 6.093e-01
N 003 097 059 3.694e-01
N 004 080 084 1.577e-01
N 005 077 086 2.973e-01
N 006 032 023 1.773e-02
N 007 036 004 6.404e-01
N 008 095 091 7.367e-01
N 009 073 009 6.328e-01
N 010 090 067 7.542e-01
N 011 095 054 4.607e-01
N 012 078 041 6.828e-01
N 013 047 050 3.062e-01
N 014 014 091 5.846e-01
N 015 085 002 7.589e-01
N 016 081 062 7.563e-01
N 017 049 011 5.440e-01
N 018 018 056 9.092e-01
N 019 077 052 2.373e-01
E 000 019 3.087e+01
E 000 003 4.810e+01
E 000 004 6.210e+01
E 000 006 3.202e+01
E 001 019 4.295e+01
E 001 011 6.100e+01
E 001 012 4.305e+01
E 001 013 1.389e+01
E 001 015 6.466e+01
E 002 004 8.766e+01
E 002 005 8.640e+01
E 002 006 2.640e+01
E 002 011 8.927e+01
E 002 012 7.035e+01
E 002 014 5.731e+01
E 002 016 7.819e+01
E 003 017 6.788e+01
E 003 019 2.119e+01
E 003 012 2.617e+01
E 003 006 7.430e+01
E 004 005 3.606e+00
E 004 006 7.762e+01
E 004 007 9.130e+01
E 004 009 7.533e+01
E 004 011 3.354e+01
E 004 014 6.637e+01
E 004 015 8.215e+01
E 004 017 7.931e+01
E 005 008 1.868e+01
E 005 014 6.320e+01
E 005 006 7.742e+01
E 006 008 9.270e+01
E 006 015 5.701e+01
E 007 008 1.051e+02
E 007 012 5.597e+01
E 007 019 6.313e+01
E 007 017 1.476e+01
E 008 009 8.490e+01
E 008 011 3.700e+01
E 008 012 5.281e+01
E 009 010 6.044e+01
E 009 018 7.235e+01
E 009 015 1.389e+01
E 010 011 1.393e+01
E 010 012 2.864e+01
E 010 013 4.624e+01
E 011 012 2.140e+01
E 011 014 8.905e+01
E 011 018 7.703e+01
E 012 015 3.962e+01
E 012 019 1.105e+01
E 013 014 5.263e+01
E 013 015 6.122e+01
E 014 016 7.301e+01
E 015 016 6.013e+01
E 015 017 3.711e+01
E 015 018 8.605e+01
E 015 019 5.064e+01
E 016 017 6.021e+01
E 017 019 4.965e+01
