N 000 042 015 8.973e-01
N 001 039 079 9.800e-01
N 002 088 062 1.236e-01
N 003 083 030 2.879e-01
N 004 037 062 5.845e-01
N 005 019 020 9.190e-01
N 006 059 003 5.173e-02
N 007 066 061 6.921e-01
N 008 018 064 6.158e-01
N 009 003 060 7.563e-01
N 010 065 006 5.939e-01
N 011 012 019 2.964e-01
N 012 016 057 5.363e-01
N 013 025 049 4.290e-01
N 014 014 086 3.681e-01
N 015 089 065 2.692e-01
N 016 025 071 8.939e-01
N 017 003 013 5.041e-01
N 018 028 007 5.558e-01
N 019 059 030 5.841e-01
E 000 002 6.576e+01
E 000 013 3.801e+01
E 000 014 7.632e+01
E 001 011 6.580e+01
E 001 017 7.518e+01
E 001 003 6.586e+01
E 001 012 3.183e+01
E 001 019 5.292e+01
E 002 003 3.239e+01
E 002 008 7.003e+01
E 002 011 8.732e+01
E 002 013 6.433e+01
E 002 014 7.779e+01
E 002 018 8.139e+01
E 003 007 3.536e+01
E 003 010 3.000e+01
E 003 014 8.887e+01
E 003 016 7.103e+01
E 004 006 6.297e+01
E 004 007 2.902e+01
E 004 008 1.910e+01
E 004 014 3.324e+01
E 004 015 5.209e+01
E 004 017 5.964e+01
E 005 009 4.308e+01
E 005 018 1.581e+01
E 005 019 4.123e+01
E 006 010 6.708e+00
E 006 012 6.903e+01
E 006 013 5.720e+01
E 006 014 9.441e+01
E 006 016 7.603e+01
E 006 019 2.700e+01
E 007 009 6.301e+01
E 007 012 5.016e+01
E 007 013 4.272e+01
E 007 016 4.220e+01
E 007 019 3.178e+01
E 008 012 7.280e+00
E 008 013 1.655e+01
E 008 014 2.236e+01
E 008 018 5.787e+01
E 009 012 1.334e+01
E 009 013 2.460e+01
E 009 015 8.615e+01
E 009 016 2.460e+01
E 009 017 4.700e+01
E 010 019 2.474e+01
E 010 012 7.072e+01
E 010 015 6.369e+01
E 011 019 4.827e+01
E 011 017 1.082e+01
E 011 015 8.969e+01
E 012 014 2.907e+01
E 012 015 7.344e+01
E 013 018 4.211e+01
E 014 016 1.860e+01
E 015 016 6.428e+01
E 015 017 1.005e+02
E 016 018 6.407e+01
