N 000 011 098 5.080e-01
N 001 081 022 9.910e-01
N 002 099 068 2.817e-01
N 003 090 025 4.114e-01
N 004 029 057 9.450e-01
N 005 072 046 7.442e-01
N 006 067 064 3.533e-01
N 007 001 059 1.267e-01
N 008 042 003 6.019e-02
N 009 027 029 4.600e-01
N 010 040 034 9.640e-01
N 011 039 087 2.777e-01
N 012 005 009 5.678e-01
N 013 056 061 2.871e-01
N 014 070 070 5.892e-01
N 015 036 017 6.224e-02
N 016 032 037 8.083e-01
N 017 031 057 5.551e-01
N 018 065 001 3.940e-02
N 019 015 057 7.449e-01
E 000 011 3.008e+01
E 000 015 8.477e+01
E 000 003 1.076e+02
E 000 019 4.119e+01
E 000 007 4.026e+01
E 001 005 2.563e+01
E 001 006 4.427e+01
E 001 009 5.445e+01
E 001 012 7.710e+01
E 001 015 4.528e+01
E 001 016 5.124e+01
E 001 017 6.103e+01
E 002 007 9.841e+01
E 002 008 8.645e+01
E 002 011 6.294e+01
E 002 012 1.110e+02
E 002 015 8.106e+01
E 002 019 8.472e+01
E 003 004 6.888e+01
E 003 009 6.313e+01
E 003 012 8.649e+01
E 003 013 4.952e+01
E 003 016 5.923e+01
E 003 017 6.712e+01
E 003 019 8.154e+01
E 004 005 4.438e+01
E 004 006 3.864e+01
E 004 007 2.807e+01
E 004 008 5.554e+01
E 004 010 2.550e+01
E 004 014 4.301e+01
E 004 017 2.000e+00
E 005 006 1.868e+01
E 005 013 2.193e+01
E 005 015 4.623e+01
E 005 018 4.554e+01
E 005 019 5.805e+01
E 006 013 1.140e+01
E 006 018 6.303e+01
E 006 019 5.247e+01
E 007 009 3.970e+01
E 007 010 4.632e+01
E 007 019 1.414e+01
E 008 011 8.405e+01
E 008 015 1.523e+01
E 008 016 3.544e+01
E 008 018 2.309e+01
E 009 011 5.923e+01
E 009 014 5.941e+01
E 009 018 4.720e+01
E 010 012 4.301e+01
E 010 017 2.470e+01
E 010 014 4.686e+01
E 011 012 8.509e+01
E 011 013 3.106e+01
E 011 017 3.105e+01
E 011 018 8.984e+01
E 012 013 7.284e+01
E 015 017 4.031e+01
E 016 018 4.884e+01
