N 000 054 000 4.915e-03
N 001 037 007 8.343e-01
N 002 092 039 4.172e-01
N 003 023 065 9.736e-01
N 004 085 034 2.192e-01
N 005 011 056 5.549e-02
N 006 091 071 6.587e-01
N 007 021 023 2.330e-01
N 008 037 080 6.703e-01
N 009 030 067 9.873e-01
N 010 097 062 6.104e-01
N 011 081 073 3.921e-01
N 012 019 088 4.170e-01
N 013 024 013 1.937e-01
N 014 011 043 6.067e-02
N 015 006 060 5.191e-01
N 016 014 076 8.216e-02
N 017 045 063 4.320e-01
N 018 063 040 1.017e-01
N 019 035 092 5.552e-02
E 000 002 5.445e+01
E 000 005 7.060e+01
E 000 006 8.006e+01
E 000 008 8.179e+01
E 000 010 7.545e+01
E 000 011 7.783e+01
E 000 013 3.270e+01
E 000 015 7.684e+01
E 000 018 4.100e+01
E 001 002 6.363e+01
E 001 003 5.967e+01
E 001 005 5.547e+01
E 001 006 8.374e+01
E 001 011 7.932e+01
E 001 015 6.140e+01
E 002 013 7.280e+01
E 002 014 8.110e+01
E 003 011 5.855e+01
E 003 017 2.209e+01
E 003 013 5.201e+01
E 003 007 4.205e+01
E 004 006 3.748e+01
E 004 008 6.648e+01
E 004 009 6.414e+01
E 004 012 8.528e+01
E 004 014 7.455e+01
E 004 015 8.317e+01
E 004 016 8.249e+01
E 004 019 7.658e+01
E 005 006 8.139e+01
E 005 009 2.195e+01
E 005 011 7.203e+01
E 005 019 4.327e+01
E 006 007 8.488e+01
E 006 014 8.476e+01
E 006 016 7.716e+01
E 007 010 8.542e+01
E 007 018 4.531e+01
E 008 011 4.455e+01
E 008 012 1.970e+01
E 008 014 4.522e+01
E 008 019 1.217e+01
E 009 017 1.552e+01
E 009 010 6.719e+01
E 009 013 5.433e+01
E 011 013 8.276e+01
E 011 015 7.612e+01
E 011 016 6.707e+01
E 012 013 7.517e+01
E 012 015 3.087e+01
E 013 014 3.270e+01
E 013 015 5.033e+01
E 013 019 7.976e+01
E 014 015 1.772e+01
E 014 018 5.209e+01
E 014 019 5.456e+01
E 015 018 6.041e+01
E 016 019 2.640e+01
E 016 018 6.080e+01
E 017 018 2.921e+01
