N 000 071 049 7.656e-01
N 001 082 023 8.981e-01
N 002 016 009 1.090e-01
N 003 010 056 5.455e-01
N 004 071 079 9.608e-02
N 005 056 025 2.331e-01
N 006 016 027 9.151e-03
N 007 095 074 4.474e-01
N 008 016 037 2.491e-01
N 009 019 036 4.974e-01
N 010 055 086 9.171e-01
N 011 034 020 1.759e-01
N 012 036 037 6.468e-01
N 013 041 016 5.095e-01
N 014 047 048 3.082e-01
N 015 066 045 6.982e-01
N 016 006 097 9.593e-02
N 017 040 098 2.125e-01
N 018 076 000 3.814e-01
N 019 005 092 1.984e-01
E 000 001 2.823e+01
E 000 003 6.140e+01
E 000 005 2.830e+01
E 000 006 5.924e+01
E 000 007 3.466e+01
E 000 011 4.701e+01
E 000 015 6.403e+00
E 000 016 8.080e+01
E 000 018 4.925e+01
E 001 005 2.608e+01
E 001 008 6.747e+01
E 001 010 6.854e+01
E 001 012 4.808e+01
E 001 017 8.596e+01
E 002 005 4.308e+01
E 002 008 2.800e+01
E 002 009 2.717e+01
E 002 010 8.631e+01
E 002 011 2.110e+01
E 002 019 8.373e+01
E 003 004 6.519e+01
E 003 010 5.408e+01
E 003 013 5.061e+01
E 003 015 5.707e+01
E 003 016 4.119e+01
E 003 017 5.161e+01
E 004 006 7.569e+01
E 004 007 2.452e+01
E 004 009 6.748e+01
E 004 010 1.746e+01
E 004 011 6.964e+01
E 004 015 3.437e+01
E 005 010 6.101e+01
E 005 012 2.332e+01
E 005 015 2.236e+01
E 006 007 9.192e+01
E 006 008 1.000e+01
E 006 011 1.931e+01
E 006 017 7.495e+01
E 006 018 6.580e+01
E 007 012 6.964e+01
E 007 011 8.147e+01
E 008 013 3.265e+01
E 008 016 6.083e+01
E 008 017 6.555e+01
E 008 018 7.049e+01
E 009 017 6.546e+01
E 009 013 2.973e+01
E 010 014 3.883e+01
E 010 019 5.036e+01
E 011 013 8.062e+00
E 011 014 3.087e+01
E 011 017 7.823e+01
E 012 016 6.708e+01
E 013 016 8.824e+01
E 014 019 6.083e+01
E 014 018 5.608e+01
E 016 018 1.196e+02
E 016 019 5.099e+00
E 017 018 1.044e+02
