N 000 026 081 9.260e-01
N 001 070 042 9.019e-01
N 002 027 002 8.754e-01
N 003 062 041 9.759e-03
N 004 040 020 4.024e-01
N 005 076 020 6.119e-01
N 006 089 098 5.849e-01
N 007 063 047 1.141e-01
N 008 014 024 5.327e-01
N 009 072 092 9.613e-01
N 010 044 011 6.869e-01
N 011 006 093 5.170e-01
N 012 047 010 3.492e-03
N 013 067 043 5.970e-01
N 014 064 027 4.371e-01
N 015 093 048 5.338e-01
N 016 001 073 2.777e-02
N 017 098 016 2.577e-01
N 018 096 052 2.428e-01
N 019 086 030 6.861e-01
E 000 018 7.577e+01
E 000 005 7.887e+01
E 001 003 8.062e+00
E 001 004 3.720e+01
E 001 007 8.602e+00
E 001 008 5.882e+01
E 001 013 3.162e+00
E 001 017 3.821e+01
E 002 003 5.240e+01
E 002 004 2.220e+01
E 002 005 5.220e+01
E 002 009 1.006e+02
E 002 010 1.924e+01
E 002 013 5.728e+01
E 002 015 8.045e+01
E 002 016 7.561e+01
E 002 019 6.531e+01
E 003 004 3.041e+01
E 003 009 5.197e+01
E 003 013 5.385e+00
E 003 015 3.178e+01
E 003 019 2.640e+01
E 004 009 7.879e+01
E 004 010 9.849e+00
E 004 012 1.221e+01
E 004 014 2.500e+01
E 004 015 5.994e+01
E 004 017 5.814e+01
E 004 018 6.450e+01
E 005 006 7.908e+01
E 005 007 2.997e+01
E 005 015 3.276e+01
E 005 018 3.774e+01
E 006 008 1.054e+02
E 006 013 5.924e+01
E 006 014 7.527e+01
E 006 015 5.016e+01
E 006 016 9.148e+01
E 006 019 6.807e+01
E 007 014 2.002e+01
E 007 013 5.657e+00
E 008 010 3.270e+01
E 008 012 3.585e+01
E 008 014 5.009e+01
E 008 018 8.665e+01
E 009 010 8.570e+01
E 009 013 4.925e+01
E 009 015 4.875e+01
E 010 013 3.941e+01
E 011 019 1.018e+02
E 011 012 9.257e+01
E 011 014 8.786e+01
E 012 014 2.404e+01
E 012 017 5.135e+01
E 012 018 6.454e+01
E 013 016 7.250e+01
E 013 017 4.111e+01
E 014 016 7.801e+01
E 015 018 5.000e+00
E 018 019 2.417e+01
