N 000 068 034 3.124e-01
N 001 050 098 7.509e-02
N 002 097 053 6.621e-01
N 003 071 002 8.627e-01
N 004 064 079 3.650e-01
N 005 067 084 7.107e-01
N 006 008 000 6.657e-01
N 007 094 012 9.420e-01
N 008 066 064 5.917e-01
N 009 023 077 4.423e-02
N 010 094 070 5.408e-01
N 011 009 079 1.861e-01
N 012 049 047 6.231e-01
N 013 013 050 6.005e-02
N 014 054 098 5.517e-01
N 015 026 032 3.616e-01
N 016 007 036 1.944e-01
N 017 049 074 4.655e-01
N 018 061 001 1.935e-03
N 019 000 049 3.604e-01
E 000 012 2.302e+01
E 000 006 6.896e+01
E 000 007 3.406e+01
E 001 003 9.827e+01
E 001 012 5.101e+01
E 002 005 4.314e+01
E 002 007 4.111e+01
E 002 008 3.289e+01
E 002 010 1.726e+01
E 002 011 9.176e+01
E 002 013 8.405e+01
E 002 017 5.239e+01
E 002 019 9.708e+01
E 003 004 7.732e+01
E 003 006 6.303e+01
E 003 013 7.529e+01
E 003 014 9.749e+01
E 003 015 5.408e+01
E 003 018 1.005e+01
E 004 005 5.831e+00
E 004 007 7.341e+01
E 004 011 5.500e+01
E 004 012 3.534e+01
E 004 018 7.806e+01
E 005 006 1.026e+02
E 005 007 7.690e+01
E 005 011 5.822e+01
E 005 013 6.381e+01
E 005 014 1.910e+01
E 005 016 7.684e+01
E 006 007 8.683e+01
E 006 010 1.109e+02
E 006 016 3.601e+01
E 006 017 8.460e+01
E 006 019 4.965e+01
E 007 008 5.906e+01
E 007 011 1.082e+02
E 007 012 5.701e+01
E 007 013 8.947e+01
E 008 009 4.492e+01
E 008 013 5.482e+01
E 008 017 1.972e+01
E 008 018 6.320e+01
E 008 019 6.768e+01
E 009 011 1.414e+01
E 009 012 3.970e+01
E 009 013 2.879e+01
E 009 017 2.617e+01
E 009 018 8.497e+01
E 010 014 4.883e+01
E 011 012 5.122e+01
E 011 015 4.998e+01
E 012 014 5.124e+01
E 012 018 4.754e+01
E 012 019 4.904e+01
E 013 015 2.220e+01
E 015 016 1.942e+01
E 015 017 4.789e+01
E 015 019 3.106e+01
E 018 019 7.762e+01
