N 000 092 041 7.925e-02
N 001 070 063 8.503e-01
N 002 078 049 1.886e-01
N 003 007 057 8.622e-01
N 004 030 015 3.157e-01
N 005 087 085 3.410e-01
N 006 043 077 7.744e-01
N 007 083 020 5.472e-01
N 008 098 050 9.959e-01
N 009 090 089 7.057e-01
N 010 065 069 9.126e-01
N 011 077 043 1.675e-01
N 012 040 049 3.688e-01
N 013 059 059 8.299e-01
N 014 018 042 2.000e-01
N 015 053 095 8.769e-01
N 016 059 013 4.809e-01
N 017 045 085 9.058e-01
N 018 048 055 5.658e-01
N 019 053 006 4.113e-01
E 000 003 8.649e+01
E 000 004 6.723e+01
E 000 005 4.428e+01
E 000 008 1.082e+01
E 000 013 3.759e+01
E 000 018 4.617e+01
E 001 002 1.612e+01
E 001 004 6.248e+01
E 001 006 3.041e+01
E 001 007 4.492e+01
E 001 011 2.119e+01
E 001 016 5.120e+01
E 001 018 2.341e+01
E 002 007 2.943e+01
E 002 008 2.002e+01
E 002 012 3.800e+01
E 002 013 2.147e+01
E 002 015 5.235e+01
E 002 018 3.059e+01
E 003 004 4.789e+01
E 003 006 4.118e+01
E 003 011 7.139e+01
E 003 013 5.204e+01
E 003 015 5.967e+01
E 003 019 6.868e+01
E 004 005 9.027e+01
E 004 010 6.435e+01
E 004 012 3.544e+01
E 004 013 5.270e+01
E 004 019 2.470e+01
E 005 017 4.200e+01
E 005 011 4.317e+01
E 006 007 6.963e+01
E 006 011 4.808e+01
E 006 014 4.301e+01
E 006 015 2.059e+01
E 006 017 8.246e+00
E 007 008 3.354e+01
E 007 009 6.935e+01
E 007 011 2.377e+01
E 007 013 4.579e+01
E 007 019 3.311e+01
E 008 009 3.981e+01
E 008 014 8.040e+01
E 008 015 6.364e+01
E 008 016 5.376e+01
E 009 016 8.208e+01
E 009 017 4.518e+01
E 009 018 5.404e+01
E 009 019 9.087e+01
E 010 012 3.202e+01
E 010 013 1.166e+01
E 011 012 3.748e+01
E 012 017 3.635e+01
E 013 018 1.170e+01
E 014 015 6.351e+01
E 016 018 4.342e+01
E 016 017 7.335e+01
E 017 018 3.015e+01
E 017 019 7.940e+01
