N 000 025 082 2.884e-01
N 001 009 011 1.144e-01
N 002 097 054 4.094e-01
N 003 004 083 6.478e-01
N 004 030 042 9.634e-01
N 005 048 092 7.546e-01
N 006 037 088 4.332e-01
N 007 036 051 7.308e-02
N 008 043 005 1.768e-01
N 009 041 043 7.423e-01
N 010 049 086 9.559e-01
N 011 099 098 1.264e-01
N 012 023 078 4.906e-01
N 013 086 023 3.653e-01
N 014 049 072 1.922e-01
N 015 022 029 1.661e-01
N 016 078 033 5.700e-01
N 017 078 047 2.817e-02
N 018 064 051 4.076e-01
N 019 013 027 3.529e-01
E 000 017 6.351e+01
E 000 010 2.433e+01
E 000 014 2.600e+01
E 001 008 3.453e+01
E 001 013 7.793e+01
E 001 014 7.295e+01
E 002 017 2.025e+01
E 002 019 8.823e+01
E 002 012 7.779e+01
E 002 006 6.896e+01
E 003 006 3.338e+01
E 003 007 4.525e+01
E 003 008 8.721e+01
E 003 009 5.449e+01
E 003 010 4.510e+01
E 003 011 9.618e+01
E 003 012 1.965e+01
E 003 016 8.931e+01
E 004 017 4.826e+01
E 004 018 3.517e+01
E 004 012 3.667e+01
E 004 014 3.551e+01
E 004 006 4.653e+01
E 005 006 1.170e+01
E 005 007 4.272e+01
E 005 009 4.950e+01
E 005 013 7.877e+01
E 005 016 6.619e+01
E 005 018 4.401e+01
E 006 007 3.701e+01
E 006 015 6.088e+01
E 006 017 5.798e+01
E 006 019 6.555e+01
E 007 008 4.653e+01
E 007 009 9.434e+00
E 007 011 7.860e+01
E 007 012 2.997e+01
E 007 014 2.470e+01
E 007 015 2.608e+01
E 008 011 1.086e+02
E 008 013 4.662e+01
E 008 014 6.727e+01
E 009 014 3.008e+01
E 010 019 6.912e+01
E 010 014 1.400e+01
E 010 015 6.307e+01
E 011 012 7.859e+01
E 011 013 7.612e+01
E 011 019 1.115e+02
E 012 013 8.363e+01
E 012 015 4.901e+01
E 012 016 7.106e+01
E 012 017 6.313e+01
E 013 014 6.140e+01
E 013 015 6.428e+01
E 013 019 7.311e+01
E 014 017 3.829e+01
E 014 018 2.581e+01
E 015 018 4.741e+01
E 016 019 6.528e+01
