N 000 014 037 7.980e-01
N 001 049 050 9.114e-01
N 002 023 046 9.804e-01
N 003 017 089 2.529e-01
N 004 016 011 4.302e-01
N 005 047 020 5.485e-01
N 006 042 054 9.047e-01
N 007 023 073 6.237e-01
N 008 095 012 4.405e-01
N 009 031 083 9.945e-01
N 010 080 064 2.695e-01
N 011 026 034 3.382e-01
N 012 090 040 1.053e-01
N 013 008 071 9.776e-01
N 014 051 080 5.324e-01
N 015 079 041 2.350e-01
N 016 020 062 7.725e-01
N 017 032 074 8.426e-01
N 018 055 033 1.793e-01
N 019 065 059 4.747e-02
E 000 016 2.571e+01
E 000 002 1.273e+01
E 000 005 3.712e+01
E 000 006 3.276e+01
E 001 019 1.836e+01
E 001 009 3.759e+01
E 001 011 2.802e+01
E 001 005 3.007e+01
E 001 014 3.007e+01
E 002 019 4.397e+01
E 002 015 5.622e+01
E 002 005 3.538e+01
E 002 007 2.700e+01
E 003 008 1.096e+02
E 003 013 2.012e+01
E 003 005 7.524e+01
E 003 014 3.517e+01
E 003 007 1.709e+01
E 004 005 3.228e+01
E 004 006 5.025e+01
E 004 010 8.310e+01
E 004 011 2.508e+01
E 004 012 7.948e+01
E 004 016 5.116e+01
E 004 018 4.478e+01
E 005 007 5.818e+01
E 005 010 5.500e+01
E 005 013 6.420e+01
E 005 014 6.013e+01
E 005 017 5.604e+01
E 005 018 1.526e+01
E 006 009 3.102e+01
E 006 011 2.561e+01
E 006 012 5.000e+01
E 006 014 2.751e+01
E 006 019 2.354e+01
E 007 008 9.437e+01
E 007 015 6.450e+01
E 007 017 9.055e+00
E 007 019 4.427e+01
E 008 011 7.242e+01
E 008 016 9.014e+01
E 009 010 5.255e+01
E 010 012 2.600e+01
E 010 014 3.312e+01
E 010 015 2.302e+01
E 010 017 4.903e+01
E 010 019 1.581e+01
E 011 013 4.115e+01
E 011 014 5.235e+01
E 011 016 2.864e+01
E 012 014 5.587e+01
E 012 016 7.338e+01
E 012 018 3.569e+01
E 012 019 3.140e+01
E 013 014 4.393e+01
E 013 018 6.044e+01
E 013 019 5.825e+01
E 014 016 3.585e+01
E 016 018 4.545e+01
