N 000 074 025 9.702e-01
N 001 046 059 6.397e-01
N 002 043 076 3.702e-01
N 003 034 053 3.802e-01
N 004 054 024 4.850e-01
N 005 086 003 5.608e-01
N 006 081 029 1.849e-02
N 007 093 054 4.010e-01
N 008 054 004 3.619e-01
N 009 000 062 8.427e-01
N 010 033 010 5.880e-01
N 011 083 099 9.967e-01
N 012 085 068 1.163e-01
N 013 057 076 1.372e-02
N 014 009 096 6.509e-01
N 015 041 054 7.842e-02
N 016 054 071 4.995e-02
N 017 094 015 3.398e-01
N 018 073 031 2.900e-01
N 019 031 034 1.888e-01
E 000 001 4.405e+01
E 000 002 5.968e+01
E 000 006 8.062e+00
E 000 011 7.455e+01
E 000 012 4.438e+01
E 000 018 6.083e+00
E 000 019 4.393e+01
E 001 006 4.610e+01
E 001 010 5.070e+01
E 001 011 5.449e+01
E 001 012 4.002e+01
E 001 013 2.025e+01
E 001 014 5.233e+01
E 001 018 3.890e+01
E 002 008 7.284e+01
E 002 016 1.208e+01
E 003 017 7.102e+01
E 003 019 1.924e+01
E 003 006 5.277e+01
E 003 007 5.901e+01
E 004 008 2.000e+01
E 004 009 6.603e+01
E 004 006 2.746e+01
E 004 015 3.270e+01
E 005 018 3.087e+01
E 005 012 6.501e+01
E 005 007 5.148e+01
E 006 007 2.773e+01
E 006 009 8.746e+01
E 007 008 6.341e+01
E 007 009 9.334e+01
E 007 012 1.612e+01
E 007 013 4.219e+01
E 007 015 5.200e+01
E 007 016 4.254e+01
E 007 017 3.901e+01
E 007 019 6.515e+01
E 008 010 2.184e+01
E 008 012 7.111e+01
E 008 014 1.024e+02
E 008 018 3.302e+01
E 009 010 6.159e+01
E 009 012 8.521e+01
E 009 017 1.051e+02
E 009 018 7.931e+01
E 010 014 8.929e+01
E 010 015 4.472e+01
E 010 018 4.518e+01
E 011 012 3.106e+01
E 011 014 7.406e+01
E 011 015 6.155e+01
E 011 018 6.873e+01
E 012 017 5.376e+01
E 012 018 3.890e+01
E 013 017 7.134e+01
E 013 014 5.200e+01
E 016 017 6.882e+01
E 016 018 4.428e+01
E 017 018 2.640e+01
E 018 019 4.211e+01
