N 000 016 003 8.377e-01
N 001 054 033 4.127e-01
N 002 092 069 1.940e-01
N 003 053 043 7.948e-01
N 004 030 039 6.800e-01
N 005 038 064 4.545e-01
N 006 062 051 9.144e-01
N 007 039 078 5.436e-01
N 008 054 039 6.943e-01
N 009 077 007 9.841e-01
N 010 019 037 3.986e-01
N 011 004 067 8.014e-01
N 012 050 046 5.562e-01
N 013 029 005 2.287e-01
N 014 037 006 2.587e-01
N 015 059 055 4.631e-01
N 016 092 051 2.857e-01
N 017 054 077 5.513e-01
N 018 026 087 3.152e-01
N 019 015 029 7.893e-01
E 000 014 2.121e+01
E 000 004 3.863e+01
E 000 013 1.315e+01
E 000 006 6.648e+01
E 000 015 6.748e+01
E 001 017 4.400e+01
E 001 002 5.235e+01
E 001 003 1.005e+01
E 001 012 1.360e+01
E 001 007 4.743e+01
E 002 008 4.841e+01
E 002 003 4.687e+01
E 002 019 8.677e+01
E 002 007 5.376e+01
E 003 004 2.335e+01
E 003 009 4.327e+01
E 003 010 3.453e+01
E 003 011 5.456e+01
E 003 014 4.031e+01
E 004 006 3.418e+01
E 004 015 3.312e+01
E 004 016 6.315e+01
E 004 018 4.817e+01
E 004 019 1.803e+01
E 005 016 5.554e+01
E 005 006 2.729e+01
E 006 011 6.017e+01
E 006 013 5.661e+01
E 006 018 5.091e+01
E 007 011 3.669e+01
E 007 014 7.203e+01
E 007 015 3.048e+01
E 007 016 5.948e+01
E 007 018 1.581e+01
E 008 009 3.941e+01
E 008 018 5.557e+01
E 008 017 3.800e+01
E 009 010 6.530e+01
E 009 011 9.449e+01
E 009 012 4.743e+01
E 009 019 6.579e+01
E 010 013 3.353e+01
E 010 016 7.433e+01
E 010 017 5.315e+01
E 010 019 8.944e+00
E 011 012 5.057e+01
E 011 013 6.685e+01
E 011 017 5.099e+01
E 011 018 2.973e+01
E 011 019 3.956e+01
E 012 019 3.891e+01
E 013 014 8.062e+00
E 013 016 7.801e+01
E 014 017 7.301e+01
E 014 018 8.174e+01
E 015 018 4.597e+01
E 016 017 4.604e+01
E 016 019 8.008e+01
E 017 019 6.185e+01
E 018 019 5.903e+01
