N 000 025 033 2.452e-01
N 001 096 090 8.165e-01
N 002 028 087 9.493e-01
N 003 052 064 9.039e-01
N 004 020 061 8.870e-01
N 005 026 090 5.485e-02
N 006 016 088 8.142e-01
N 007 069 018 2.753e-01
N 008 052 070 1.226e-01
N 009 023 094 1.374e-01
N 010 090 037 6.406e-01
N 011 098 037 7.453e-02
N 012 052 010 7.379e-01
N 013 031 028 1.932e-01
N 014 006 025 9.886e-01
N 015 012 071 9.284e-01
N 016 096 005 8.659e-01
N 017 003 048 8.172e-01
N 018 010 093 5.304e-01
N 019 050 030 4.802e-01
E 000 002 5.408e+01
E 000 014 2.062e+01
E 001 002 6.807e+01
E 001 005 7.000e+01
E 001 006 8.002e+01
E 001 008 4.833e+01
E 001 010 5.334e+01
E 001 015 8.612e+01
E 001 017 1.020e+02
E 001 019 7.560e+01
E 002 010 7.965e+01
E 002 011 8.602e+01
E 002 014 6.579e+01
E 002 018 1.897e+01
E 002 019 6.110e+01
E 003 008 6.000e+00
E 003 015 4.061e+01
E 003 005 3.677e+01
E 003 007 4.904e+01
E 004 016 9.440e+01
E 004 009 3.314e+01
E 004 011 8.161e+01
E 004 014 3.863e+01
E 004 015 1.281e+01
E 005 006 1.020e+01
E 005 007 8.386e+01
E 005 010 8.310e+01
E 005 014 6.801e+01
E 005 016 1.101e+02
E 005 018 1.628e+01
E 005 019 6.462e+01
E 006 010 8.987e+01
E 006 007 8.780e+01
E 007 009 8.884e+01
E 007 010 2.832e+01
E 007 012 1.879e+01
E 007 014 6.339e+01
E 007 015 7.783e+01
E 007 018 9.543e+01
E 007 019 2.247e+01
E 008 019 4.005e+01
E 008 015 4.001e+01
E 009 010 8.797e+01
E 009 011 9.420e+01
E 009 013 6.648e+01
E 009 018 1.304e+01
E 010 016 3.256e+01
E 010 017 8.769e+01
E 010 019 4.061e+01
E 011 019 4.851e+01
E 011 012 5.334e+01
E 012 015 7.295e+01
E 012 017 6.201e+01
E 012 013 2.766e+01
E 014 016 9.220e+01
E 014 019 4.428e+01
E 016 018 1.230e+02
E 016 019 5.235e+01
E 017 018 4.554e+01
E 018 019 7.463e+01
