N 000 058 000 4.802e-02
N 001 059 036 2.433e-01
N 002 000 023 7.912e-01
N 003 000 005 5.409e-01
N 004 060 099 1.817e-01
N 005 030 006 7.050e-01
N 006 038 090 9.988e-01
N 007 073 067 9.955e-01
N 008 023 045 5.325e-01
N 009 062 050 4.617e-02
N 010 076 025 3.234e-01
N 011 083 079 1.984e-01
N 012 004 086 8.007e-01
N 013 041 006 9.391e-02
N 014 015 051 6.318e-01
N 015 071 040 4.018e-01
N 016 089 048 3.342e-01
N 017 020 038 1.354e-01
N 018 091 062 2.402e-01
N 019 020 003 8.628e-01
E 000 015 4.206e+01
E 000 003 5.822e+01
E 000 005 2.864e+01
E 000 006 9.220e+01
E 000 007 6.866e+01
E 001 006 5.794e+01
E 001 009 1.432e+01
E 001 011 4.924e+01
E 001 012 7.433e+01
E 001 013 3.499e+01
E 001 014 4.649e+01
E 001 015 1.265e+01
E 002 011 1.001e+02
E 002 009 6.762e+01
E 002 003 1.800e+01
E 002 006 7.703e+01
E 002 017 2.500e+01
E 003 004 1.115e+02
E 003 008 4.614e+01
E 003 009 7.661e+01
E 003 014 4.838e+01
E 003 016 9.884e+01
E 003 017 3.859e+01
E 004 010 7.571e+01
E 004 005 9.772e+01
E 004 014 6.580e+01
E 004 013 9.492e+01
E 005 009 5.441e+01
E 005 010 4.977e+01
E 005 006 8.438e+01
E 006 013 8.405e+01
E 006 015 5.991e+01
E 006 018 5.994e+01
E 007 010 4.211e+01
E 007 012 7.157e+01
E 007 013 6.888e+01
E 007 014 6.017e+01
E 007 015 2.707e+01
E 007 016 2.484e+01
E 007 019 8.310e+01
E 008 019 4.211e+01
E 008 009 3.932e+01
E 008 018 7.009e+01
E 008 017 7.616e+00
E 009 015 1.345e+01
E 009 016 2.707e+01
E 009 019 6.303e+01
E 010 011 5.445e+01
E 010 013 3.982e+01
E 010 015 1.581e+01
E 010 016 2.642e+01
E 010 018 3.992e+01
E 011 014 7.354e+01
E 012 016 9.311e+01
E 012 018 9.025e+01
E 013 017 3.828e+01
E 014 015 5.707e+01
E 014 018 7.679e+01
E 016 018 1.414e+01
E 018 019 9.231e+01
