N 000 059 033 8.706e-01
N 001 003 052 1.636e-01
N 002 028 026 5.097e-01
N 003 068 070 2.088e-01
N 004 028 014 2.839e-01
N 005 012 048 1.716e-01
N 006 080 090 4.856e-01
N 007 024 079 3.679e-01
N 008 082 066 4.452e-01
N 009 099 079 8.477e-01
N 010 052 038 2.572e-01
N 011 087 048 9.722e-01
N 012 090 069 3.739e-01
N 013 004 003 4.119e-01
N 014 014 098 4.862e-01
N 015 076 005 8.570e-01
N 016 053 063 1.618e-01
N 017 021 002 7.742e-01
N 018 040 017 2.904e-01
N 019 097 053 8.348e-01
E 000 009 6.096e+01
E 000 002 3.178e+01
E 000 003 3.808e+01
E 000 004 3.636e+01
E 000 015 3.276e+01
E 001 003 6.745e+01
E 001 006 8.587e+01
E 001 008 8.023e+01
E 001 009 9.972e+01
E 001 016 5.120e+01
E 001 019 9.401e+01
E 002 003 5.946e+01
E 002 008 6.720e+01
E 002 009 8.860e+01
E 002 017 2.500e+01
E 002 018 1.500e+01
E 003 004 6.882e+01
E 003 007 4.491e+01
E 003 008 1.456e+01
E 003 009 3.228e+01
E 003 011 2.907e+01
E 003 012 2.202e+01
E 003 017 8.266e+01
E 003 019 3.362e+01
E 004 005 3.758e+01
E 004 010 3.394e+01
E 004 014 8.516e+01
E 004 018 1.237e+01
E 004 019 7.926e+01
E 005 019 8.515e+01
E 005 014 5.004e+01
E 006 009 2.195e+01
E 006 017 1.059e+02
E 006 007 5.707e+01
E 007 008 5.944e+01
E 007 011 7.021e+01
E 007 012 6.675e+01
E 007 016 3.312e+01
E 007 018 6.403e+01
E 007 019 7.749e+01
E 008 010 4.104e+01
E 008 015 6.129e+01
E 009 015 7.749e+01
E 009 016 4.870e+01
E 009 017 1.096e+02
E 010 012 4.904e+01
E 010 014 7.102e+01
E 010 017 4.751e+01
E 011 019 1.118e+01
E 011 017 8.045e+01
E 012 015 6.551e+01
E 012 017 9.618e+01
E 012 018 7.214e+01
E 013 017 1.703e+01
E 014 015 1.118e+02
E 015 016 6.239e+01
E 015 018 3.795e+01
E 016 017 6.888e+01
E 016 018 4.780e+01
E 017 018 2.421e+01
