N 000 062 098 6.628e-02
N 001 005 004 5.678e-02
N 002 004 091 4.183e-01
N 003 031 020 7.926e-01
N 004 061 009 9.148e-01
N 005 011 015 6.508e-01
N 006 062 036 3.427e-01
N 007 044 048 8.739e-01
N 008 024 036 1.956e-01
N 009 086 052 6.483e-01
N 010 010 075 3.909e-01
N 011 030 069 9.203e-01
N 012 059 071 4.560e-01
N 013 031 041 8.935e-01
N 014 017 045 1.202e-01
N 015 094 087 8.266e-01
N 016 053 045 9.135e-01
N 017 058 095 2.883e-01
N 018 057 086 7.011e-01
N 019 048 067 6.095e-01
E 000 016 5.376e+01
E 000 011 4.319e+01
E 000 014 6.953e+01
E 000 015 3.384e+01
E 001 016 6.313e+01
E 001 009 9.415e+01
E 001 010 7.118e+01
E 001 013 4.522e+01
E 002 006 7.993e+01
E 002 009 9.080e+01
E 002 011 3.406e+01
E 002 012 5.852e+01
E 002 014 4.780e+01
E 002 016 6.721e+01
E 003 008 1.746e+01
E 003 010 5.887e+01
E 003 012 5.818e+01
E 003 014 2.865e+01
E 004 006 2.702e+01
E 004 009 4.974e+01
E 004 010 8.341e+01
E 004 011 6.754e+01
E 004 014 5.685e+01
E 004 016 3.688e+01
E 004 017 8.605e+01
E 004 018 7.710e+01
E 004 019 5.944e+01
E 005 011 5.725e+01
E 005 012 7.376e+01
E 005 014 3.059e+01
E 005 015 1.099e+02
E 006 008 3.800e+01
E 006 010 6.500e+01
E 006 011 4.597e+01
E 006 012 3.513e+01
E 006 019 3.401e+01
E 007 019 1.942e+01
E 008 018 5.991e+01
E 008 012 4.950e+01
E 009 011 5.852e+01
E 009 014 6.935e+01
E 009 017 5.131e+01
E 010 014 3.081e+01
E 010 018 4.827e+01
E 010 019 3.883e+01
E 011 012 2.907e+01
E 011 014 2.729e+01
E 011 016 3.324e+01
E 011 018 3.191e+01
E 012 015 3.848e+01
E 012 019 1.170e+01
E 013 018 5.197e+01
E 013 017 6.037e+01
E 014 015 8.771e+01
E 015 016 5.869e+01
E 015 017 3.688e+01
E 015 018 3.701e+01
E 016 019 2.256e+01
E 017 018 9.055e+00
E 018 019 2.102e+01
