N 000 084 085 7.507e-01
N 001 054 022 4.592e-01
N 002 024 082 5.924e-02
N 003 065 008 7.409e-01
N 004 055 023 1.664e-01
N 005 024 054 4.082e-01
N 006 036 079 7.591e-02
N 007 092 034 9.836e-01
N 008 058 031 5.968e-02
N 009 085 081 8.758e-01
N 010 098 069 8.905e-01
N 011 031 068 6.345e-01
N 012 007 070 7.018e-01
N 013 014 058 3.235e-01
N 014 087 002 6.817e-01
N 015 082 005 6.619e-01
N 016 010 089 4.336e-01
N 017 018 094 1.459e-01
N 018 045 004 3.823e-01
N 019 043 068 5.915e-02
E 000 002 6.007e+01
E 000 003 7.931e+01
E 000 004 6.845e+01
E 000 010 2.126e+01
E 000 012 7.845e+01
E 000 014 8.305e+01
E 000 018 8.990e+01
E 000 019 4.438e+01
E 001 008 9.849e+00
E 001 009 6.665e+01
E 001 011 5.143e+01
E 001 014 3.859e+01
E 001 017 8.050e+01
E 001 018 2.012e+01
E 002 003 8.460e+01
E 002 015 9.640e+01
E 002 016 1.565e+01
E 002 017 1.342e+01
E 002 018 8.078e+01
E 003 004 1.803e+01
E 003 010 6.935e+01
E 003 013 7.142e+01
E 003 015 1.726e+01
E 003 017 9.801e+01
E 004 019 4.657e+01
E 004 005 4.384e+01
E 005 007 7.088e+01
E 005 008 4.105e+01
E 005 009 6.671e+01
E 005 012 2.335e+01
E 005 015 7.593e+01
E 005 017 4.045e+01
E 005 019 2.360e+01
E 006 008 5.280e+01
E 006 015 8.713e+01
E 007 008 3.413e+01
E 007 009 4.752e+01
E 007 013 8.161e+01
E 007 014 3.239e+01
E 007 019 5.964e+01
E 008 009 5.682e+01
E 008 010 5.517e+01
E 008 014 4.101e+01
E 008 015 3.538e+01
E 008 017 7.463e+01
E 008 018 2.997e+01
E 009 014 7.903e+01
E 009 017 6.825e+01
E 009 018 8.677e+01
E 010 016 9.024e+01
E 010 015 6.597e+01
E 012 014 1.050e+02
E 012 015 9.925e+01
E 013 016 3.126e+01
E 013 019 3.068e+01
E 014 018 4.205e+01
E 014 019 7.932e+01
E 016 019 3.912e+01
E 017 019 3.607e+01
E 018 019 6.403e+01
