N 000 034 022 4.567e-01
N 001 055 085 3.384e-01
N 002 025 041 3.154e-01
N 003 072 058 9.601e-01
N 004 062 084 2.929e-01
N 005 074 035 3.723e-01
N 006 062 011 3.618e-01
N 007 054 056 5.919e-01
N 008 016 004 6.741e-01
N 009 027 035 4.921e-01
N 010 034 018 9.190e-01
N 011 028 065 5.199e-01
N 012 014 059 1.171e-01
N 013 006 066 8.650e-01
N 014 052 088 2.114e-01
N 015 045 098 1.238e-01
N 016 044 020 9.056e-01
N 017 015 071 4.077e-02
N 018 046 003 5.597e-01
N 019 098 082 1.101e-01
E 000 008 2.546e+01
E 000 009 1.476e+01
E 000 012 4.206e+01
E 000 005 4.206e+01
E 000 015 7.679e+01
E 001 004 7.071e+00
E 001 006 7.433e+01
E 001 007 2.902e+01
E 001 008 8.990e+01
E 001 009 5.731e+01
E 001 010 7.021e+01
E 001 013 5.255e+01
E 001 014 4.243e+00
E 002 003 4.998e+01
E 002 005 4.937e+01
E 002 011 2.419e+01
E 002 012 2.110e+01
E 002 016 2.832e+01
E 002 019 8.373e+01
E 003 004 2.786e+01
E 003 006 4.805e+01
E 003 009 5.054e+01
E 003 010 5.517e+01
E 003 012 5.801e+01
E 003 016 4.720e+01
E 004 011 3.895e+01
E 004 013 5.882e+01
E 004 014 1.077e+01
E 005 006 2.683e+01
E 005 008 6.576e+01
E 005 013 7.473e+01
E 005 019 5.277e+01
E 006 007 4.571e+01
E 006 008 4.653e+01
E 006 010 2.886e+01
E 006 011 6.381e+01
E 006 015 8.865e+01
E 006 017 7.622e+01
E 006 019 7.961e+01
E 007 008 6.440e+01
E 007 009 3.421e+01
E 007 011 2.751e+01
E 007 015 4.295e+01
E 007 018 5.360e+01
E 008 015 9.837e+01
E 009 011 3.002e+01
E 009 016 2.267e+01
E 009 019 8.515e+01
E 010 019 9.051e+01
E 011 013 2.202e+01
E 011 018 6.456e+01
E 011 019 7.203e+01
E 013 016 5.967e+01
E 013 017 1.030e+01
E 014 016 6.847e+01
E 014 018 8.521e+01
E 014 019 4.639e+01
E 015 018 9.501e+01
E 015 019 5.536e+01
E 017 019 8.373e+01
