N 000 053 095 6.945e-01
N 001 076 038 3.331e-01
N 002 033 082 6.426e-01
N 003 003 017 6.628e-01
N 004 013 081 9.473e-01
N 005 098 094 4.084e-01
N 006 020 056 5.543e-01
N 007 075 042 4.553e-01
N 008 002 098 4.940e-01
N 009 082 075 4.646e-01
N 010 003 015 7.236e-02
N 011 028 028 7.104e-01
N 012 050 006 2.819e-01
N 013 094 007 2.951e-01
N 014 058 006 7.646e-01
N 015 001 033 2.520e-01
N 016 022 002 9.076e-01
N 017 096 006 5.794e-01
N 018 041 018 2.276e-01
N 019 063 017 4.430e-01
E 000 001 6.147e+01
E 000 004 4.238e+01
E 000 005 4.501e+01
E 000 009 3.523e+01
E 000 010 9.434e+01
E 000 015 8.092e+01
E 000 017 9.884e+01
E 001 017 3.774e+01
E 001 018 4.031e+01
E 001 012 4.123e+01
E 002 004 2.002e+01
E 002 005 6.610e+01
E 002 006 2.907e+01
E 002 007 5.800e+01
E 002 008 3.489e+01
E 002 010 7.341e+01
E 002 012 7.788e+01
E 002 015 5.852e+01
E 002 018 6.450e+01
E 003 008 8.101e+01
E 003 009 9.801e+01
E 003 012 4.827e+01
E 003 015 1.612e+01
E 003 017 9.365e+01
E 003 019 6.000e+01
E 004 005 8.599e+01
E 004 006 2.596e+01
E 004 014 8.746e+01
E 004 016 7.951e+01
E 004 017 1.119e+02
E 005 007 5.686e+01
E 005 008 9.608e+01
E 005 009 2.484e+01
E 005 010 1.236e+02
E 005 013 8.709e+01
E 005 014 9.666e+01
E 005 016 1.193e+02
E 006 016 5.404e+01
E 006 019 5.805e+01
E 006 014 6.280e+01
E 007 009 3.373e+01
E 008 019 1.014e+02
E 008 015 6.501e+01
E 009 012 7.606e+01
E 009 014 7.305e+01
E 009 019 6.103e+01
E 010 015 1.811e+01
E 010 013 9.135e+01
E 011 019 3.669e+01
E 011 014 3.720e+01
E 012 014 8.000e+00
E 012 016 2.828e+01
E 012 018 1.500e+01
E 012 019 1.703e+01
E 013 016 7.217e+01
E 014 016 3.622e+01
E 015 017 9.876e+01
E 016 017 7.411e+01
E 017 018 5.629e+01
E 018 019 2.202e+01
