N 000 006 077 6.581e-01
N 001 053 091 9.190e-01
N 002 002 054 9.594e-01
N 003 026 026 3.153e-01
N 004 043 096 9.163e-01
N 005 066 013 7.066e-02
N 006 030 006 6.187e-01
N 007 018 017 3.094e-01
N 008 074 081 8.324e-01
N 009 070 063 1.470e-01
N 010 094 085 2.192e-01
N 011 071 099 6.620e-01
N 012 047 039 4.037e-01
N 013 023 091 1.155e-01
N 014 064 073 6.882e-01
N 015 080 061 7.750e-01
N 016 035 089 8.638e-01
N 017 061 039 6.991e-01
N 018 041 065 5.370e-02
N 019 086 008 4.744e-01
E 000 016 3.138e+01
E 000 004 4.159e+01
E 000 013 2.202e+01
E 000 006 7.495e+01
E 001 007 8.186e+01
E 001 008 2.326e+01
E 001 010 4.144e+01
E 001 011 1.970e+01
E 001 012 5.235e+01
E 001 013 3.000e+01
E 001 014 2.110e+01
E 001 017 5.261e+01
E 001 019 8.932e+01
E 002 016 4.810e+01
E 002 004 5.869e+01
E 002 006 5.557e+01
E 003 009 5.749e+01
E 003 012 2.470e+01
E 003 013 6.507e+01
E 003 006 2.040e+01
E 003 007 1.204e+01
E 004 005 8.613e+01
E 004 006 9.093e+01
E 004 007 8.286e+01
E 004 009 4.264e+01
E 004 016 1.063e+01
E 004 018 3.106e+01
E 005 016 8.208e+01
E 005 012 3.220e+01
E 005 010 7.725e+01
E 005 014 6.003e+01
E 006 007 1.628e+01
E 006 010 1.017e+02
E 006 013 8.529e+01
E 006 014 7.513e+01
E 006 016 8.315e+01
E 006 018 6.002e+01
E 006 019 5.604e+01
E 007 008 8.504e+01
E 007 010 1.020e+02
E 007 019 6.859e+01
E 008 010 2.040e+01
E 008 011 1.825e+01
E 008 015 2.088e+01
E 008 019 7.398e+01
E 009 011 3.601e+01
E 009 012 3.324e+01
E 009 013 5.471e+01
E 009 014 1.166e+01
E 010 012 6.576e+01
E 010 014 3.231e+01
E 011 018 4.534e+01
E 012 019 4.982e+01
E 013 014 4.478e+01
E 013 017 6.440e+01
E 014 015 2.000e+01
E 014 016 3.312e+01
E 014 017 3.413e+01
E 016 017 5.636e+01
E 017 019 3.982e+01
