N 000 060 002 3.309e-01
N 001 072 065 1.780e-02
N 002 018 009 6.946e-01
N 003 027 061 9.236e-01
N 004 065 005 3.955e-01
N 005 061 029 9.181e-01
N 006 023 037 9.148e-01
N 007 019 091 4.442e-01
N 008 073 039 8.778e-01
N 009 046 060 9.923e-01
N 010 092 043 8.289e-01
N 011 074 010 9.027e-01
N 012 075 094 2.829e-01
N 013 082 060 8.116e-01
N 014 014 062 1.376e-02
N 015 087 017 6.563e-01
N 016 061 040 5.246e-01
N 017 019 039 2.125e-01
N 018 014 015 3.048e-02
N 019 043 029 2.372e-01
E 000 001 6.413e+01
E 000 003 6.760e+01
E 000 005 2.702e+01
E 000 006 5.093e+01
E 000 009 5.967e+01
E 000 013 6.203e+01
E 000 014 7.560e+01
E 000 018 4.780e+01
E 001 016 2.731e+01
E 001 015 5.029e+01
E 002 004 4.717e+01
E 002 006 2.844e+01
E 002 008 6.265e+01
E 002 009 5.818e+01
E 002 013 8.184e+01
E 002 015 6.946e+01
E 002 016 5.301e+01
E 002 017 3.002e+01
E 002 018 7.211e+00
E 003 007 3.105e+01
E 003 008 5.099e+01
E 003 012 5.825e+01
E 003 016 3.996e+01
E 003 018 4.780e+01
E 003 019 3.578e+01
E 004 008 3.493e+01
E 005 009 3.444e+01
E 005 014 5.743e+01
E 005 017 4.317e+01
E 006 019 2.154e+01
E 006 018 2.377e+01
E 006 010 6.926e+01
E 007 009 4.111e+01
E 007 010 8.737e+01
E 007 012 5.608e+01
E 007 015 1.005e+02
E 008 011 2.902e+01
E 008 014 6.332e+01
E 009 011 5.731e+01
E 009 015 5.941e+01
E 009 019 3.114e+01
E 010 013 1.972e+01
E 010 014 8.028e+01
E 010 016 3.114e+01
E 010 017 7.311e+01
E 011 017 6.218e+01
E 011 013 5.064e+01
E 011 015 1.476e+01
E 012 019 7.245e+01
E 012 013 3.471e+01
E 012 014 6.888e+01
E 013 014 6.803e+01
E 013 015 4.329e+01
E 013 019 4.982e+01
E 014 016 5.189e+01
E 014 017 2.354e+01
E 014 019 4.393e+01
E 015 019 4.561e+01
E 016 018 5.324e+01
E 018 019 3.220e+01
