N 000 076 027 2.371e-01
N 001 011 017 7.074e-01
N 002 026 007 4.503e-01
N 003 002 019 3.595e-01
N 004 053 060 1.506e-01
N 005 018 079 7.863e-01
N 006 080 076 6.076e-01
N 007 062 012 9.098e-01
N 008 031 074 1.229e-01
N 009 073 046 1.327e-01
N 010 030 016 8.602e-01
N 011 001 049 7.979e-01
N 012 018 046 2.828e-01
N 013 048 069 7.690e-01
N 014 081 045 1.055e-01
N 015 063 042 5.668e-01
N 016 041 007 9.130e-01
N 017 026 002 1.053e-02
N 018 085 056 8.281e-01
N 019 056 003 2.923e-01
E 000 009 1.924e+01
E 000 002 5.385e+01
E 000 018 3.036e+01
E 000 005 7.790e+01
E 000 006 4.916e+01
E 001 009 6.845e+01
E 001 018 8.365e+01
E 001 015 5.770e+01
E 001 012 2.983e+01
E 001 007 5.124e+01
E 002 003 2.683e+01
E 002 008 6.719e+01
E 002 009 6.107e+01
E 002 014 6.685e+01
E 002 019 3.027e+01
E 003 008 6.218e+01
E 003 009 7.596e+01
E 003 010 2.816e+01
E 003 012 3.138e+01
E 003 018 9.087e+01
E 003 019 5.632e+01
E 004 007 4.884e+01
E 004 010 4.965e+01
E 004 014 3.176e+01
E 004 015 2.059e+01
E 004 016 5.434e+01
E 004 017 6.398e+01
E 004 019 5.708e+01
E 005 006 6.207e+01
E 005 008 1.393e+01
E 005 014 7.159e+01
E 005 016 7.558e+01
E 005 018 7.084e+01
E 006 008 4.904e+01
E 006 010 7.810e+01
E 006 016 7.926e+01
E 007 013 5.869e+01
E 007 014 3.808e+01
E 007 015 3.002e+01
E 007 017 3.736e+01
E 008 009 5.048e+01
E 008 010 5.801e+01
E 008 012 3.087e+01
E 008 014 5.780e+01
E 009 015 1.077e+01
E 009 016 5.045e+01
E 009 017 6.438e+01
E 010 012 3.231e+01
E 011 016 5.800e+01
E 011 014 8.010e+01
E 011 015 6.239e+01
E 012 018 6.774e+01
E 013 016 6.239e+01
E 013 014 4.080e+01
E 014 016 5.517e+01
E 014 017 6.981e+01
E 015 018 2.608e+01
E 016 017 1.581e+01
E 017 019 3.002e+01
E 018 019 6.042e+01
