N 000 064 027 4.109e-01
N 001 040 070 1.652e-01
N 002 036 070 9.668e-01
N 003 016 023 7.639e-01
N 004 057 018 3.935e-02
N 005 062 035 3.322e-01
N 006 095 042 1.404e-02
N 007 043 099 1.317e-01
N 008 095 040 8.237e-02
N 009 018 004 5.738e-01
N 010 068 078 9.017e-01
N 011 090 061 4.457e-01
N 012 058 051 2.703e-01
N 013 034 056 5.685e-01
N 014 087 062 3.837e-01
N 015 006 045 7.612e-01
N 016 090 076 9.696e-01
N 017 082 000 9.606e-01
N 018 032 060 8.413e-01
N 019 067 093 7.481e-01
E 000 002 5.131e+01
E 000 009 5.143e+01
E 000 010 5.116e+01
E 000 011 4.280e+01
E 000 012 2.474e+01
E 000 015 6.073e+01
E 000 016 5.547e+01
E 000 017 3.245e+01
E 001 002 4.000e+00
E 001 007 2.915e+01
E 001 008 6.265e+01
E 001 009 6.957e+01
E 001 012 2.617e+01
E 001 016 5.036e+01
E 002 004 5.608e+01
E 002 013 1.414e+01
E 002 015 3.905e+01
E 002 016 5.433e+01
E 002 019 3.860e+01
E 003 009 1.910e+01
E 003 019 8.661e+01
E 003 005 4.754e+01
E 003 014 8.101e+01
E 004 005 1.772e+01
E 004 006 4.494e+01
E 004 011 5.420e+01
E 004 015 5.771e+01
E 004 018 4.888e+01
E 005 007 6.676e+01
E 005 010 4.342e+01
E 005 013 3.500e+01
E 005 016 4.965e+01
E 005 019 5.822e+01
E 006 007 7.716e+01
E 006 008 2.000e+00
E 006 009 8.587e+01
E 006 011 1.965e+01
E 006 014 2.154e+01
E 006 018 6.552e+01
E 007 010 3.265e+01
E 007 011 6.044e+01
E 007 013 4.393e+01
E 007 014 5.749e+01
E 007 018 4.052e+01
E 008 011 2.159e+01
E 008 014 2.341e+01
E 008 009 8.500e+01
E 009 012 6.172e+01
E 009 014 9.014e+01
E 010 013 4.050e+01
E 011 015 8.551e+01
E 011 016 1.500e+01
E 012 015 5.235e+01
E 012 017 5.636e+01
E 013 016 5.946e+01
E 013 018 4.472e+00
E 014 016 1.432e+01
E 015 018 3.002e+01
E 016 017 7.642e+01
E 018 019 4.810e+01
