N 000 040 084 5.044e-01
N 001 039 038 8.054e-01
N 002 007 030 9.034e-01
N 003 073 005 9.170e-01
N 004 085 063 7.196e-01
N 005 017 030 1.249e-01
N 006 056 010 9.676e-01
N 007 089 035 5.638e-02
N 008 039 091 5.838e-01
N 009 099 083 9.312e-01
N 010 044 059 3.016e-01
N 011 072 083 1.487e-01
N 012 059 086 5.300e-01
N 013 032 032 2.692e-02
N 014 033 072 8.924e-01
N 015 040 048 5.874e-01
N 016 063 069 3.249e-02
N 017 084 069 7.385e-01
N 018 092 053 7.314e-01
N 019 046 089 1.994e-01
E 000 009 5.901e+01
E 000 002 6.329e+01
E 000 010 2.532e+01
E 000 006 7.571e+01
E 000 017 4.649e+01
E 001 002 3.298e+01
E 001 003 4.738e+01
E 001 004 5.235e+01
E 001 006 3.276e+01
E 001 009 7.500e+01
E 001 017 5.464e+01
E 002 005 1.000e+01
E 002 006 5.292e+01
E 002 007 8.215e+01
E 002 008 6.888e+01
E 002 009 1.062e+02
E 002 012 7.642e+01
E 002 015 3.759e+01
E 002 016 6.824e+01
E 003 008 9.248e+01
E 003 011 7.801e+01
E 003 012 8.220e+01
E 003 009 8.222e+01
E 004 018 1.221e+01
E 004 015 4.743e+01
E 004 017 6.083e+00
E 004 007 2.828e+01
E 005 007 7.217e+01
E 005 008 6.485e+01
E 005 009 9.764e+01
E 005 010 3.962e+01
E 005 015 2.921e+01
E 005 018 7.845e+01
E 006 007 4.140e+01
E 006 011 7.473e+01
E 006 013 3.256e+01
E 006 014 6.613e+01
E 006 015 4.123e+01
E 006 017 6.531e+01
E 007 009 4.903e+01
E 007 010 5.100e+01
E 007 016 4.280e+01
E 007 019 6.903e+01
E 008 009 6.053e+01
E 008 010 3.239e+01
E 008 014 1.992e+01
E 008 015 4.301e+01
E 009 010 6.001e+01
E 009 013 8.420e+01
E 009 017 2.052e+01
E 009 018 3.081e+01
E 009 019 5.334e+01
E 010 013 2.955e+01
E 010 019 3.007e+01
E 011 019 2.668e+01
E 011 013 6.482e+01
E 012 015 4.249e+01
E 013 014 4.001e+01
E 016 019 2.625e+01
E 017 018 1.789e+01
