N 000 087 087 9.782e-01
N 001 030 026 2.682e-01
N 002 085 004 1.536e-01
N 003 083 039 8.551e-01
N 004 031 047 5.252e-01
N 005 056 075 1.182e-02
N 006 006 068 9.180e-01
N 007 020 017 8.043e-01
N 008 000 001 2.230e-01
N 009 047 024 9.022e-01
N 010 075 004 1.637e-01
N 011 045 081 2.953e-01
N 012 083 000 2.734e-01
N 013 018 074 5.938e-01
N 014 017 062 8.576e-01
N 015 058 068 7.105e-01
N 016 083 069 5.118e-01
N 017 026 020 9.240e-01
N 018 088 011 7.972e-01
N 019 020 012 9.189e-01
E 000 002 8.302e+01
E 000 003 4.817e+01
E 000 012 8.709e+01
E 000 015 3.467e+01
E 000 016 1.844e+01
E 000 018 7.601e+01
E 000 019 1.006e+02
E 001 012 5.903e+01
E 001 002 5.924e+01
E 001 004 2.102e+01
E 001 015 5.048e+01
E 002 007 6.629e+01
E 002 008 8.505e+01
E 002 014 8.938e+01
E 002 017 6.113e+01
E 002 019 6.549e+01
E 003 004 5.261e+01
E 003 008 9.129e+01
E 003 009 3.900e+01
E 003 014 6.989e+01
E 003 015 3.829e+01
E 003 018 2.844e+01
E 004 007 3.195e+01
E 004 008 5.547e+01
E 004 009 2.802e+01
E 004 011 3.677e+01
E 004 013 2.997e+01
E 004 016 5.646e+01
E 005 009 5.179e+01
E 005 013 3.801e+01
E 005 007 6.826e+01
E 006 007 5.289e+01
E 006 008 6.727e+01
E 006 012 1.027e+02
E 006 016 7.701e+01
E 006 017 5.200e+01
E 006 018 9.986e+01
E 007 012 6.525e+01
E 007 014 4.510e+01
E 007 015 6.360e+01
E 008 013 7.519e+01
E 009 010 3.441e+01
E 009 011 5.704e+01
E 009 012 4.327e+01
E 009 013 5.780e+01
E 009 014 4.841e+01
E 010 011 8.264e+01
E 010 014 8.202e+01
E 010 017 5.155e+01
E 011 016 3.985e+01
E 011 019 7.339e+01
E 012 013 9.849e+01
E 012 016 6.900e+01
E 012 018 1.208e+01
E 013 015 4.045e+01
E 013 017 5.459e+01
E 015 017 5.769e+01
E 015 018 6.441e+01
E 015 019 6.768e+01
E 016 018 5.822e+01
