N 000 092 067 3.628e-01
N 001 068 013 9.243e-01
N 002 075 027 7.056e-01
N 003 002 064 8.020e-01
N 004 005 089 8.212e-01
N 005 093 095 1.925e-01
N 006 090 050 8.053e-01
N 007 057 019 5.047e-02
N 008 017 067 2.430e-01
N 009 073 010 4.440e-01
N 010 085 099 1.711e-01
N 011 065 000 2.669e-01
N 012 008 045 3.124e-01
N 013 092 046 4.507e-02
N 014 020 085 5.554e-01
N 015 058 068 8.162e-01
N 016 011 025 3.177e-01
N 017 052 044 3.244e-02
N 018 005 048 6.381e-01
N 019 045 091 8.167e-01
E 000 001 5.909e+01
E 000 004 8.974e+01
E 000 005 2.802e+01
E 000 008 7.500e+01
E 000 011 7.224e+01
E 000 016 9.124e+01
E 000 019 5.277e+01
E 001 019 8.132e+01
E 001 011 1.334e+01
E 001 012 6.800e+01
E 002 018 7.308e+01
E 002 004 9.351e+01
E 002 014 7.993e+01
E 002 006 2.746e+01
E 002 015 4.438e+01
E 003 005 9.614e+01
E 003 007 7.106e+01
E 003 012 1.992e+01
E 003 013 9.178e+01
E 003 015 5.614e+01
E 003 017 5.385e+01
E 004 006 9.352e+01
E 004 008 2.506e+01
E 004 009 1.042e+02
E 004 012 4.410e+01
E 004 015 5.701e+01
E 004 017 6.507e+01
E 004 019 4.005e+01
E 005 007 8.410e+01
E 005 008 8.099e+01
E 005 011 9.904e+01
E 005 012 9.862e+01
E 005 013 4.901e+01
E 005 018 9.976e+01
E 006 007 4.528e+01
E 006 008 7.495e+01
E 006 012 8.215e+01
E 006 014 7.826e+01
E 006 015 3.672e+01
E 006 018 8.502e+01
E 007 012 5.547e+01
E 007 015 4.901e+01
E 007 018 5.954e+01
E 008 014 1.825e+01
E 008 015 4.101e+01
E 008 018 2.247e+01
E 008 019 3.688e+01
E 009 013 4.071e+01
E 009 015 5.991e+01
E 010 018 9.487e+01
E 010 011 1.010e+02
E 010 012 9.405e+01
E 011 013 5.334e+01
E 012 014 4.176e+01
E 012 015 5.504e+01
E 013 014 8.188e+01
E 015 016 6.370e+01
E 015 017 2.474e+01
E 016 018 2.377e+01
E 017 018 4.717e+01
