N 000 089 024 2.863e-01
N 001 069 099 4.183e-01
N 002 032 011 5.175e-01
N 003 005 029 9.404e-01
N 004 035 094 5.788e-01
N 005 083 099 2.318e-01
N 006 078 047 1.435e-01
N 007 026 007 1.520e-01
N 008 091 017 9.381e-02
N 009 013 068 1.727e-01
N 010 051 014 9.137e-01
N 011 044 067 2.410e-01
N 012 082 096 1.876e-01
N 013 084 083 2.139e-01
N 014 011 045 2.873e-01
N 015 017 021 8.138e-01
N 016 081 020 9.826e-01
N 017 052 095 8.902e-01
N 018 061 078 8.739e-01
N 019 004 067 9.579e-01
E 000 001 7.762e+01
E 000 002 5.846e+01
E 000 004 8.841e+01
E 000 008 7.280e+00
E 000 012 7.234e+01
E 000 014 8.078e+01
E 000 017 8.006e+01
E 001 002 9.546e+01
E 001 004 3.437e+01
E 001 008 8.490e+01
E 001 015 9.374e+01
E 001 016 7.991e+01
E 001 017 1.746e+01
E 002 011 5.727e+01
E 002 004 8.305e+01
E 003 015 1.442e+01
E 003 018 7.441e+01
E 003 011 5.445e+01
E 003 013 9.569e+01
E 003 007 3.041e+01
E 004 005 4.826e+01
E 004 006 6.370e+01
E 004 007 8.746e+01
E 004 009 3.406e+01
E 004 013 5.022e+01
E 004 016 8.713e+01
E 004 019 4.111e+01
E 005 007 1.082e+02
E 005 010 9.082e+01
E 005 011 5.045e+01
E 005 015 1.022e+02
E 005 019 8.523e+01
E 006 007 6.560e+01
E 006 008 3.270e+01
E 006 012 4.916e+01
E 006 017 5.459e+01
E 006 018 3.536e+01
E 007 012 1.052e+02
E 007 016 5.652e+01
E 008 011 6.862e+01
E 008 012 7.951e+01
E 008 013 6.637e+01
E 008 019 1.003e+02
E 009 017 4.743e+01
E 009 010 6.603e+01
E 009 011 3.102e+01
E 010 019 7.084e+01
E 010 015 3.471e+01
E 010 013 7.649e+01
E 011 013 4.308e+01
E 011 018 2.025e+01
E 011 019 4.000e+01
E 012 014 8.742e+01
E 012 016 7.601e+01
E 012 018 2.766e+01
E 013 016 6.307e+01
E 013 018 2.354e+01
E 014 018 5.991e+01
E 015 018 7.201e+01
E 018 019 5.805e+01
