N 000 015 037 7.317e-01
N 001 092 076 9.751e-01
N 002 021 072 1.414e-01
N 003 061 052 4.544e-01
N 004 004 021 9.767e-01
N 005 098 056 8.199e-01
N 006 052 073 2.118e-01
N 007 006 096 6.426e-01
N 008 084 091 9.484e-01
N 009 007 027 1.733e-01
N 010 090 082 6.404e-02
N 011 076 031 7.218e-01
N 012 029 068 3.872e-01
N 013 032 099 5.914e-01
N 014 053 030 6.062e-02
N 015 027 052 2.461e-01
N 016 001 047 3.469e-01
N 017 025 005 7.801e-01
N 018 091 083 7.746e-01
N 019 025 072 8.924e-01
E 000 005 8.515e+01
E 000 011 6.129e+01
E 000 014 3.864e+01
E 000 016 1.720e+01
E 000 017 3.353e+01
E 000 019 3.640e+01
E 001 017 9.762e+01
E 001 002 7.111e+01
E 001 012 6.351e+01
E 001 018 7.071e+00
E 001 014 6.031e+01
E 002 003 4.472e+01
E 002 004 5.376e+01
E 002 006 3.102e+01
E 002 007 2.830e+01
E 002 010 6.972e+01
E 002 011 6.860e+01
E 002 014 5.280e+01
E 003 008 4.528e+01
E 003 010 4.173e+01
E 003 014 2.341e+01
E 003 007 7.043e+01
E 004 017 2.640e+01
E 004 018 1.068e+02
E 004 012 5.324e+01
E 004 013 8.287e+01
E 005 008 3.770e+01
E 005 014 5.197e+01
E 005 015 7.111e+01
E 005 018 2.789e+01
E 005 019 7.473e+01
E 006 008 3.672e+01
E 006 013 3.280e+01
E 006 015 3.265e+01
E 007 008 7.816e+01
E 007 009 6.901e+01
E 007 015 4.875e+01
E 008 010 1.082e+01
E 008 015 6.907e+01
E 008 017 1.043e+02
E 009 010 9.957e+01
E 009 012 4.653e+01
E 009 014 4.610e+01
E 009 015 3.202e+01
E 009 017 2.843e+01
E 010 012 6.259e+01
E 010 013 6.044e+01
E 010 016 9.563e+01
E 010 018 1.414e+00
E 011 016 7.669e+01
E 011 015 5.331e+01
E 012 014 4.494e+01
E 013 015 4.727e+01
E 013 017 9.426e+01
E 013 018 6.113e+01
E 014 017 3.754e+01
E 014 019 5.048e+01
E 015 018 7.111e+01
E 016 018 9.693e+01
E 018 019 6.691e+01
