N 000 095 058 1.775e-02
N 001 097 039 3.435e-01
N 002 024 078 4.342e-01
N 003 008 036 3.670e-01
N 004 032 030 3.438e-01
N 005 047 049 1.869e-01
N 006 081 083 7.754e-01
N 007 014 031 2.156e-01
N 008 009 006 5.647e-01
N 009 011 047 7.122e-01
N 010 074 088 8.912e-01
N 011 033 068 3.690e-01
N 012 035 093 9.940e-01
N 013 084 043 7.136e-01
N 014 040 091 6.679e-01
N 015 064 032 6.183e-01
N 016 051 030 3.915e-01
N 017 064 016 3.342e-01
N 018 020 073 2.763e-01
N 019 011 033 3.023e-01
E 000 016 5.215e+01
E 000 012 6.946e+01
E 000 013 1.860e+01
E 000 006 2.865e+01
E 001 009 8.637e+01
E 001 002 8.276e+01
E 001 013 1.360e+01
E 002 004 4.866e+01
E 002 008 7.355e+01
E 002 009 3.362e+01
E 002 013 6.946e+01
E 002 016 5.507e+01
E 003 008 3.002e+01
E 003 017 5.946e+01
E 003 010 8.402e+01
E 004 007 1.803e+01
E 004 008 3.324e+01
E 004 012 6.307e+01
E 004 013 5.360e+01
E 004 015 3.206e+01
E 005 006 4.808e+01
E 005 008 5.738e+01
E 005 009 3.606e+01
E 005 012 4.561e+01
E 005 014 4.258e+01
E 005 019 3.940e+01
E 006 008 1.054e+02
E 006 019 8.602e+01
E 006 007 8.481e+01
E 007 009 1.628e+01
E 007 010 8.276e+01
E 007 011 4.159e+01
E 007 014 6.539e+01
E 007 015 5.001e+01
E 008 011 6.648e+01
E 008 012 9.080e+01
E 008 014 9.048e+01
E 008 016 4.837e+01
E 008 019 2.707e+01
E 009 012 5.188e+01
E 009 013 7.311e+01
E 009 015 5.508e+01
E 009 019 1.400e+01
E 010 015 5.689e+01
E 010 016 6.239e+01
E 010 017 7.269e+01
E 011 012 2.508e+01
E 011 014 2.404e+01
E 011 015 4.751e+01
E 011 016 4.205e+01
E 012 018 2.500e+01
E 013 016 3.547e+01
E 013 019 7.368e+01
E 014 018 2.691e+01
E 014 019 6.485e+01
E 015 018 6.014e+01
E 015 019 5.301e+01
E 016 018 5.301e+01
E 016 019 4.011e+01
E 017 018 7.201e+01
