N 000 042 032 2.528e-01
N 001 093 055 4.162e-02
N 002 000 073 4.560e-01
N 003 091 037 4.551e-01
N 004 021 030 5.956e-01
N 005 052 005 3.911e-01
N 006 035 062 5.392e-01
N 007 038 077 5.971e-01
N 008 062 053 7.592e-01
N 009 054 035 7.181e-01
N 010 031 062 8.009e-01
N 011 051 021 1.365e-01
N 012 061 067 5.521e-01
N 013 098 071 4.927e-01
N 014 038 071 6.229e-02
N 015 023 052 2.569e-01
N 016 004 030 6.712e-01
N 017 072 061 6.130e-01
N 018 005 056 5.371e-01
N 019 028 025 6.425e-02
E 000 001 5.595e+01
E 000 005 2.879e+01
E 000 006 3.081e+01
E 000 009 1.237e+01
E 000 011 1.421e+01
E 000 014 3.920e+01
E 000 017 4.173e+01
E 001 018 8.801e+01
E 001 011 5.404e+01
E 001 004 7.622e+01
E 001 007 5.924e+01
E 002 009 6.603e+01
E 002 018 1.772e+01
E 002 003 9.786e+01
E 002 007 3.821e+01
E 003 005 5.045e+01
E 003 006 6.133e+01
E 003 007 6.640e+01
E 003 009 3.705e+01
E 003 011 4.308e+01
E 003 013 3.471e+01
E 003 015 6.963e+01
E 003 016 8.728e+01
E 004 008 4.701e+01
E 004 009 3.338e+01
E 004 012 5.449e+01
E 004 016 1.700e+01
E 004 017 5.968e+01
E 004 019 8.602e+00
E 005 008 4.903e+01
E 005 018 6.935e+01
E 005 012 6.265e+01
E 006 008 2.846e+01
E 006 019 3.766e+01
E 006 015 1.562e+01
E 007 013 6.030e+01
E 007 014 6.000e+00
E 007 015 2.915e+01
E 007 016 5.801e+01
E 008 009 1.970e+01
E 008 012 1.404e+01
E 008 014 3.000e+01
E 008 015 3.901e+01
E 008 018 5.708e+01
E 009 014 3.940e+01
E 009 017 3.162e+01
E 010 019 3.712e+01
E 010 012 3.041e+01
E 011 019 2.335e+01
E 012 013 3.722e+01
E 012 014 2.335e+01
E 013 014 6.000e+01
E 013 016 1.026e+02
E 013 018 9.420e+01
E 014 019 4.707e+01
E 015 016 2.907e+01
E 015 018 1.844e+01
E 016 017 7.473e+01
E 016 019 2.452e+01
E 017 018 6.719e+01
