N 000 022 086 1.797e-01
N 001 025 076 1.178e-01
N 002 010 054 2.918e-01
N 003 068 028 4.736e-01
N 004 056 038 5.321e-01
N 005 059 038 9.840e-01
N 006 074 089 8.374e-03
N 007 023 016 8.605e-01
N 008 069 065 2.270e-01
N 009 007 072 9.641e-01
N 010 078 075 1.391e-01
N 011 047 004 3.444e-01
N 012 079 057 9.794e-01
N 013 018 057 9.012e-01
N 014 099 039 5.520e-01
N 015 085 087 8.129e-01
N 016 026 083 5.499e-01
N 017 041 065 5.129e-01
N 018 049 011 3.155e-01
N 019 041 056 9.215e-01
E 000 016 5.000e+00
E 000 009 2.052e+01
E 000 004 5.882e+01
E 000 013 2.927e+01
E 000 006 5.209e+01
E 001 002 2.663e+01
E 001 006 5.070e+01
E 001 007 6.003e+01
E 001 010 5.301e+01
E 001 011 7.529e+01
E 001 013 2.025e+01
E 001 016 7.071e+00
E 001 017 1.942e+01
E 002 003 6.356e+01
E 002 014 9.026e+01
E 002 015 8.194e+01
E 002 016 3.312e+01
E 002 017 3.289e+01
E 003 011 3.189e+01
E 003 005 1.345e+01
E 004 006 5.408e+01
E 004 008 2.997e+01
E 004 010 4.305e+01
E 004 012 2.983e+01
E 004 017 3.089e+01
E 004 018 2.789e+01
E 005 017 3.245e+01
E 005 018 2.879e+01
E 005 013 4.519e+01
E 005 007 4.219e+01
E 006 009 6.912e+01
E 006 010 1.456e+01
E 006 019 4.667e+01
E 007 008 6.721e+01
E 007 018 2.648e+01
E 007 016 6.707e+01
E 008 011 6.485e+01
E 008 013 5.162e+01
E 009 016 2.195e+01
E 009 018 7.406e+01
E 009 015 7.943e+01
E 010 011 7.747e+01
E 010 014 4.168e+01
E 010 018 7.026e+01
E 010 019 4.159e+01
E 011 017 6.129e+01
E 011 018 7.280e+00
E 011 019 5.235e+01
E 012 016 5.903e+01
E 012 018 5.492e+01
E 012 014 2.691e+01
E 013 014 8.298e+01
E 014 016 8.523e+01
E 015 019 5.382e+01
E 015 018 8.410e+01
E 015 017 4.919e+01
E 016 017 2.343e+01
E 017 018 5.459e+01
E 017 019 9.000e+00
E 018 019 4.571e+01
