N 000 023 050 5.865e-01
N 001 075 040 8.578e-02
N 002 066 018 1.927e-01
N 003 036 013 5.516e-01
N 004 037 098 3.058e-02
N 005 055 091 5.670e-01
N 006 029 062 4.606e-01
N 007 037 020 5.063e-01
N 008 040 064 2.397e-01
N 009 016 011 7.562e-01
N 010 081 011 5.984e-01
N 011 022 036 8.770e-01
N 012 062 067 9.645e-01
N 013 084 002 6.133e-02
N 014 009 025 3.685e-01
N 015 035 067 3.817e-02
N 016 095 011 3.232e-01
N 017 005 059 1.379e-01
N 018 032 008 3.183e-01
N 019 077 016 4.815e-01
E 000 002 5.360e+01
E 000 004 5.000e+01
E 000 005 5.201e+01
E 000 006 1.342e+01
E 000 007 3.311e+01
E 000 008 2.202e+01
E 000 011 1.404e+01
E 000 014 2.865e+01
E 000 015 2.081e+01
E 001 004 6.934e+01
E 001 007 4.294e+01
E 001 009 6.574e+01
E 001 010 2.961e+01
E 001 012 2.997e+01
E 001 014 6.768e+01
E 001 016 3.523e+01
E 001 018 5.360e+01
E 002 004 8.509e+01
E 002 008 5.284e+01
E 002 009 5.049e+01
E 002 015 5.798e+01
E 002 019 1.118e+01
E 003 016 5.903e+01
E 003 012 5.993e+01
E 003 006 4.950e+01
E 004 006 3.688e+01
E 004 008 3.413e+01
E 004 019 9.124e+01
E 005 010 8.412e+01
E 005 019 7.816e+01
E 005 012 2.500e+01
E 005 015 3.124e+01
E 006 009 5.263e+01
E 006 010 7.284e+01
E 006 011 2.693e+01
E 006 014 4.206e+01
E 006 018 5.408e+01
E 007 014 2.844e+01
E 007 016 5.869e+01
E 008 013 7.603e+01
E 009 012 7.247e+01
E 009 013 6.859e+01
E 009 016 7.900e+01
E 009 017 4.924e+01
E 010 012 5.914e+01
E 010 014 7.335e+01
E 010 015 7.247e+01
E 010 017 8.989e+01
E 010 018 4.909e+01
E 010 019 6.403e+00
E 011 013 7.071e+01
E 012 013 6.862e+01
E 012 016 6.500e+01
E 012 019 5.316e+01
E 013 014 7.845e+01
E 013 016 1.421e+01
E 013 017 9.742e+01
E 014 016 8.713e+01
E 014 018 2.860e+01
E 018 019 4.571e+01
