N 000 031 050 7.388e-01
N 001 014 077 2.122e-01
N 002 046 039 9.575e-01
N 003 026 039 9.810e-01
N 004 056 047 9.696e-01
N 005 084 055 9.384e-01
N 006 003 008 7.465e-01
N 007 093 071 6.224e-01
N 008 046 017 6.115e-01
N 009 080 006 9.596e-01
N 010 026 037 1.365e-01
N 011 016 029 5.706e-01
N 012 090 011 4.483e-01
N 013 024 064 9.039e-01
N 014 053 041 8.110e-01
N 015 026 072 9.358e-01
N 016 036 084 4.429e-01
N 017 013 067 7.661e-01
N 018 009 087 2.829e-01
N 019 037 029 9.997e-01
E 000 008 3.625e+01
E 000 001 3.191e+01
E 000 002 1.860e+01
E 000 011 2.581e+01
E 000 019 2.184e+01
E 001 006 6.987e+01
E 001 007 7.923e+01
E 001 014 5.308e+01
E 001 015 1.300e+01
E 001 018 1.118e+01
E 001 019 5.323e+01
E 002 008 2.200e+01
E 002 006 5.301e+01
E 002 017 4.328e+01
E 003 016 4.610e+01
E 003 009 6.329e+01
E 003 010 2.000e+00
E 003 005 6.017e+01
E 003 013 2.508e+01
E 004 008 3.162e+01
E 004 016 4.206e+01
E 004 012 4.952e+01
E 004 017 4.742e+01
E 004 015 3.905e+01
E 005 008 5.374e+01
E 005 010 6.073e+01
E 005 016 5.608e+01
E 005 018 8.154e+01
E 005 019 5.371e+01
E 006 008 4.393e+01
E 006 009 7.703e+01
E 006 013 5.981e+01
E 006 018 7.923e+01
E 006 019 3.996e+01
E 007 008 7.159e+01
E 007 010 7.513e+01
E 007 014 5.000e+01
E 007 009 6.629e+01
E 008 010 2.828e+01
E 008 014 2.500e+01
E 008 016 6.774e+01
E 008 018 7.918e+01
E 009 018 1.077e+02
E 009 014 4.420e+01
E 010 013 2.707e+01
E 010 016 4.805e+01
E 011 013 3.590e+01
E 011 015 4.415e+01
E 012 016 9.080e+01
E 012 018 1.111e+02
E 012 015 8.841e+01
E 013 015 8.246e+00
E 013 017 1.140e+01
E 014 015 4.111e+01
E 014 016 4.624e+01
E 014 018 6.366e+01
E 015 016 1.562e+01
E 015 017 1.393e+01
E 016 019 5.501e+01
E 017 018 2.040e+01
