N 000 052 006 3.944e-01
N 001 019 032 3.306e-01
N 002 033 009 7.695e-01
N 003 073 015 4.125e-01
N 004 076 081 2.215e-01
N 005 073 077 5.884e-01
N 006 097 067 9.134e-01
N 007 034 097 7.479e-01
N 008 086 066 7.727e-01
N 009 081 057 6.416e-01
N 010 034 011 2.285e-01
N 011 053 076 4.053e-01
N 012 076 027 8.217e-01
N 013 085 002 4.337e-01
N 014 078 089 9.400e-01
N 015 058 027 7.309e-01
N 016 035 075 7.726e-01
N 017 073 011 5.976e-01
N 018 037 034 5.147e-01
N 019 097 047 4.277e-01
E 000 001 4.201e+01
E 000 009 5.867e+01
E 000 011 7.001e+01
E 000 013 3.324e+01
E 000 014 8.698e+01
E 000 015 2.184e+01
E 000 016 7.106e+01
E 000 019 6.088e+01
E 001 016 4.588e+01
E 001 011 5.561e+01
E 001 004 7.517e+01
E 001 017 5.794e+01
E 002 004 8.386e+01
E 002 005 7.889e+01
E 002 006 8.637e+01
E 002 009 6.788e+01
E 002 011 6.992e+01
E 002 019 7.443e+01
E 003 008 5.263e+01
E 003 009 4.276e+01
E 003 013 1.769e+01
E 003 014 7.417e+01
E 003 017 4.000e+00
E 004 005 5.000e+00
E 004 007 4.494e+01
E 004 010 8.163e+01
E 004 011 2.354e+01
E 004 012 5.400e+01
E 004 013 7.951e+01
E 004 019 3.996e+01
E 005 011 2.002e+01
E 005 015 5.220e+01
E 006 009 1.887e+01
E 006 018 6.848e+01
E 007 008 6.054e+01
E 007 011 2.832e+01
E 008 011 3.448e+01
E 008 016 5.179e+01
E 008 014 2.435e+01
E 009 013 5.515e+01
E 009 017 4.669e+01
E 009 018 4.965e+01
E 009 019 1.887e+01
E 010 018 2.319e+01
E 010 011 6.772e+01
E 011 012 5.413e+01
E 011 014 2.818e+01
E 011 016 1.803e+01
E 012 016 6.313e+01
E 012 013 2.657e+01
E 012 014 6.203e+01
E 013 016 8.848e+01
E 013 017 1.500e+01
E 014 015 6.515e+01
E 014 016 4.522e+01
E 014 019 4.610e+01
E 015 017 2.193e+01
E 015 018 2.214e+01
E 016 017 7.443e+01
E 016 019 6.803e+01
