N 000 029 089 7.330e-01
N 001 060 062 3.010e-02
N 002 098 095 6.532e-02
N 003 034 016 6.923e-01
N 004 042 042 1.878e-01
N 005 033 038 6.970e-01
N 006 040 006 9.753e-01
N 007 098 027 7.152e-01
N 008 033 084 4.788e-01
N 009 065 016 4.604e-01
N 010 081 083 5.510e-02
N 011 073 088 4.133e-01
N 012 028 091 2.015e-01
N 013 069 078 8.737e-01
N 014 080 036 9.981e-01
N 015 081 090 3.094e-01
N 016 043 075 4.574e-01
N 017 076 008 4.341e-01
N 018 024 015 2.706e-01
N 019 063 053 3.945e-01
E 000 006 8.373e+01
E 000 007 9.276e+01
E 000 008 6.403e+00
E 000 012 2.236e+00
E 000 013 4.148e+01
E 000 015 5.201e+01
E 000 017 9.365e+01
E 000 018 7.417e+01
E 000 019 4.952e+01
E 001 009 4.627e+01
E 001 002 5.033e+01
E 001 003 5.284e+01
E 001 013 1.836e+01
E 001 014 3.280e+01
E 002 003 1.017e+02
E 002 009 8.562e+01
E 002 011 2.596e+01
E 002 012 7.011e+01
E 002 015 1.772e+01
E 002 017 8.974e+01
E 002 019 5.467e+01
E 003 005 2.202e+01
E 003 006 1.166e+01
E 003 010 8.184e+01
E 003 017 4.276e+01
E 004 005 9.849e+00
E 004 006 3.606e+01
E 004 007 5.797e+01
E 004 011 5.547e+01
E 004 013 4.500e+01
E 004 014 3.847e+01
E 004 015 6.185e+01
E 005 008 4.600e+01
E 005 014 4.704e+01
E 005 016 3.833e+01
E 005 019 3.354e+01
E 006 011 8.839e+01
E 006 012 8.584e+01
E 006 019 5.233e+01
E 007 012 9.485e+01
E 007 019 4.360e+01
E 007 014 2.012e+01
E 008 019 4.314e+01
E 008 014 6.718e+01
E 009 011 7.244e+01
E 009 013 6.213e+01
E 009 015 7.571e+01
E 010 012 5.360e+01
E 010 014 4.701e+01
E 011 012 4.510e+01
E 011 015 8.246e+00
E 011 018 8.792e+01
E 012 015 5.301e+01
E 012 016 2.193e+01
E 013 014 4.342e+01
E 013 015 1.697e+01
E 014 015 5.401e+01
E 014 018 5.981e+01
E 016 018 6.294e+01
E 017 019 4.684e+01
