N 000 099 039 7.909e-01
N 001 030 062 7.526e-01
N 002 099 038 7.978e-01
N 003 088 070 1.696e-01
N 004 060 038 9.225e-01
N 005 001 008 1.196e-01
N 006 018 058 6.395e-02
N 007 012 077 9.790e-01
N 008 070 088 1.666e-01
N 009 014 032 7.066e-01
N 010 016 001 4.771e-01
N 011 037 035 4.097e-01
N 012 005 043 2.592e-01
N 013 062 055 3.208e-01
N 014 019 031 4.468e-01
N 015 073 021 3.534e-01
N 016 013 097 8.871e-01
N 017 007 064 2.783e-02
N 018 069 018 5.947e-01
N 019 005 087 5.690e-01
E 000 002 1.000e+00
E 000 005 1.028e+02
E 000 008 5.694e+01
E 000 011 6.213e+01
E 000 016 1.037e+02
E 000 019 1.055e+02
E 001 010 6.259e+01
E 001 003 5.855e+01
E 001 004 3.842e+01
E 001 018 5.880e+01
E 001 006 1.265e+01
E 002 005 1.025e+02
E 002 008 5.780e+01
E 002 009 8.521e+01
E 002 010 9.087e+01
E 002 014 8.031e+01
E 002 018 3.606e+01
E 002 019 1.060e+02
E 003 018 5.536e+01
E 003 017 8.122e+01
E 004 006 4.652e+01
E 004 007 6.185e+01
E 004 009 4.639e+01
E 004 014 4.159e+01
E 004 015 2.140e+01
E 005 006 5.281e+01
E 005 012 3.523e+01
E 005 013 7.701e+01
E 005 019 7.910e+01
E 006 007 1.992e+01
E 006 010 5.704e+01
E 006 012 1.985e+01
E 006 019 3.178e+01
E 007 008 5.903e+01
E 007 009 4.504e+01
E 007 014 4.653e+01
E 007 019 1.221e+01
E 008 009 7.920e+01
E 008 010 1.024e+02
E 008 012 7.906e+01
E 008 013 3.396e+01
E 008 017 6.742e+01
E 008 018 7.001e+01
E 009 015 6.002e+01
E 009 017 3.276e+01
E 009 018 5.675e+01
E 010 013 7.094e+01
E 010 014 3.015e+01
E 010 016 9.605e+01
E 010 018 5.566e+01
E 010 019 8.670e+01
E 011 017 4.173e+01
E 011 018 3.624e+01
E 011 013 3.202e+01
E 012 013 5.825e+01
E 012 015 7.147e+01
E 012 016 5.459e+01
E 013 014 4.924e+01
E 013 016 6.454e+01
E 014 019 5.772e+01
