N 000 007 048 6.754e-01
N 001 092 086 9.528e-01
N 002 098 032 1.314e-02
N 003 088 025 9.160e-01
N 004 003 031 8.038e-01
N 005 089 046 4.631e-01
N 006 003 033 2.805e-01
N 007 053 061 3.389e-01
N 008 075 016 8.893e-01
N 009 091 002 2.146e-01
N 010 077 034 3.469e-01
N 011 020 007 9.367e-01
N 012 024 073 4.042e-01
N 013 014 073 7.966e-01
N 014 081 089 5.014e-01
N 015 020 040 7.266e-01
N 016 095 018 4.827e-01
N 017 068 012 7.409e-01
N 018 077 099 8.314e-02
N 019 043 067 2.006e-02
E 000 016 9.297e+01
E 000 001 9.311e+01
E 000 011 4.301e+01
E 000 004 1.746e+01
E 000 009 9.577e+01
E 001 003 6.113e+01
E 001 009 8.401e+01
E 001 010 5.412e+01
E 001 012 6.923e+01
E 001 013 7.908e+01
E 002 018 7.021e+01
E 002 004 9.501e+01
E 002 013 9.347e+01
E 003 004 8.521e+01
E 003 008 1.581e+01
E 003 010 1.421e+01
E 003 012 8.000e+01
E 003 014 6.438e+01
E 004 009 9.266e+01
E 004 010 7.406e+01
E 004 011 2.941e+01
E 004 013 4.342e+01
E 004 014 9.720e+01
E 004 015 1.924e+01
E 004 016 9.291e+01
E 004 017 6.772e+01
E 004 018 1.005e+02
E 005 016 2.864e+01
E 005 009 4.405e+01
E 005 018 5.434e+01
E 005 013 7.971e+01
E 005 017 3.996e+01
E 006 008 7.398e+01
E 006 009 9.330e+01
E 006 010 7.401e+01
E 006 014 9.602e+01
E 007 008 5.009e+01
E 007 017 5.124e+01
E 007 012 3.138e+01
E 007 013 4.080e+01
E 008 014 7.325e+01
E 008 015 6.001e+01
E 008 018 8.302e+01
E 009 011 7.118e+01
E 009 015 8.053e+01
E 009 016 1.649e+01
E 009 017 2.508e+01
E 010 013 7.409e+01
E 010 015 5.731e+01
E 010 016 2.408e+01
E 011 018 1.082e+02
E 011 014 1.022e+02
E 012 015 3.324e+01
E 012 016 8.981e+01
E 012 017 7.521e+01
E 012 018 5.903e+01
E 012 019 1.992e+01
E 014 017 7.809e+01
E 015 019 3.547e+01
E 016 017 2.766e+01
