N 000 043 013 7.257e-02
N 001 084 026 1.928e-01
N 002 018 065 6.922e-01
N 003 010 016 8.773e-01
N 004 016 082 3.807e-01
N 005 098 078 6.613e-01
N 006 017 092 5.638e-01
N 007 026 027 8.931e-01
N 008 077 004 4.843e-01
N 009 047 040 9.558e-01
N 010 013 050 1.704e-01
N 011 039 027 5.484e-01
N 012 092 076 4.554e-02
N 013 015 025 8.483e-01
N 014 001 033 9.886e-01
N 015 096 028 6.504e-01
N 016 029 077 6.655e-01
N 017 053 093 2.274e-01
N 018 098 081 8.611e-01
N 019 052 059 4.239e-01
E 000 002 5.770e+01
E 000 011 1.456e+01
E 000 012 7.981e+01
E 000 013 3.046e+01
E 000 016 6.551e+01
E 000 019 4.687e+01
E 001 016 7.501e+01
E 001 012 5.064e+01
E 001 010 7.495e+01
E 001 004 8.809e+01
E 002 003 4.965e+01
E 002 010 1.581e+01
E 002 014 3.624e+01
E 002 016 1.628e+01
E 002 018 8.158e+01
E 002 019 3.453e+01
E 003 009 4.410e+01
E 003 012 1.016e+02
E 003 018 1.094e+02
E 004 005 8.210e+01
E 004 006 1.005e+01
E 004 007 5.590e+01
E 004 009 5.220e+01
E 004 010 3.214e+01
E 004 016 1.393e+01
E 004 019 4.272e+01
E 005 012 6.325e+00
E 005 013 9.848e+01
E 005 017 4.743e+01
E 006 012 7.669e+01
E 006 015 1.017e+02
E 006 013 6.703e+01
E 006 007 6.562e+01
E 007 009 2.470e+01
E 007 010 2.642e+01
E 007 019 4.123e+01
E 008 010 7.882e+01
E 008 013 6.546e+01
E 008 014 8.134e+01
E 008 015 3.061e+01
E 008 016 8.737e+01
E 008 018 7.981e+01
E 009 019 1.965e+01
E 009 017 5.334e+01
E 010 012 8.317e+01
E 010 013 2.508e+01
E 010 014 2.081e+01
E 010 018 9.048e+01
E 011 016 5.099e+01
E 011 018 7.998e+01
E 011 012 7.218e+01
E 011 014 3.847e+01
E 013 014 1.612e+01
E 013 016 5.385e+01
E 014 015 9.513e+01
E 014 017 7.940e+01
E 014 019 5.725e+01
E 015 016 8.301e+01
E 015 019 5.382e+01
E 016 017 2.884e+01
