N 000 019 053 5.571e-01
N 001 008 054 1.744e-01
N 002 024 046 2.835e-01
N 003 091 064 6.429e-01
N 004 048 022 7.722e-01
N 005 085 049 2.377e-01
N 006 057 064 9.205e-01
N 007 027 058 8.463e-01
N 008 092 049 2.217e-01
N 009 046 083 6.133e-01
N 010 078 080 1.212e-01
N 011 034 067 6.023e-01
N 012 028 009 7.109e-01
N 013 027 010 4.596e-01
N 014 013 004 4.206e-01
N 015 063 051 3.389e-01
N 016 002 072 6.733e-01
N 017 096 044 1.049e-01
N 018 052 035 3.045e-01
N 019 041 009 3.769e-01
E 000 001 1.105e+01
E 000 008 7.311e+01
E 000 010 6.488e+01
E 000 011 2.052e+01
E 000 012 4.491e+01
E 000 019 4.919e+01
E 001 009 4.780e+01
E 001 018 4.793e+01
E 001 003 8.360e+01
E 002 006 3.759e+01
E 002 007 1.237e+01
E 002 009 4.305e+01
E 002 010 6.381e+01
E 002 011 2.326e+01
E 002 013 3.612e+01
E 002 014 4.342e+01
E 002 016 3.406e+01
E 003 007 6.428e+01
E 003 009 4.885e+01
E 003 010 2.062e+01
E 003 014 9.841e+01
E 003 018 4.860e+01
E 004 005 4.580e+01
E 004 007 4.168e+01
E 004 010 6.530e+01
E 004 011 4.713e+01
E 004 014 3.936e+01
E 004 018 1.360e+01
E 005 010 3.178e+01
E 005 011 5.408e+01
E 005 013 6.989e+01
E 005 017 1.208e+01
E 005 019 5.946e+01
E 006 018 2.943e+01
E 006 013 6.177e+01
E 006 014 7.440e+01
E 006 015 1.432e+01
E 007 010 5.554e+01
E 007 011 1.140e+01
E 007 013 4.800e+01
E 007 016 2.865e+01
E 007 017 7.041e+01
E 008 018 4.238e+01
E 009 010 3.214e+01
E 009 014 8.562e+01
E 009 017 6.341e+01
E 010 012 8.684e+01
E 010 013 8.661e+01
E 010 016 7.642e+01
E 010 018 5.197e+01
E 010 019 8.006e+01
E 011 015 3.312e+01
E 011 016 3.239e+01
E 011 017 6.613e+01
E 011 018 3.672e+01
E 013 016 6.685e+01
E 013 018 3.536e+01
E 014 017 9.214e+01
E 016 018 6.220e+01
E 017 019 6.519e+01
