N 000 098 072 8.673e-01
N 001 083 077 4.101e-01
N 002 020 082 9.040e-01
N 003 056 077 3.513e-01
N 004 086 090 6.273e-01
N 005 010 083 7.181e-02
N 006 031 061 7.957e-01
N 007 023 035 8.275e-01
N 008 069 047 8.050e-01
N 009 075 072 1.119e-01
N 010 042 008 4.285e-01
N 011 067 048 9.433e-01
N 012 070 031 8.900e-01
N 013 010 018 3.383e-03
N 014 070 088 1.566e-01
N 015 077 037 3.125e-01
N 016 096 004 7.357e-01
N 017 043 066 7.060e-01
N 018 046 024 7.131e-01
N 019 022 078 9.393e-01
E 000 003 4.230e+01
E 000 008 3.829e+01
E 000 010 8.504e+01
E 000 011 3.920e+01
E 000 012 4.965e+01
E 000 014 3.225e+01
E 000 015 4.082e+01
E 000 016 6.803e+01
E 000 018 7.077e+01
E 001 004 1.334e+01
E 001 005 7.325e+01
E 001 008 3.311e+01
E 001 013 9.386e+01
E 001 016 7.415e+01
E 001 017 4.148e+01
E 002 008 6.022e+01
E 002 011 5.801e+01
E 002 004 6.648e+01
E 002 006 2.371e+01
E 002 007 4.710e+01
E 003 006 2.968e+01
E 003 008 3.270e+01
E 003 009 1.965e+01
E 003 011 3.102e+01
E 003 012 4.808e+01
E 003 015 4.518e+01
E 003 017 1.703e+01
E 003 018 5.394e+01
E 004 008 4.624e+01
E 004 012 6.113e+01
E 004 006 6.218e+01
E 005 008 6.912e+01
E 005 009 6.592e+01
E 005 006 3.041e+01
E 005 007 4.973e+01
E 006 011 3.828e+01
E 006 015 5.188e+01
E 006 016 8.645e+01
E 006 017 1.300e+01
E 007 018 2.550e+01
E 007 019 4.301e+01
E 007 011 4.588e+01
E 008 015 1.281e+01
E 009 010 7.201e+01
E 009 014 1.676e+01
E 009 016 7.117e+01
E 009 018 5.608e+01
E 009 019 5.334e+01
E 010 011 4.717e+01
E 010 012 3.624e+01
E 010 014 8.476e+01
E 011 016 5.270e+01
E 011 019 5.408e+01
E 012 013 6.139e+01
E 012 015 9.220e+00
E 012 018 2.500e+01
E 012 019 6.718e+01
E 013 017 5.825e+01
E 015 018 3.362e+01
E 016 018 5.385e+01
