N 000 001 017 7.438e-01
N 001 047 089 1.346e-01
N 002 070 096 8.340e-01
N 003 057 040 1.896e-01
N 004 089 026 4.284e-01
N 005 000 050 8.668e-01
N 006 067 003 1.287e-02
N 007 093 044 1.947e-01
N 008 073 028 2.285e-01
N 009 043 017 9.695e-01
N 010 037 067 3.259e-01
N 011 049 049 9.071e-01
N 012 080 002 6.611e-01
N 013 040 017 6.383e-02
N 014 009 006 3.475e-01
N 015 091 055 5.554e-01
N 016 070 088 9.784e-01
N 017 036 028 9.352e-01
N 018 012 092 9.422e-01
N 019 057 000 5.215e-01
E 000 001 8.544e+01
E 000 002 1.049e+02
E 000 004 8.846e+01
E 000 008 7.284e+01
E 000 013 3.900e+01
E 000 015 9.769e+01
E 000 016 9.901e+01
E 000 017 3.669e+01
E 001 017 6.198e+01
E 001 002 2.404e+01
E 001 004 7.572e+01
E 001 007 6.435e+01
E 002 006 9.305e+01
E 002 011 5.148e+01
E 002 014 1.087e+02
E 002 015 4.607e+01
E 003 005 5.787e+01
E 003 006 3.833e+01
E 003 007 3.622e+01
E 003 008 2.000e+01
E 003 012 4.442e+01
E 003 019 4.000e+01
E 004 013 4.982e+01
E 004 014 8.246e+01
E 004 015 2.907e+01
E 004 019 4.123e+01
E 005 011 4.901e+01
E 005 014 4.491e+01
E 005 015 9.114e+01
E 005 017 4.219e+01
E 005 018 4.368e+01
E 006 007 4.855e+01
E 006 009 2.778e+01
E 006 010 7.068e+01
E 006 012 1.304e+01
E 006 016 8.505e+01
E 006 018 1.046e+02
E 007 011 4.428e+01
E 007 019 5.685e+01
E 008 009 3.195e+01
E 008 012 2.693e+01
E 008 014 6.768e+01
E 008 017 3.700e+01
E 009 017 1.304e+01
E 009 014 3.574e+01
E 009 015 6.122e+01
E 010 014 6.712e+01
E 011 016 4.429e+01
E 011 017 2.470e+01
E 013 015 6.360e+01
E 013 016 7.708e+01
E 013 018 8.006e+01
E 013 019 2.404e+01
E 014 016 1.022e+02
E 014 017 3.483e+01
E 014 018 8.605e+01
E 015 018 8.724e+01
E 015 019 6.466e+01
E 016 017 6.896e+01
E 017 018 6.835e+01
