N 000 062 054 8.243e-01
N 001 070 097 1.077e-01
N 002 087 021 4.666e-01
N 003 013 050 6.195e-01
N 004 092 018 8.164e-01
N 005 061 050 9.231e-01
N 006 022 049 5.138e-01
N 007 056 035 4.787e-01
N 008 056 004 7.919e-01
N 009 031 066 1.404e-04
N 010 098 050 8.666e-01
N 011 058 030 9.531e-01
N 012 044 053 1.352e-01
N 013 066 011 4.019e-01
N 014 002 032 6.074e-01
N 015 069 039 3.610e-01
N 016 007 063 7.099e-01
N 017 005 016 1.535e-01
N 018 022 056 1.791e-02
N 019 064 037 8.491e-01
E 000 003 4.916e+01
E 000 006 4.031e+01
E 000 007 1.992e+01
E 000 012 1.803e+01
E 000 013 4.319e+01
E 000 016 5.573e+01
E 000 017 6.851e+01
E 000 019 1.712e+01
E 001 002 7.788e+01
E 001 018 6.313e+01
E 002 003 7.948e+01
E 002 011 3.036e+01
E 002 013 2.326e+01
E 002 014 8.571e+01
E 002 016 9.035e+01
E 003 004 8.523e+01
E 003 007 4.554e+01
E 003 008 6.297e+01
E 003 009 2.408e+01
E 003 013 6.580e+01
E 003 018 1.082e+01
E 004 010 3.256e+01
E 004 013 2.693e+01
E 004 014 9.108e+01
E 005 006 3.901e+01
E 005 007 1.581e+01
E 005 010 3.700e+01
E 005 012 1.726e+01
E 005 014 6.168e+01
E 005 018 3.946e+01
E 005 019 1.334e+01
E 006 009 1.924e+01
E 006 019 4.368e+01
E 006 015 4.805e+01
E 007 009 3.982e+01
E 007 011 5.385e+00
E 007 012 2.163e+01
E 007 018 3.996e+01
E 007 019 8.246e+00
E 008 019 3.396e+01
E 008 013 1.221e+01
E 009 011 4.500e+01
E 009 013 6.519e+01
E 009 014 4.469e+01
E 009 015 4.662e+01
E 009 016 2.419e+01
E 010 012 5.408e+01
E 010 014 9.767e+01
E 011 012 2.693e+01
E 011 015 1.421e+01
E 011 016 6.075e+01
E 013 019 2.608e+01
E 014 017 1.628e+01
E 014 018 3.124e+01
E 014 019 6.220e+01
E 015 017 6.801e+01
E 016 018 1.655e+01
E 017 018 4.346e+01
E 017 019 6.263e+01
E 018 019 4.610e+01
