N 000 047 048 7.552e-01
N 001 078 059 8.173e-01
N 002 026 005 8.314e-01
N 003 072 028 5.331e-01
N 004 039 050 9.344e-01
N 005 061 099 9.187e-01
N 006 096 066 8.028e-01
N 007 019 065 2.992e-02
N 008 027 042 9.422e-01
N 009 064 035 9.969e-01
N 010 029 023 4.021e-02
N 011 039 047 7.264e-02
N 012 055 028 7.082e-01
N 013 033 084 9.930e-01
N 014 060 033 4.096e-01
N 015 001 036 2.371e-01
N 016 003 079 6.787e-01
N 017 020 067 2.694e-01
N 018 024 031 5.203e-01
N 019 013 004 7.481e-01
E 000 016 5.382e+01
E 000 001 3.289e+01
E 000 011 8.062e+00
E 000 013 3.863e+01
E 000 009 2.140e+01
E 001 002 7.497e+01
E 001 004 4.002e+01
E 001 006 1.931e+01
E 001 007 5.930e+01
E 001 010 6.080e+01
E 001 015 8.036e+01
E 001 016 7.762e+01
E 002 008 3.701e+01
E 002 018 2.608e+01
E 002 011 4.397e+01
E 002 014 4.405e+01
E 003 008 4.713e+01
E 003 010 4.329e+01
E 003 004 3.966e+01
E 003 013 6.824e+01
E 003 014 1.300e+01
E 004 005 5.371e+01
E 004 007 2.500e+01
E 004 012 2.720e+01
E 004 013 3.453e+01
E 005 008 6.637e+01
E 005 009 6.407e+01
E 005 013 3.176e+01
E 005 016 6.135e+01
E 005 017 5.201e+01
E 006 010 7.961e+01
E 006 011 6.008e+01
E 006 014 4.884e+01
E 006 009 4.455e+01
E 007 018 3.437e+01
E 007 014 5.201e+01
E 008 009 3.766e+01
E 008 017 2.596e+01
E 008 018 1.140e+01
E 009 015 6.301e+01
E 009 016 7.521e+01
E 010 016 6.174e+01
E 010 018 9.434e+00
E 010 019 2.484e+01
E 011 012 2.484e+01
E 011 014 2.524e+01
E 011 017 2.759e+01
E 011 018 2.193e+01
E 012 017 5.240e+01
E 012 018 3.114e+01
E 013 016 3.041e+01
E 013 017 2.140e+01
E 013 018 5.376e+01
E 013 019 8.246e+01
E 014 016 7.325e+01
E 014 017 5.250e+01
E 015 016 4.305e+01
E 015 018 2.354e+01
E 016 018 5.239e+01
E 017 019 6.339e+01
