N 000 081 081 8.642e-01
N 001 064 027 2.145e-01
N 002 074 078 8.528e-01
N 003 071 082 7.051e-01
N 004 025 060 5.413e-01
N 005 089 063 6.681e-01
N 006 061 017 9.704e-01
N 007 060 013 2.505e-01
N 008 043 062 9.946e-01
N 009 042 020 2.541e-01
N 010 020 058 3.223e-01
N 011 025 028 6.013e-01
N 012 069 080 9.422e-01
N 013 070 002 8.088e-01
N 014 026 076 7.915e-01
N 015 098 031 3.337e-02
N 016 016 079 4.054e-01
N 017 075 089 5.330e-01
N 018 023 012 8.514e-01
N 019 085 004 3.267e-01
E 000 002 7.616e+00
E 000 004 5.981e+01
E 000 005 1.970e+01
E 000 007 7.117e+01
E 000 008 4.249e+01
E 000 009 7.240e+01
E 000 010 6.519e+01
E 000 015 5.281e+01
E 000 017 1.000e+01
E 001 003 5.544e+01
E 001 009 2.309e+01
E 001 011 3.901e+01
E 001 012 5.324e+01
E 001 016 7.077e+01
E 001 018 4.366e+01
E 002 003 5.000e+00
E 002 007 6.649e+01
E 002 008 3.489e+01
E 002 013 7.611e+01
E 002 014 4.804e+01
E 002 017 1.105e+01
E 003 007 6.987e+01
E 003 008 3.441e+01
E 003 009 6.845e+01
E 003 010 5.636e+01
E 003 012 2.828e+00
E 003 017 8.062e+00
E 004 005 6.407e+01
E 004 006 5.608e+01
E 004 011 3.200e+01
E 004 012 4.833e+01
E 004 013 7.341e+01
E 004 016 2.102e+01
E 004 018 4.804e+01
E 005 018 8.341e+01
E 005 007 5.780e+01
E 006 008 4.847e+01
E 007 008 5.187e+01
E 007 009 1.931e+01
E 007 014 7.159e+01
E 007 015 4.205e+01
E 007 017 7.747e+01
E 008 009 4.201e+01
E 009 015 5.707e+01
E 009 017 7.649e+01
E 010 017 6.313e+01
E 010 018 4.610e+01
E 010 013 7.507e+01
E 011 013 5.197e+01
E 011 014 4.801e+01
E 012 013 7.801e+01
E 012 014 4.319e+01
E 012 015 5.694e+01
E 012 017 1.082e+01
E 012 019 7.767e+01
E 013 018 4.805e+01
E 014 017 5.070e+01
E 014 019 9.309e+01
E 015 017 6.239e+01
E 017 018 9.291e+01
