N 000 073 016 6.209e-01
N 001 073 058 7.627e-01
N 002 081 061 9.407e-02
N 003 076 096 2.641e-01
N 004 046 069 9.430e-01
N 005 005 040 6.000e-01
N 006 035 026 6.405e-01
N 007 006 062 9.616e-02
N 008 050 004 5.179e-01
N 009 083 072 9.521e-01
N 010 095 080 7.333e-01
N 011 054 093 3.541e-01
N 012 074 087 3.157e-01
N 013 057 050 7.531e-01
N 014 021 032 5.464e-01
N 015 061 004 8.988e-01
N 016 071 002 3.738e-01
N 017 025 076 6.776e-01
N 018 070 007 5.691e-01
N 019 084 073 6.930e-01
E 000 004 5.948e+01
E 000 005 7.211e+01
E 000 014 5.441e+01
E 000 017 7.684e+01
E 000 018 9.487e+00
E 000 019 5.805e+01
E 001 011 3.982e+01
E 001 017 5.126e+01
E 001 003 3.812e+01
E 001 004 2.915e+01
E 001 006 4.968e+01
E 002 008 6.488e+01
E 002 018 5.511e+01
E 002 005 7.885e+01
E 002 006 5.780e+01
E 002 015 6.041e+01
E 003 017 5.478e+01
E 003 004 4.036e+01
E 003 009 2.500e+01
E 003 007 7.782e+01
E 004 008 6.512e+01
E 004 010 5.022e+01
E 004 011 2.530e+01
E 004 013 2.195e+01
E 004 015 6.671e+01
E 004 018 6.648e+01
E 005 011 7.218e+01
E 005 012 8.349e+01
E 005 007 2.202e+01
E 006 007 4.623e+01
E 006 008 2.663e+01
E 006 010 8.072e+01
E 006 012 7.240e+01
E 006 017 5.099e+01
E 006 018 3.982e+01
E 007 008 7.280e+01
E 007 013 5.239e+01
E 007 018 8.439e+01
E 008 010 8.832e+01
E 008 011 8.909e+01
E 008 013 4.653e+01
E 008 014 4.031e+01
E 008 016 2.110e+01
E 009 017 5.814e+01
E 009 013 3.406e+01
E 010 011 4.301e+01
E 010 013 4.841e+01
E 010 015 8.326e+01
E 010 016 8.161e+01
E 010 018 7.716e+01
E 011 016 9.257e+01
E 011 018 8.748e+01
E 012 019 1.720e+01
E 012 014 7.638e+01
E 012 018 8.010e+01
E 014 018 5.501e+01
E 014 017 4.418e+01
E 015 017 8.050e+01
E 015 018 9.487e+00
E 017 019 5.908e+01
