N 000 014 018 9.173e-01
N 001 007 090 7.623e-01
N 002 059 062 8.837e-01
N 003 040 085 4.487e-01
N 004 050 029 2.940e-01
N 005 081 065 5.196e-01
N 006 086 065 6.732e-01
N 007 032 086 6.986e-01
N 008 092 021 2.069e-01
N 009 089 030 4.516e-01
N 010 048 033 5.283e-01
N 011 000 007 4.378e-01
N 012 080 035 4.016e-01
N 013 068 099 4.601e-01
N 014 013 077 3.878e-01
N 015 080 082 4.628e-01
N 016 029 013 2.617e-01
N 017 000 084 1.412e-01
N 018 028 004 8.119e-01
N 019 074 084 4.620e-01
E 000 001 7.234e+01
E 000 002 6.294e+01
E 000 003 7.187e+01
E 000 004 3.764e+01
E 000 005 8.184e+01
E 000 011 1.780e+01
E 000 017 6.747e+01
E 001 007 2.532e+01
E 001 009 1.016e+02
E 001 010 7.021e+01
E 001 011 8.329e+01
E 001 013 6.166e+01
E 001 014 1.432e+01
E 001 018 8.853e+01
E 001 019 6.727e+01
E 002 009 4.386e+01
E 002 003 2.983e+01
E 002 012 3.421e+01
E 002 014 4.838e+01
E 003 008 8.246e+01
E 003 007 8.062e+00
E 004 009 3.901e+01
E 004 019 6.001e+01
E 004 017 7.433e+01
E 004 007 5.977e+01
E 005 010 4.597e+01
E 005 011 9.962e+01
E 005 013 3.640e+01
E 005 014 6.905e+01
E 005 015 1.703e+01
E 005 016 7.354e+01
E 006 019 2.247e+01
E 006 015 1.803e+01
E 007 010 5.536e+01
E 007 011 8.523e+01
E 007 012 7.004e+01
E 007 013 3.828e+01
E 007 017 3.206e+01
E 007 019 4.205e+01
E 008 011 9.306e+01
E 008 009 9.487e+00
E 008 012 1.844e+01
E 008 019 6.552e+01
E 009 010 4.111e+01
E 009 011 9.192e+01
E 009 012 1.030e+01
E 009 013 7.212e+01
E 009 015 5.277e+01
E 009 017 1.041e+02
E 009 018 6.631e+01
E 010 017 7.004e+01
E 011 013 1.144e+02
E 011 014 7.120e+01
E 011 015 1.097e+02
E 011 016 2.961e+01
E 013 014 5.924e+01
E 013 018 1.031e+02
E 013 019 1.616e+01
E 014 015 6.719e+01
E 017 019 7.400e+01
