N 000 048 053 4.935e-01
N 001 023 092 9.001e-01
N 002 041 072 5.009e-01
N 003 008 007 1.149e-01
N 004 062 039 8.752e-01
N 005 061 036 1.157e-01
N 006 056 095 3.927e-01
N 007 023 054 2.257e-01
N 008 082 081 2.240e-01
N 009 082 006 1.378e-01
N 010 074 045 2.360e-01
N 011 046 058 3.313e-01
N 012 095 099 6.786e-01
N 013 081 019 4.017e-01
N 014 041 032 3.245e-01
N 015 076 067 1.957e-01
N 016 014 088 3.259e-01
N 017 088 050 3.988e-02
N 018 030 086 9.090e-01
N 019 028 085 9.380e-03
E 000 001 4.632e+01
E 000 003 6.096e+01
E 000 005 2.140e+01
E 000 009 5.801e+01
E 000 011 5.385e+00
E 000 017 4.011e+01
E 000 018 3.759e+01
E 000 019 3.774e+01
E 001 002 2.691e+01
E 001 005 6.768e+01
E 001 007 3.800e+01
E 001 008 6.002e+01
E 001 016 9.849e+00
E 001 019 8.602e+00
E 002 006 2.746e+01
E 002 009 7.770e+01
E 002 010 4.264e+01
E 002 014 4.000e+01
E 002 015 3.536e+01
E 003 008 1.047e+02
E 003 009 7.401e+01
E 003 011 6.360e+01
E 003 014 4.140e+01
E 003 016 8.122e+01
E 003 019 8.052e+01
E 004 008 4.652e+01
E 004 012 6.848e+01
E 004 013 2.759e+01
E 004 015 3.130e+01
E 005 018 5.883e+01
E 005 019 5.908e+01
E 006 007 5.263e+01
E 006 008 2.953e+01
E 006 010 5.314e+01
E 006 011 3.833e+01
E 006 013 8.001e+01
E 006 016 4.258e+01
E 007 012 8.491e+01
E 007 014 2.843e+01
E 007 015 5.457e+01
E 007 017 6.512e+01
E 008 013 6.201e+01
E 008 015 1.523e+01
E 009 011 6.325e+01
E 009 013 1.304e+01
E 010 017 1.487e+01
E 010 019 6.096e+01
E 010 012 5.794e+01
E 011 014 2.648e+01
E 012 014 8.605e+01
E 012 016 8.174e+01
E 012 017 4.950e+01
E 012 018 6.629e+01
E 013 016 9.618e+01
E 013 019 8.465e+01
E 014 015 4.950e+01
E 014 016 6.217e+01
E 014 018 5.511e+01
E 014 019 5.457e+01
E 015 016 6.546e+01
