N 000 001 042 6.338e-01
N 001 061 098 2.765e-01
N 002 003 092 3.014e-01
N 003 072 002 2.184e-01
N 004 037 059 1.037e-01
N 005 012 045 8.094e-01
N 006 046 057 4.707e-01
N 007 055 040 8.099e-01
N 008 007 068 7.617e-01
N 009 014 002 5.557e-01
N 010 025 067 6.642e-01
N 011 044 077 6.017e-01
N 012 087 099 9.395e-01
N 013 030 078 8.826e-01
N 014 090 074 4.699e-01
N 015 039 086 9.466e-01
N 016 015 056 4.853e-01
N 017 004 077 9.160e-01
N 018 016 038 9.564e-01
N 019 074 001 4.003e-01
E 000 002 5.004e+01
E 000 003 8.149e+01
E 000 005 1.140e+01
E 000 006 4.743e+01
E 000 010 3.466e+01
E 000 013 4.623e+01
E 000 017 3.513e+01
E 001 005 7.218e+01
E 001 006 4.366e+01
E 001 008 6.177e+01
E 001 009 1.069e+02
E 001 014 3.764e+01
E 001 017 6.075e+01
E 002 008 2.433e+01
E 002 018 5.554e+01
E 002 017 1.503e+01
E 002 007 7.354e+01
E 003 004 6.689e+01
E 003 005 7.382e+01
E 003 007 4.163e+01
E 003 011 8.006e+01
E 003 013 8.683e+01
E 004 005 2.865e+01
E 004 006 9.220e+00
E 004 010 1.442e+01
E 004 011 1.931e+01
E 004 012 6.403e+01
E 004 013 2.025e+01
E 004 014 5.508e+01
E 004 017 3.759e+01
E 005 009 4.305e+01
E 005 010 2.555e+01
E 005 013 3.759e+01
E 006 008 4.052e+01
E 006 014 4.717e+01
E 006 015 2.983e+01
E 006 016 3.102e+01
E 006 018 3.551e+01
E 006 019 6.261e+01
E 007 019 4.338e+01
E 007 009 5.590e+01
E 007 010 4.036e+01
E 008 010 1.803e+01
E 008 015 3.672e+01
E 008 016 1.442e+01
E 008 018 3.132e+01
E 009 014 1.047e+02
E 009 015 8.764e+01
E 009 016 5.401e+01
E 010 012 6.977e+01
E 010 013 1.208e+01
E 010 014 6.538e+01
E 011 014 4.610e+01
E 012 015 4.973e+01
E 013 016 2.663e+01
E 013 017 2.602e+01
E 013 018 4.238e+01
E 016 018 1.803e+01
E 017 018 4.080e+01
E 018 019 6.880e+01
