N 000 082 088 4.499e-01
N 001 034 003 2.996e-01
N 002 065 083 5.582e-01
N 003 073 046 5.412e-01
N 004 010 005 5.283e-01
N 005 097 014 3.362e-01
N 006 045 003 4.845e-01
N 007 090 090 7.906e-01
N 008 080 031 8.233e-01
N 009 092 010 6.361e-01
N 010 046 041 1.778e-01
N 011 016 058 5.131e-01
N 012 048 071 7.507e-01
N 013 012 024 4.021e-01
N 014 059 062 7.819e-01
N 015 008 029 8.606e-01
N 016 050 066 1.903e-01
N 017 042 098 9.317e-01
N 018 038 018 9.494e-01
N 019 080 089 6.861e-01
E 000 008 5.704e+01
E 000 009 7.864e+01
E 000 010 5.920e+01
E 000 004 1.099e+02
E 000 018 8.268e+01
E 001 002 8.580e+01
E 001 003 5.805e+01
E 001 004 2.408e+01
E 001 006 1.100e+01
E 001 009 5.842e+01
E 001 011 5.787e+01
E 001 014 6.408e+01
E 001 018 1.552e+01
E 001 019 9.753e+01
E 002 004 9.544e+01
E 002 005 7.606e+01
E 002 011 5.501e+01
E 002 013 7.931e+01
E 002 015 7.852e+01
E 002 016 2.267e+01
E 002 017 2.746e+01
E 003 008 1.655e+01
E 003 009 4.071e+01
E 004 005 8.746e+01
E 004 009 8.215e+01
E 004 014 7.517e+01
E 005 007 7.632e+01
E 005 011 9.218e+01
E 005 016 7.009e+01
E 005 017 1.004e+02
E 006 008 4.482e+01
E 006 011 6.218e+01
E 006 016 6.320e+01
E 007 010 6.586e+01
E 007 011 8.062e+01
E 007 012 4.610e+01
E 008 010 3.544e+01
E 008 013 6.836e+01
E 008 015 7.203e+01
E 008 016 4.610e+01
E 008 017 7.703e+01
E 009 015 8.612e+01
E 009 017 1.012e+02
E 010 013 3.801e+01
E 010 014 2.470e+01
E 010 017 5.714e+01
E 011 012 3.454e+01
E 011 013 3.423e+01
E 011 015 3.008e+01
E 011 018 4.565e+01
E 012 016 5.385e+00
E 012 019 3.672e+01
E 012 018 5.394e+01
E 013 019 9.407e+01
E 014 019 3.421e+01
E 014 018 4.875e+01
E 015 016 5.597e+01
E 015 017 7.692e+01
E 015 018 3.195e+01
E 017 019 3.905e+01
