N 000 081 096 4.886e-01
N 001 093 074 2.659e-01
N 002 033 099 7.093e-01
N 003 027 049 8.680e-01
N 004 077 032 4.095e-01
N 005 041 015 5.251e-01
N 006 030 007 5.363e-01
N 007 067 081 8.670e-01
N 008 050 005 9.806e-01
N 009 098 093 2.442e-01
N 010 013 057 9.325e-01
N 011 004 050 1.894e-01
N 012 036 079 5.072e-02
N 013 074 035 1.580e-01
N 014 022 087 9.167e-01
N 015 001 066 1.147e-01
N 016 063 005 4.323e-01
N 017 055 010 8.500e-01
N 018 059 090 9.926e-01
N 019 032 092 5.054e-01
E 000 002 4.809e+01
E 000 008 9.614e+01
E 000 009 1.726e+01
E 000 011 8.969e+01
E 000 015 8.544e+01
E 000 016 9.276e+01
E 000 019 4.916e+01
E 001 017 7.443e+01
E 001 018 3.758e+01
E 001 003 7.058e+01
E 001 013 4.338e+01
E 001 007 2.693e+01
E 002 015 4.597e+01
E 002 012 2.022e+01
E 002 013 7.601e+01
E 002 007 3.847e+01
E 003 005 3.677e+01
E 003 006 4.211e+01
E 003 013 4.904e+01
E 003 015 3.106e+01
E 003 017 4.801e+01
E 004 008 3.818e+01
E 004 017 3.111e+01
E 004 012 6.237e+01
E 004 015 8.326e+01
E 005 006 1.360e+01
E 005 008 1.345e+01
E 005 012 6.420e+01
E 005 015 6.482e+01
E 005 016 2.417e+01
E 006 012 7.225e+01
E 007 008 7.788e+01
E 007 010 5.909e+01
E 007 012 3.106e+01
E 007 014 4.540e+01
E 007 015 6.768e+01
E 008 009 1.002e+02
E 008 015 7.824e+01
E 008 017 7.071e+00
E 009 015 1.007e+02
E 010 019 3.982e+01
E 010 018 5.661e+01
E 010 011 1.140e+01
E 010 014 3.132e+01
E 011 014 4.115e+01
E 011 015 1.628e+01
E 011 016 7.420e+01
E 011 018 6.801e+01
E 012 013 5.814e+01
E 012 017 7.157e+01
E 012 018 2.550e+01
E 012 019 1.360e+01
E 013 015 7.931e+01
E 013 016 3.195e+01
E 014 017 8.377e+01
E 014 018 3.712e+01
E 014 019 1.118e+01
E 016 017 9.434e+00
E 016 018 8.509e+01
E 016 019 9.236e+01
