N 000 098 005 9.847e-01
N 001 053 079 5.064e-01
N 002 083 044 4.204e-01
N 003 044 006 8.609e-01
N 004 005 028 1.862e-01
N 005 082 063 7.677e-02
N 006 053 086 8.297e-01
N 007 046 038 6.643e-01
N 008 068 011 4.141e-01
N 009 039 032 1.273e-01
N 010 037 021 2.902e-01
N 011 063 084 8.185e-01
N 012 015 099 4.568e-01
N 013 080 073 3.795e-03
N 014 011 069 3.758e-01
N 015 085 072 4.341e-02
N 016 037 004 9.655e-01
N 017 018 040 8.499e-02
N 018 022 099 5.713e-01
N 019 088 041 3.312e-01
E 000 002 4.179e+01
E 000 009 6.488e+01
E 000 010 6.306e+01
E 000 014 1.080e+02
E 000 015 6.825e+01
E 000 019 3.736e+01
E 001 002 4.610e+01
E 001 003 7.355e+01
E 001 010 6.017e+01
E 001 007 4.159e+01
E 002 004 7.962e+01
E 002 006 5.161e+01
E 002 007 3.748e+01
E 002 011 4.472e+01
E 002 012 8.746e+01
E 002 013 2.915e+01
E 002 016 6.096e+01
E 002 017 6.512e+01
E 002 018 8.213e+01
E 002 019 5.831e+00
E 003 007 3.206e+01
E 003 008 2.452e+01
E 003 010 1.655e+01
E 003 011 8.028e+01
E 003 012 9.742e+01
E 003 015 7.770e+01
E 004 009 3.423e+01
E 004 019 8.401e+01
E 004 012 7.170e+01
E 004 007 4.220e+01
E 005 016 7.420e+01
E 005 009 5.301e+01
E 005 006 3.701e+01
E 005 007 4.383e+01
E 006 019 5.701e+01
E 006 007 4.851e+01
E 007 013 4.880e+01
E 007 015 5.174e+01
E 007 016 3.517e+01
E 007 017 2.807e+01
E 008 016 3.178e+01
E 008 017 5.780e+01
E 008 012 1.027e+02
E 008 015 6.332e+01
E 009 010 1.118e+01
E 009 013 5.798e+01
E 010 012 8.104e+01
E 010 014 5.459e+01
E 010 018 7.943e+01
E 011 018 4.366e+01
E 011 017 6.294e+01
E 011 013 2.025e+01
E 012 016 9.751e+01
E 012 018 7.000e+00
E 013 016 8.130e+01
E 013 018 6.356e+01
E 015 018 6.854e+01
E 017 018 5.914e+01
E 017 019 7.001e+01
E 018 019 8.786e+01
