N 000 027 091 8.084e-01
N 001 004 036 8.356e-01
N 002 091 076 4.113e-01
N 003 047 033 4.661e-01
N 004 028 060 8.248e-01
N 005 017 043 3.821e-01
N 006 043 034 8.823e-01
N 007 087 009 5.455e-02
N 008 047 055 2.310e-01
N 009 032 056 4.191e-01
N 010 015 063 2.505e-01
N 011 090 003 5.635e-01
N 012 029 029 8.512e-02
N 013 079 042 7.774e-01
N 014 051 009 9.040e-01
N 015 075 071 2.010e-01
N 016 071 065 9.707e-01
N 017 012 001 6.720e-03
N 018 031 026 3.189e-01
N 019 032 085 5.280e-02
E 000 005 4.903e+01
E 000 008 4.118e+01
E 000 011 1.082e+02
E 000 013 7.145e+01
E 000 014 8.544e+01
E 000 015 5.200e+01
E 000 019 7.810e+00
E 001 011 9.211e+01
E 001 013 7.524e+01
E 001 006 3.905e+01
E 001 007 8.728e+01
E 002 015 1.676e+01
E 003 016 4.000e+01
E 003 019 5.412e+01
E 003 011 5.243e+01
E 003 012 1.844e+01
E 003 007 4.665e+01
E 004 008 1.965e+01
E 004 017 6.113e+01
E 004 010 1.334e+01
E 004 012 3.102e+01
E 004 006 3.002e+01
E 005 009 1.985e+01
E 005 010 2.010e+01
E 005 012 1.844e+01
E 005 013 6.201e+01
E 005 014 4.808e+01
E 006 007 5.061e+01
E 006 008 2.138e+01
E 006 009 2.460e+01
E 006 013 3.688e+01
E 006 017 4.528e+01
E 006 018 1.442e+01
E 007 008 6.096e+01
E 007 010 9.000e+01
E 007 013 3.396e+01
E 007 014 3.600e+01
E 008 015 3.225e+01
E 008 018 3.312e+01
E 008 019 3.354e+01
E 009 011 7.857e+01
E 009 012 2.717e+01
E 009 016 4.002e+01
E 009 017 5.852e+01
E 009 018 3.002e+01
E 010 013 6.736e+01
E 010 017 6.207e+01
E 010 018 4.031e+01
E 011 012 6.631e+01
E 011 018 6.332e+01
E 011 019 1.004e+02
E 012 013 5.166e+01
E 012 015 6.229e+01
E 013 015 2.927e+01
E 013 016 2.435e+01
E 013 018 5.060e+01
E 014 015 6.648e+01
E 014 018 2.625e+01
E 014 019 7.834e+01
E 016 019 4.383e+01
