N 000 007 010 4.754e-01
N 001 083 078 8.853e-01
N 002 065 018 2.633e-01
N 003 005 061 4.735e-01
N 004 028 045 7.240e-01
N 005 012 059 9.617e-01
N 006 067 078 3.234e-01
N 007 066 067 6.885e-01
N 008 007 086 9.816e-01
N 009 040 042 8.567e-01
N 010 051 004 5.745e-02
N 011 036 055 9.895e-01
N 012 062 025 8.966e-01
N 013 074 099 5.175e-02
N 014 042 077 9.920e-01
N 015 025 064 6.908e-01
N 016 051 011 7.440e-01
N 017 020 023 9.870e-01
N 018 045 051 1.675e-02
N 019 035 069 1.657e-01
E 000 001 1.020e+02
E 000 002 5.855e+01
E 000 007 8.204e+01
E 000 013 1.114e+02
E 000 015 5.692e+01
E 000 017 1.838e+01
E 001 002 6.264e+01
E 001 006 1.600e+01
E 001 008 7.642e+01
E 001 009 5.608e+01
E 001 011 5.233e+01
E 001 013 2.285e+01
E 001 019 4.884e+01
E 002 004 4.580e+01
E 002 005 6.701e+01
E 002 013 8.150e+01
E 002 016 1.565e+01
E 002 018 3.859e+01
E 002 019 5.917e+01
E 003 005 7.280e+00
E 003 010 7.325e+01
E 003 011 3.158e+01
E 003 016 6.794e+01
E 003 017 4.085e+01
E 003 018 4.123e+01
E 004 018 1.803e+01
E 004 010 4.701e+01
E 005 019 2.508e+01
E 005 013 7.378e+01
E 005 006 5.819e+01
E 006 007 1.105e+01
E 006 010 7.571e+01
E 006 016 6.888e+01
E 006 017 7.235e+01
E 006 018 3.483e+01
E 007 009 3.607e+01
E 007 011 3.231e+01
E 007 013 3.298e+01
E 007 014 2.600e+01
E 007 019 3.106e+01
E 008 011 4.245e+01
E 008 014 3.614e+01
E 009 010 3.956e+01
E 009 011 1.360e+01
E 009 012 2.780e+01
E 009 014 3.506e+01
E 010 018 4.738e+01
E 010 019 6.694e+01
E 011 012 3.970e+01
E 011 013 5.814e+01
E 011 014 2.280e+01
E 011 015 1.421e+01
E 011 019 1.404e+01
E 012 016 1.780e+01
E 012 013 7.497e+01
E 013 014 3.883e+01
E 013 015 6.022e+01
E 013 016 9.096e+01
E 014 019 1.063e+01
E 016 019 6.017e+01
