N 000 076 037 3.563e-01
N 001 067 062 5.247e-01
N 002 066 071 6.754e-01
N 003 007 052 8.220e-01
N 004 063 054 3.299e-01
N 005 067 053 5.302e-01
N 006 078 066 7.893e-01
N 007 016 040 8.745e-01
N 008 074 051 2.448e-01
N 009 031 005 8.863e-01
N 010 083 059 5.249e-01
N 011 004 040 4.290e-01
N 012 087 032 4.601e-01
N 013 028 029 2.485e-01
N 014 089 051 1.262e-01
N 015 043 077 8.216e-01
N 016 032 052 3.962e-01
N 017 039 011 7.321e-01
N 018 040 024 9.443e-01
N 019 088 054 8.231e-01
E 000 003 7.061e+01
E 000 005 1.836e+01
E 000 007 6.007e+01
E 000 009 5.522e+01
E 000 014 1.910e+01
E 000 016 4.649e+01
E 000 018 3.828e+01
E 000 019 2.081e+01
E 001 004 8.944e+00
E 001 007 5.554e+01
E 001 011 6.673e+01
E 001 014 2.460e+01
E 001 015 2.830e+01
E 001 016 3.640e+01
E 002 019 2.780e+01
E 002 012 4.429e+01
E 002 006 1.300e+01
E 002 007 5.883e+01
E 003 004 5.604e+01
E 003 005 6.001e+01
E 003 006 7.237e+01
E 003 007 1.500e+01
E 003 009 5.277e+01
E 003 011 1.237e+01
E 003 013 3.114e+01
E 003 019 8.102e+01
E 004 017 4.924e+01
E 004 013 4.301e+01
E 004 015 3.048e+01
E 005 009 6.000e+01
E 005 016 3.501e+01
E 005 007 5.263e+01
E 006 015 3.669e+01
E 006 016 4.808e+01
E 006 017 6.742e+01
E 006 018 5.664e+01
E 007 008 5.903e+01
E 007 010 6.964e+01
E 007 015 4.580e+01
E 007 016 2.000e+01
E 007 018 2.884e+01
E 008 009 6.297e+01
E 008 010 1.204e+01
E 008 014 1.500e+01
E 008 015 4.046e+01
E 008 018 4.342e+01
E 009 010 7.497e+01
E 010 013 6.265e+01
E 010 014 1.000e+01
E 010 018 5.544e+01
E 011 013 2.640e+01
E 012 016 5.852e+01
E 012 018 4.768e+01
E 013 014 6.485e+01
E 014 018 5.595e+01
E 015 019 5.054e+01
E 016 017 4.159e+01
E 016 018 2.912e+01
E 017 018 1.304e+01
E 017 019 6.519e+01
