N 000 045 063 8.755e-02
N 001 070 049 6.719e-03
N 002 084 034 8.007e-01
N 003 083 042 5.318e-01
N 004 003 033 6.807e-01
N 005 020 090 8.447e-01
N 006 012 010 6.380e-02
N 007 057 040 5.642e-01
N 008 005 015 8.961e-01
N 009 044 029 3.545e-01
N 010 036 048 7.586e-01
N 011 015 092 2.192e-01
N 012 078 070 6.185e-01
N 013 007 098 1.747e-01
N 014 031 044 2.239e-01
N 015 026 078 2.124e-01
N 016 087 092 6.588e-01
N 017 031 016 4.619e-01
N 018 016 061 4.111e-01
N 019 076 059 1.645e-01
E 000 007 2.594e+01
E 000 009 3.401e+01
E 000 010 1.749e+01
E 000 014 2.360e+01
E 000 016 5.104e+01
E 000 017 4.904e+01
E 000 018 2.907e+01
E 001 003 1.476e+01
E 001 008 7.336e+01
E 001 011 6.981e+01
E 001 015 5.270e+01
E 001 016 4.624e+01
E 001 018 5.532e+01
E 002 009 4.031e+01
E 002 011 9.014e+01
E 002 014 5.394e+01
E 002 006 7.589e+01
E 003 008 8.254e+01
E 003 004 8.050e+01
E 003 006 7.788e+01
E 003 012 2.844e+01
E 004 005 5.948e+01
E 004 007 5.445e+01
E 004 008 1.811e+01
E 004 012 8.363e+01
E 004 016 1.026e+02
E 004 017 3.276e+01
E 005 010 4.494e+01
E 005 014 4.730e+01
E 005 015 1.342e+01
E 005 016 6.703e+01
E 005 019 6.401e+01
E 006 007 5.408e+01
E 006 011 8.205e+01
E 006 013 8.814e+01
E 006 016 1.111e+02
E 007 014 2.631e+01
E 007 016 6.003e+01
E 007 018 4.607e+01
E 008 011 7.765e+01
E 009 012 5.326e+01
E 009 013 7.829e+01
E 009 014 1.985e+01
E 009 015 5.220e+01
E 010 017 3.239e+01
E 010 013 5.780e+01
E 011 014 5.060e+01
E 011 016 7.200e+01
E 012 014 5.371e+01
E 012 017 7.159e+01
E 012 019 1.118e+01
E 013 016 8.022e+01
E 013 014 5.909e+01
E 014 017 2.800e+01
E 014 018 2.267e+01
E 015 018 1.972e+01
E 015 019 5.349e+01
E 016 017 9.440e+01
E 016 018 7.747e+01
E 017 019 6.224e+01
