N 000 098 071 8.632e-01
N 001 064 035 8.428e-01
N 002 060 066 5.795e-02
N 003 043 075 9.468e-01
N 004 035 025 9.043e-01
N 005 057 063 2.322e-01
N 006 073 061 1.293e-01
N 007 018 041 9.376e-01
N 008 058 074 4.104e-01
N 009 049 018 1.244e-01
N 010 021 048 3.266e-02
N 011 052 077 1.400e-01
N 012 027 085 9.520e-01
N 013 043 054 8.156e-01
N 014 096 095 7.865e-01
N 015 030 097 3.995e-02
N 016 097 035 5.190e-01
N 017 068 005 1.040e-01
N 018 070 014 6.590e-01
N 019 091 057 2.646e-01
E 000 001 4.952e+01
E 000 002 3.833e+01
E 000 003 5.515e+01
E 000 008 4.011e+01
E 000 014 2.408e+01
E 000 018 6.351e+01
E 000 019 1.565e+01
E 001 002 3.126e+01
E 001 005 2.886e+01
E 001 007 4.639e+01
E 001 009 2.267e+01
E 001 012 6.220e+01
E 001 013 2.832e+01
E 001 014 6.800e+01
E 001 019 3.483e+01
E 002 009 4.924e+01
E 002 013 2.081e+01
E 002 016 4.827e+01
E 002 019 3.228e+01
E 003 004 5.064e+01
E 003 005 1.844e+01
E 003 006 3.311e+01
E 003 009 5.731e+01
E 003 010 3.483e+01
E 003 014 5.665e+01
E 004 005 4.391e+01
E 004 009 1.565e+01
E 004 013 3.008e+01
E 004 017 3.859e+01
E 004 018 3.669e+01
E 005 007 4.478e+01
E 005 008 1.105e+01
E 005 010 3.900e+01
E 005 011 1.487e+01
E 005 014 5.045e+01
E 005 015 4.342e+01
E 005 018 5.070e+01
E 006 016 3.538e+01
E 006 012 5.188e+01
E 006 014 4.105e+01
E 006 015 5.608e+01
E 008 016 5.515e+01
E 008 010 4.522e+01
E 008 014 4.342e+01
E 009 012 7.052e+01
E 009 015 8.125e+01
E 010 018 5.964e+01
E 011 012 2.625e+01
E 011 014 4.754e+01
E 011 015 2.973e+01
E 011 018 6.552e+01
E 011 019 4.383e+01
E 012 016 8.602e+01
E 012 019 6.986e+01
E 013 019 4.809e+01
E 014 015 6.603e+01
E 014 017 9.425e+01
E 015 018 9.214e+01
E 016 018 3.421e+01
E 016 019 2.280e+01
