N 000 013 091 6.387e-01
N 001 090 037 8.026e-01
N 002 067 024 3.097e-01
N 003 016 028 8.819e-01
N 004 090 089 2.072e-01
N 005 098 001 3.530e-01
N 006 058 082 9.925e-01
N 007 098 081 4.725e-01
N 008 071 073 1.011e-01
N 009 038 036 6.064e-01
N 010 080 000 4.538e-01
N 011 059 090 3.077e-01
N 012 020 077 6.869e-01
N 013 079 008 5.154e-01
N 014 085 018 7.488e-01
N 015 097 054 9.933e-01
N 016 048 032 5.040e-01
N 017 068 089 5.797e-01
N 018 084 002 6.482e-02
N 019 089 092 2.761e-01
E 000 011 4.601e+01
E 000 003 6.307e+01
E 000 014 1.025e+02
E 001 004 5.200e+01
E 001 006 5.522e+01
E 001 007 4.472e+01
E 001 008 4.071e+01
E 001 013 3.102e+01
E 001 016 4.230e+01
E 001 017 5.646e+01
E 002 008 4.916e+01
E 002 018 2.780e+01
E 002 011 6.648e+01
E 002 006 5.869e+01
E 002 015 4.243e+01
E 003 009 2.341e+01
E 003 012 4.916e+01
E 003 015 8.507e+01
E 004 019 3.162e+00
E 004 005 8.836e+01
E 004 015 3.569e+01
E 005 006 9.034e+01
E 005 007 8.000e+01
E 005 008 7.690e+01
E 005 009 6.946e+01
E 005 010 1.803e+01
E 005 013 2.025e+01
E 005 015 5.301e+01
E 005 016 5.883e+01
E 005 018 1.404e+01
E 006 007 4.001e+01
E 006 008 1.581e+01
E 006 012 3.833e+01
E 006 013 7.692e+01
E 006 015 4.801e+01
E 006 019 3.257e+01
E 007 011 4.002e+01
E 007 013 7.543e+01
E 007 015 2.702e+01
E 007 017 3.105e+01
E 008 009 4.958e+01
E 008 012 5.116e+01
E 008 016 4.701e+01
E 008 017 1.628e+01
E 008 018 7.218e+01
E 009 010 5.532e+01
E 009 013 4.965e+01
E 009 014 5.033e+01
E 009 017 6.090e+01
E 011 013 8.440e+01
E 011 015 5.235e+01
E 011 019 3.007e+01
E 012 013 9.079e+01
E 012 014 8.778e+01
E 012 015 8.036e+01
E 012 016 5.300e+01
E 013 016 3.920e+01
E 014 017 7.301e+01
E 015 016 5.371e+01
E 017 019 2.121e+01
