N 000 075 060 8.142e-01
N 001 024 014 3.022e-01
N 002 080 066 6.989e-01
N 003 024 092 5.601e-01
N 004 058 041 1.636e-01
N 005 011 009 3.257e-01
N 006 094 062 6.094e-01
N 007 003 043 6.434e-01
N 008 001 092 3.752e-01
N 009 057 096 6.260e-01
N 010 049 094 1.595e-01
N 011 052 097 8.243e-01
N 012 061 076 6.764e-01
N 013 056 060 5.845e-01
N 014 042 065 7.302e-01
N 015 074 082 2.027e-01
N 016 010 031 7.943e-01
N 017 068 007 7.457e-02
N 018 076 043 3.179e-01
N 019 037 073 6.376e-01
E 000 003 6.021e+01
E 000 005 8.184e+01
E 000 008 8.062e+01
E 000 009 4.025e+01
E 000 012 2.126e+01
E 000 016 7.118e+01
E 000 018 1.703e+01
E 000 019 4.016e+01
E 001 003 7.800e+01
E 001 004 4.342e+01
E 001 005 1.393e+01
E 001 007 3.581e+01
E 001 008 8.132e+01
E 001 009 8.839e+01
E 002 010 4.177e+01
E 002 018 2.335e+01
E 003 004 6.129e+01
E 003 006 7.616e+01
E 003 009 3.324e+01
E 003 014 3.245e+01
E 003 016 6.259e+01
E 003 018 7.145e+01
E 004 007 5.504e+01
E 004 009 5.501e+01
E 004 011 5.632e+01
E 004 014 2.884e+01
E 005 019 6.908e+01
E 005 006 9.848e+01
E 005 009 9.841e+01
E 006 013 3.805e+01
E 006 014 5.209e+01
E 006 015 2.828e+01
E 006 017 6.084e+01
E 006 018 2.617e+01
E 007 008 4.904e+01
E 007 010 6.868e+01
E 007 012 6.673e+01
E 007 014 4.478e+01
E 007 018 7.300e+01
E 008 012 6.210e+01
E 008 013 6.363e+01
E 008 016 6.166e+01
E 009 012 2.040e+01
E 009 013 3.601e+01
E 009 014 3.444e+01
E 009 017 8.968e+01
E 009 018 5.630e+01
E 010 015 2.773e+01
E 010 019 2.419e+01
E 010 011 4.243e+00
E 011 016 7.823e+01
E 011 019 2.830e+01
E 011 014 3.353e+01
E 012 015 1.432e+01
E 012 017 6.935e+01
E 013 016 5.438e+01
E 015 019 3.808e+01
E 016 017 6.277e+01
E 016 019 4.993e+01
E 017 018 3.688e+01
