N 000 037 053 5.211e-01
N 001 072 080 3.196e-02
N 002 068 074 1.243e-01
N 003 014 015 5.842e-01
N 004 072 084 5.678e-01
N 005 011 003 5.278e-02
N 006 024 006 7.403e-01
N 007 000 014 8.311e-01
N 008 033 090 8.535e-01
N 009 021 021 2.898e-01
N 010 037 081 7.072e-01
N 011 030 055 6.999e-01
N 012 059 008 1.457e-01
N 013 073 006 2.248e-01
N 014 060 002 6.827e-01
N 015 012 007 1.605e-01
N 016 082 057 5.614e-01
N 017 072 089 4.700e-01
N 018 058 015 2.737e-01
N 019 028 004 1.686e-01
E 000 019 4.982e+01
E 000 003 4.442e+01
E 000 004 4.675e+01
E 000 013 5.920e+01
E 001 005 9.823e+01
E 001 006 8.820e+01
E 001 010 3.501e+01
E 001 013 7.401e+01
E 001 014 7.892e+01
E 001 015 9.449e+01
E 002 004 1.077e+01
E 002 007 9.069e+01
E 002 008 3.848e+01
E 002 009 7.084e+01
E 002 011 4.249e+01
E 002 014 7.244e+01
E 002 016 2.202e+01
E 002 017 1.552e+01
E 002 018 5.984e+01
E 003 004 9.014e+01
E 003 005 1.237e+01
E 003 006 1.345e+01
E 003 009 9.220e+00
E 003 010 6.989e+01
E 003 012 4.554e+01
E 003 017 9.402e+01
E 004 015 9.762e+01
E 005 006 1.334e+01
E 005 008 8.974e+01
E 005 010 8.222e+01
E 005 011 5.536e+01
E 005 012 4.826e+01
E 005 014 4.901e+01
E 005 015 4.123e+00
E 006 010 7.612e+01
E 006 014 3.622e+01
E 006 015 1.204e+01
E 006 016 7.723e+01
E 006 017 9.588e+01
E 007 008 8.286e+01
E 007 010 7.654e+01
E 007 011 5.080e+01
E 007 014 6.119e+01
E 007 016 9.259e+01
E 008 009 7.004e+01
E 008 011 3.513e+01
E 008 017 3.901e+01
E 009 015 1.664e+01
E 010 012 7.624e+01
E 010 016 5.100e+01
E 011 012 5.523e+01
E 011 014 6.090e+01
E 011 015 5.126e+01
E 011 019 5.104e+01
E 013 016 5.179e+01
E 014 016 5.924e+01
E 014 017 8.782e+01
E 014 019 3.206e+01
E 015 018 4.669e+01
E 016 017 3.353e+01
