N 000 032 066 1.949e-02
N 001 038 088 6.818e-01
N 002 072 025 9.409e-01
N 003 067 058 3.371e-01
N 004 044 003 4.169e-01
N 005 080 003 3.428e-01
N 006 051 096 9.855e-02
N 007 073 060 2.746e-01
N 008 024 095 4.219e-01
N 009 015 069 6.392e-01
N 010 020 054 7.147e-02
N 011 004 004 3.397e-01
N 012 022 038 4.526e-01
N 013 006 036 8.585e-01
N 014 000 025 5.528e-01
N 015 011 088 2.714e-01
N 016 002 022 9.397e-01
N 017 033 076 7.251e-01
N 018 006 051 5.758e-01
N 019 039 031 6.559e-01
E 000 002 5.728e+01
E 000 004 6.413e+01
E 000 013 3.970e+01
E 001 003 4.173e+01
E 001 004 8.521e+01
E 001 006 1.526e+01
E 001 010 3.847e+01
E 001 012 5.250e+01
E 001 014 7.357e+01
E 001 015 2.700e+01
E 001 018 4.892e+01
E 002 003 3.338e+01
E 002 007 3.501e+01
E 002 008 8.488e+01
E 002 009 7.201e+01
E 002 013 6.691e+01
E 002 017 6.420e+01
E 002 019 3.354e+01
E 003 008 5.673e+01
E 003 004 5.962e+01
E 003 006 4.123e+01
E 004 005 3.600e+01
E 004 007 6.395e+01
E 004 008 9.415e+01
E 004 016 4.610e+01
E 004 019 2.844e+01
E 005 008 1.077e+02
E 005 010 7.875e+01
E 005 012 6.774e+01
E 005 013 8.102e+01
E 005 014 8.297e+01
E 005 016 8.028e+01
E 005 018 8.820e+01
E 006 008 2.702e+01
E 006 012 6.485e+01
E 006 013 7.500e+01
E 007 008 6.022e+01
E 007 009 5.869e+01
E 007 010 5.334e+01
E 008 014 7.400e+01
E 008 015 1.476e+01
E 008 019 6.573e+01
E 009 017 1.931e+01
E 009 014 4.649e+01
E 010 013 2.280e+01
E 010 017 2.555e+01
E 010 019 2.983e+01
E 011 019 4.420e+01
E 011 012 3.847e+01
E 011 015 8.429e+01
E 012 014 2.555e+01
E 012 019 1.838e+01
E 013 019 3.338e+01
E 014 017 6.075e+01
E 014 018 2.668e+01
E 014 019 3.946e+01
E 015 016 6.661e+01
E 016 018 2.927e+01
E 016 019 3.808e+01
E 018 019 3.859e+01
