N 000 094 074 3.688e-01
N 001 052 095 9.663e-02
N 002 040 012 4.283e-01
N 003 019 013 8.640e-01
N 004 090 042 8.712e-01
N 005 092 074 9.520e-01
N 006 078 059 9.539e-01
N 007 009 020 5.770e-01
N 008 085 092 6.049e-02
N 009 032 078 6.381e-01
N 010 093 072 5.635e-01
N 011 094 015 9.879e-01
N 012 078 059 5.382e-01
N 013 066 031 8.814e-01
N 014 062 005 9.103e-01
N 015 033 058 4.667e-01
N 016 084 047 2.225e-01
N 017 068 090 1.953e-01
N 018 095 037 1.100e-01
N 019 035 079 9.959e-01
E 000 019 5.921e+01
E 000 011 5.900e+01
E 000 005 2.000e+00
E 000 014 7.606e+01
E 001 008 3.314e+01
E 001 016 5.769e+01
E 001 002 8.386e+01
E 001 010 4.701e+01
E 001 015 4.159e+01
E 002 004 5.831e+01
E 002 005 8.092e+01
E 002 010 8.006e+01
E 002 016 5.622e+01
E 002 018 6.042e+01
E 003 008 1.029e+02
E 003 009 6.629e+01
E 003 013 5.033e+01
E 003 017 9.127e+01
E 004 016 7.810e+00
E 004 017 5.280e+01
E 004 010 3.015e+01
E 004 006 2.081e+01
E 005 006 2.052e+01
E 005 007 9.902e+01
E 005 008 1.931e+01
E 005 009 6.013e+01
E 005 013 5.025e+01
E 006 007 7.926e+01
E 006 008 3.373e+01
E 006 011 4.682e+01
E 006 015 4.501e+01
E 006 019 4.742e+01
E 007 008 1.047e+02
E 007 016 7.971e+01
E 007 018 8.766e+01
E 008 010 2.154e+01
E 008 015 6.213e+01
E 008 017 1.712e+01
E 008 019 5.166e+01
E 009 010 6.129e+01
E 009 011 8.839e+01
E 009 012 4.977e+01
E 009 013 5.801e+01
E 009 017 3.795e+01
E 009 019 3.162e+00
E 010 011 5.701e+01
E 010 013 4.909e+01
E 011 014 3.353e+01
E 011 015 7.463e+01
E 011 018 2.202e+01
E 011 019 8.705e+01
E 012 016 1.342e+01
E 012 019 4.742e+01
E 013 015 4.264e+01
E 013 016 2.408e+01
E 013 018 2.961e+01
E 014 017 8.521e+01
E 016 017 4.588e+01
E 017 018 5.948e+01
E 017 019 3.479e+01
