N 000 031 073 8.912e-01
N 001 074 096 4.246e-01
N 002 041 050 3.647e-01
N 003 023 043 2.121e-01
N 004 021 062 3.260e-01
N 005 009 077 4.097e-01
N 006 072 038 4.613e-01
N 007 014 080 8.556e-01
N 008 038 077 3.519e-01
N 009 043 061 3.859e-01
N 010 099 012 1.866e-01
N 011 024 057 8.426e-01
N 012 054 072 1.428e-01
N 013 047 004 3.461e-01
N 014 045 082 6.415e-01
N 015 049 050 1.342e-02
N 016 026 022 4.451e-01
N 017 049 066 5.298e-01
N 018 043 091 9.929e-01
N 019 059 033 4.028e-02
E 000 019 4.883e+01
E 000 001 4.876e+01
E 000 003 3.105e+01
E 000 005 2.236e+01
E 000 015 2.921e+01
E 001 002 5.661e+01
E 001 004 6.297e+01
E 001 011 6.341e+01
E 001 014 3.220e+01
E 001 017 3.905e+01
E 002 004 2.332e+01
E 002 011 1.838e+01
E 002 012 2.555e+01
E 002 014 3.225e+01
E 002 015 8.000e+00
E 002 018 4.105e+01
E 003 010 8.208e+01
E 003 015 2.693e+01
E 003 013 4.579e+01
E 003 007 3.808e+01
E 004 007 1.931e+01
E 004 008 2.267e+01
E 004 009 2.202e+01
E 004 013 6.356e+01
E 004 014 3.124e+01
E 004 016 4.031e+01
E 004 017 2.828e+01
E 004 018 3.640e+01
E 004 019 4.780e+01
E 005 008 2.900e+01
E 005 013 8.230e+01
E 005 014 3.635e+01
E 005 009 3.758e+01
E 006 010 3.748e+01
E 006 011 5.162e+01
E 006 018 6.042e+01
E 006 014 5.162e+01
E 006 007 7.161e+01
E 007 014 3.106e+01
E 007 017 3.770e+01
E 007 018 3.102e+01
E 008 012 1.676e+01
E 008 016 5.629e+01
E 008 017 1.556e+01
E 008 019 4.875e+01
E 009 012 1.556e+01
E 009 011 1.942e+01
E 009 015 1.253e+01
E 010 012 7.500e+01
E 010 013 5.261e+01
E 010 014 8.841e+01
E 010 015 6.280e+01
E 010 018 9.683e+01
E 010 019 4.518e+01
E 011 013 5.778e+01
E 011 017 2.657e+01
E 012 014 1.345e+01
E 012 016 5.731e+01
E 012 019 3.932e+01
E 015 017 1.600e+01
