N 000 090 097 7.416e-01
N 001 002 017 8.526e-01
N 002 035 043 8.448e-01
N 003 065 098 4.847e-01
N 004 007 021 7.468e-01
N 005 053 031 6.782e-02
N 006 074 008 4.426e-01
N 007 025 099 4.131e-01
N 008 057 041 1.581e-01
N 009 049 093 7.153e-01
N 010 074 018 6.488e-01
N 011 002 010 6.523e-01
N 012 006 065 9.173e-01
N 013 045 084 1.319e-01
N 014 076 036 5.030e-01
N 015 096 017 2.946e-02
N 016 071 024 5.266e-01
N 017 044 078 6.723e-01
N 018 084 016 4.748e-01
N 019 030 086 7.473e-01
E 000 004 1.125e+02
E 000 008 6.500e+01
E 000 011 1.237e+02
E 000 013 4.684e+01
E 000 017 4.977e+01
E 000 018 8.122e+01
E 001 002 4.201e+01
E 001 004 6.403e+00
E 001 006 7.256e+01
E 001 009 8.936e+01
E 001 010 7.201e+01
E 001 011 7.000e+00
E 001 014 7.640e+01
E 001 016 6.935e+01
E 001 018 8.201e+01
E 002 003 6.265e+01
E 002 017 3.614e+01
E 002 005 2.163e+01
E 002 015 6.631e+01
E 003 007 4.001e+01
E 003 011 1.082e+02
E 003 013 2.441e+01
E 003 014 6.297e+01
E 003 018 8.417e+01
E 004 008 5.385e+01
E 004 012 4.401e+01
E 004 014 7.061e+01
E 004 016 6.407e+01
E 005 008 1.077e+01
E 005 016 1.931e+01
E 005 011 5.515e+01
E 006 009 8.860e+01
E 006 011 7.203e+01
E 006 014 2.807e+01
E 006 015 2.377e+01
E 006 016 1.628e+01
E 007 008 6.624e+01
E 007 009 2.474e+01
E 007 011 9.192e+01
E 007 012 3.895e+01
E 007 016 8.798e+01
E 007 017 2.832e+01
E 007 018 1.018e+02
E 008 010 2.860e+01
E 008 014 1.965e+01
E 008 017 3.922e+01
E 009 011 9.538e+01
E 009 012 5.131e+01
E 010 016 6.708e+00
E 011 012 5.515e+01
E 011 015 9.426e+01
E 012 013 4.338e+01
E 012 014 7.577e+01
E 012 015 1.020e+02
E 012 016 7.685e+01
E 012 017 4.016e+01
E 012 018 9.211e+01
E 013 015 8.420e+01
E 014 015 2.759e+01
E 014 018 2.154e+01
