N 000 040 032 1.873e-01
N 001 004 092 2.128e-01
N 002 068 020 5.263e-01
N 003 003 074 6.949e-01
N 004 030 080 7.297e-01
N 005 028 049 3.013e-01
N 006 080 042 8.963e-01
N 007 078 044 2.179e-01
N 008 084 032 5.894e-01
N 009 069 036 4.510e-01
N 010 032 046 1.459e-01
N 011 084 019 7.610e-01
N 012 098 053 8.229e-01
N 013 012 053 9.197e-01
N 014 002 095 5.694e-01
N 015 043 046 5.784e-01
N 016 077 033 6.788e-01
N 017 092 007 6.343e-01
N 018 036 039 2.023e-01
N 019 058 006 2.764e-01
E 000 004 4.903e+01
E 000 013 3.500e+01
E 000 006 4.123e+01
E 001 010 5.385e+01
E 001 005 4.924e+01
E 002 004 7.102e+01
E 002 005 4.941e+01
E 002 007 2.600e+01
E 002 008 2.000e+01
E 002 012 4.460e+01
E 002 013 6.500e+01
E 002 016 1.581e+01
E 002 017 2.729e+01
E 002 018 3.722e+01
E 002 019 1.720e+01
E 003 017 1.114e+02
E 004 006 6.280e+01
E 004 007 6.000e+01
E 004 011 8.147e+01
E 004 012 7.316e+01
E 004 015 3.640e+01
E 004 017 9.578e+01
E 004 018 4.144e+01
E 004 019 7.912e+01
E 005 006 5.247e+01
E 005 008 5.852e+01
E 005 009 4.301e+01
E 005 010 5.000e+00
E 005 014 5.284e+01
E 006 007 2.828e+00
E 006 010 4.817e+01
E 006 011 2.335e+01
E 006 015 3.722e+01
E 006 016 9.487e+00
E 007 009 1.204e+01
E 007 012 2.193e+01
E 008 009 1.552e+01
E 008 017 2.625e+01
E 008 013 7.500e+01
E 009 010 3.833e+01
E 009 013 5.948e+01
E 009 014 8.927e+01
E 010 011 5.859e+01
E 010 012 6.637e+01
E 010 013 2.119e+01
E 010 017 7.156e+01
E 010 019 4.771e+01
E 011 012 3.677e+01
E 011 014 1.118e+02
E 011 017 1.442e+01
E 012 014 1.048e+02
E 012 015 5.544e+01
E 012 016 2.900e+01
E 012 017 4.639e+01
E 012 019 6.172e+01
E 013 016 6.801e+01
E 013 017 9.228e+01
E 013 019 6.576e+01
E 014 017 1.259e+02
E 017 019 3.401e+01
