N 000 069 046 1.904e-01
N 001 069 093 6.919e-01
N 002 011 091 4.675e-02
N 003 083 090 5.506e-01
N 004 094 016 5.929e-01
N 005 083 098 5.467e-01
N 006 080 082 3.671e-01
N 007 037 066 8.257e-01
N 008 046 007 9.741e-01
N 009 076 090 9.054e-02
N 010 024 013 9.007e-01
N 011 041 024 3.541e-01
N 012 096 091 2.294e-01
N 013 076 020 9.533e-01
N 014 033 018 9.843e-01
N 015 019 052 7.784e-01
N 016 068 016 3.213e-01
N 017 095 062 1.108e-01
N 018 081 074 1.541e-01
N 019 060 048 3.416e-01
E 000 019 9.220e+00
E 000 010 5.580e+01
E 000 011 3.561e+01
E 000 018 3.046e+01
E 000 006 3.764e+01
E 001 003 1.432e+01
E 001 005 1.487e+01
E 001 007 4.187e+01
E 001 008 8.902e+01
E 001 011 7.446e+01
E 001 012 2.707e+01
E 001 015 6.466e+01
E 001 019 4.589e+01
E 002 003 7.201e+01
E 002 004 1.119e+02
E 002 005 7.234e+01
E 002 012 8.500e+01
E 002 015 3.981e+01
E 002 017 8.887e+01
E 002 018 7.203e+01
E 003 008 9.087e+01
E 003 012 1.304e+01
E 004 008 4.884e+01
E 004 009 7.616e+01
E 004 010 7.006e+01
E 004 011 5.360e+01
E 004 012 7.503e+01
E 004 016 2.600e+01
E 004 017 4.601e+01
E 004 018 5.944e+01
E 005 018 2.408e+01
E 005 007 5.604e+01
E 006 008 8.235e+01
E 006 019 3.945e+01
E 006 012 1.836e+01
E 006 014 7.940e+01
E 007 010 5.457e+01
E 007 011 4.219e+01
E 007 015 2.280e+01
E 007 017 5.814e+01
E 008 009 8.826e+01
E 008 012 9.775e+01
E 008 019 4.332e+01
E 009 010 9.291e+01
E 009 014 8.386e+01
E 009 015 6.851e+01
E 010 016 4.410e+01
E 010 019 5.021e+01
E 011 014 1.000e+01
E 011 017 6.603e+01
E 012 013 7.376e+01
E 012 015 8.631e+01
E 012 016 8.006e+01
E 012 017 2.902e+01
E 013 016 8.944e+00
E 013 018 5.423e+01
E 013 014 4.305e+01
E 014 018 7.376e+01
E 015 019 4.119e+01
E 016 019 3.298e+01
