N 000 092 090 3.693e-01
N 001 053 044 7.457e-01
N 002 041 044 1.583e-01
N 003 029 014 1.650e-01
N 004 084 060 2.592e-01
N 005 025 085 8.137e-01
N 006 042 091 8.702e-01
N 007 016 020 5.055e-01
N 008 067 010 2.881e-01
N 009 084 006 3.029e-02
N 010 019 088 5.676e-01
N 011 046 000 7.173e-01
N 012 081 063 8.333e-01
N 013 002 041 2.523e-03
N 014 007 024 5.026e-01
N 015 098 023 9.332e-01
N 016 016 000 8.079e-01
N 017 006 056 7.678e-01
N 018 075 073 4.201e-01
N 019 037 094 2.572e-01
E 000 007 1.033e+02
E 000 008 8.382e+01
E 000 009 8.438e+01
E 000 012 2.915e+01
E 000 015 6.727e+01
E 000 018 2.404e+01
E 001 016 5.749e+01
E 001 015 4.966e+01
E 001 004 3.489e+01
E 001 014 5.016e+01
E 001 007 4.410e+01
E 002 016 5.061e+01
E 002 009 5.738e+01
E 002 003 3.231e+01
E 002 005 4.401e+01
E 002 019 5.016e+01
E 003 007 1.432e+01
E 003 008 3.821e+01
E 003 010 7.467e+01
E 003 014 2.417e+01
E 003 016 1.910e+01
E 003 018 7.481e+01
E 004 006 5.220e+01
E 004 007 7.889e+01
E 004 008 5.281e+01
E 004 011 7.102e+01
E 004 018 1.581e+01
E 005 008 8.596e+01
E 005 009 9.860e+01
E 005 010 6.708e+00
E 005 011 8.756e+01
E 005 012 6.017e+01
E 005 013 4.965e+01
E 006 008 8.477e+01
E 006 012 4.801e+01
E 006 013 6.403e+01
E 006 014 7.559e+01
E 006 018 3.759e+01
E 007 014 9.849e+00
E 007 016 2.000e+01
E 008 009 1.746e+01
E 008 011 2.326e+01
E 008 012 5.482e+01
E 008 013 7.201e+01
E 008 014 6.161e+01
E 008 016 5.197e+01
E 009 012 5.708e+01
E 009 015 2.202e+01
E 010 011 9.205e+01
E 010 016 8.805e+01
E 011 012 7.207e+01
E 011 013 6.014e+01
E 011 014 4.579e+01
E 012 013 8.201e+01
E 012 014 8.365e+01
E 012 016 9.052e+01
E 014 017 3.202e+01
E 015 016 8.516e+01
E 016 018 9.386e+01
E 018 019 4.342e+01
