N 000 088 080 1.475e-01
N 001 094 022 8.468e-01
N 002 054 025 1.734e-01
N 003 022 013 7.685e-02
N 004 068 049 7.639e-01
N 005 083 012 4.353e-02
N 006 070 022 8.917e-01
N 007 080 078 8.182e-01
N 008 083 002 3.964e-01
N 009 075 013 5.128e-01
N 010 063 011 4.478e-01
N 011 079 045 7.090e-01
N 012 043 003 3.957e-02
N 013 060 037 8.392e-01
N 014 049 061 6.576e-01
N 015 056 046 5.963e-01
N 016 066 010 5.614e-01
N 017 071 067 9.104e-01
N 018 061 068 5.048e-01
N 019 015 047 1.623e-01
E 000 002 6.466e+01
E 000 004 3.689e+01
E 000 010 7.339e+01
E 000 014 4.338e+01
E 000 007 8.246e+00
E 001 019 8.286e+01
E 001 002 4.011e+01
E 001 011 2.746e+01
E 001 012 5.442e+01
E 001 018 5.661e+01
E 002 007 5.903e+01
E 002 010 1.664e+01
E 002 011 3.202e+01
E 002 015 2.110e+01
E 002 016 1.921e+01
E 002 019 4.478e+01
E 003 008 6.198e+01
E 003 017 7.292e+01
E 003 019 3.471e+01
E 003 013 4.494e+01
E 003 007 8.711e+01
E 004 006 2.707e+01
E 004 010 3.833e+01
E 004 014 2.247e+01
E 004 015 1.237e+01
E 004 017 1.825e+01
E 004 019 5.304e+01
E 005 006 1.640e+01
E 005 007 6.607e+01
E 005 009 8.062e+00
E 005 011 3.324e+01
E 005 013 3.397e+01
E 005 014 5.964e+01
E 005 016 1.712e+01
E 006 019 6.042e+01
E 006 011 2.470e+01
E 006 015 2.778e+01
E 007 012 8.363e+01
E 007 016 6.943e+01
E 007 017 1.421e+01
E 008 011 4.319e+01
E 008 013 4.188e+01
E 008 015 5.162e+01
E 009 019 6.896e+01
E 009 010 1.217e+01
E 009 018 5.675e+01
E 010 012 2.154e+01
E 010 015 3.569e+01
E 011 017 2.341e+01
E 012 018 6.745e+01
E 013 016 2.766e+01
E 013 017 3.195e+01
E 013 018 3.102e+01
E 014 018 1.389e+01
E 014 015 1.655e+01
E 015 018 2.256e+01
E 015 019 4.101e+01
E 016 018 5.822e+01
E 016 019 6.301e+01
E 017 019 5.946e+01
