N 000 075 056 8.820e-01
N 001 028 059 5.630e-01
N 002 015 064 9.072e-01
N 003 073 000 9.566e-01
N 004 061 099 2.843e-01
N 005 047 084 7.817e-01
N 006 083 032 4.334e-01
N 007 054 082 5.953e-01
N 008 057 077 8.001e-01
N 009 019 095 6.475e-01
N 010 002 081 8.157e-01
N 011 020 092 1.313e-01
N 012 006 044 3.286e-01
N 013 095 066 2.510e-01
N 014 082 086 7.314e-01
N 015 063 084 3.478e-01
N 016 039 008 1.312e-01
N 017 002 012 1.681e-02
N 018 086 066 3.823e-01
N 019 024 015 7.021e-01
E 000 016 6.000e+01
E 000 001 4.710e+01
E 000 018 1.487e+01
E 000 003 5.604e+01
E 000 007 3.342e+01
E 001 003 7.420e+01
E 001 008 3.413e+01
E 001 014 6.037e+01
E 001 015 4.301e+01
E 001 016 5.217e+01
E 001 017 5.371e+01
E 001 019 4.418e+01
E 002 008 4.397e+01
E 002 012 2.193e+01
E 002 011 2.844e+01
E 002 004 5.780e+01
E 002 006 7.515e+01
E 003 004 9.972e+01
E 003 005 8.793e+01
E 003 006 3.353e+01
E 003 009 1.093e+02
E 003 012 8.016e+01
E 003 013 6.957e+01
E 003 014 8.647e+01
E 003 015 8.459e+01
E 003 016 3.493e+01
E 003 018 6.727e+01
E 004 005 2.052e+01
E 004 013 4.738e+01
E 004 014 2.470e+01
E 004 019 9.179e+01
E 005 006 6.325e+01
E 005 007 7.280e+00
E 005 008 1.221e+01
E 005 010 4.510e+01
E 005 013 5.126e+01
E 005 014 3.506e+01
E 005 016 7.642e+01
E 005 018 4.295e+01
E 006 009 8.981e+01
E 006 011 8.700e+01
E 006 014 5.401e+01
E 007 008 5.831e+00
E 007 009 3.734e+01
E 008 013 3.956e+01
E 009 015 4.535e+01
E 009 018 7.301e+01
E 010 018 8.533e+01
E 010 011 2.110e+01
E 010 015 6.107e+01
E 011 016 8.612e+01
E 011 017 8.200e+01
E 012 018 8.297e+01
E 013 018 9.000e+00
E 014 018 2.040e+01
E 015 016 7.970e+01
E 015 018 2.921e+01
E 016 017 3.722e+01
E 017 018 9.986e+01
E 017 019 2.220e+01
