N 000 087 026 9.993e-01
N 001 094 085 1.458e-01
N 002 017 082 8.223e-01
N 003 039 041 4.549e-02
N 004 047 067 6.295e-01
N 005 037 060 3.898e-01
N 006 048 002 8.589e-01
N 007 005 047 3.644e-01
N 008 090 015 8.826e-01
N 009 093 079 6.538e-02
N 010 011 038 4.655e-01
N 011 058 028 9.983e-01
N 012 076 034 6.038e-01
N 013 007 004 3.868e-02
N 014 023 097 8.007e-02
N 015 029 000 5.299e-01
N 016 045 077 1.830e-01
N 017 027 033 7.054e-02
N 018 062 074 5.510e-01
N 019 036 025 7.552e-01
E 000 003 5.029e+01
E 000 010 7.694e+01
E 000 011 2.907e+01
E 000 013 8.297e+01
E 000 014 9.559e+01
E 000 017 6.041e+01
E 000 018 5.412e+01
E 001 012 5.408e+01
E 001 004 5.033e+01
E 001 017 8.481e+01
E 001 014 7.201e+01
E 001 007 9.677e+01
E 002 011 6.780e+01
E 002 016 2.844e+01
E 002 018 4.571e+01
E 002 003 4.653e+01
E 003 004 2.720e+01
E 003 005 1.910e+01
E 003 006 4.002e+01
E 003 008 5.725e+01
E 003 010 2.816e+01
E 003 016 3.650e+01
E 003 018 4.022e+01
E 003 019 1.628e+01
E 004 008 6.748e+01
E 004 014 3.842e+01
E 005 009 5.914e+01
E 005 018 2.865e+01
E 005 007 3.454e+01
E 006 007 6.224e+01
E 006 009 8.919e+01
E 006 011 2.786e+01
E 006 014 9.823e+01
E 006 015 1.910e+01
E 006 016 7.506e+01
E 007 008 9.082e+01
E 007 009 9.364e+01
E 008 010 8.228e+01
E 008 011 3.454e+01
E 008 013 8.373e+01
E 008 017 6.552e+01
E 008 019 5.492e+01
E 009 018 3.140e+01
E 009 013 1.141e+02
E 010 014 6.021e+01
E 010 015 4.205e+01
E 010 018 6.243e+01
E 011 017 3.140e+01
E 012 017 4.901e+01
E 012 015 5.801e+01
E 013 014 9.437e+01
E 013 015 2.236e+01
E 013 017 3.523e+01
E 013 018 8.902e+01
E 014 016 2.973e+01
E 014 017 6.412e+01
E 014 018 4.528e+01
E 015 017 3.306e+01
E 016 019 5.277e+01
E 017 019 1.204e+01
