N 000 020 032 2.841e-01
N 001 074 063 9.487e-01
N 002 074 099 9.748e-01
N 003 069 095 1.924e-01
N 004 075 091 2.161e-01
N 005 061 083 9.597e-01
N 006 098 065 3.971e-01
N 007 013 066 7.926e-01
N 008 066 033 3.747e-02
N 009 080 067 7.502e-01
N 010 021 091 1.156e-01
N 011 015 077 4.366e-01
N 012 096 092 9.674e-01
N 013 076 080 1.000e-02
N 014 004 085 3.988e-01
N 015 095 026 7.093e-01
N 016 095 019 6.747e-01
N 017 098 063 3.819e-01
N 018 081 093 2.428e-01
N 019 044 073 9.342e-01
E 000 001 6.227e+01
E 000 004 8.066e+01
E 000 012 9.683e+01
E 000 014 5.536e+01
E 000 017 8.393e+01
E 000 018 8.627e+01
E 001 004 2.802e+01
E 001 006 2.408e+01
E 001 007 6.107e+01
E 001 008 3.105e+01
E 001 009 7.211e+00
E 001 010 5.994e+01
E 001 012 3.640e+01
E 001 013 1.712e+01
E 001 014 7.338e+01
E 001 017 2.400e+01
E 002 004 8.062e+00
E 002 011 6.297e+01
E 002 012 2.309e+01
E 002 015 7.596e+01
E 002 016 8.271e+01
E 002 019 3.970e+01
E 003 017 4.319e+01
E 003 012 2.717e+01
E 003 005 1.442e+01
E 003 006 4.173e+01
E 004 006 3.471e+01
E 004 011 6.161e+01
E 004 013 1.105e+01
E 004 016 7.473e+01
E 004 018 6.325e+00
E 005 008 5.025e+01
E 005 009 2.484e+01
E 005 011 4.639e+01
E 005 017 4.206e+01
E 005 018 2.236e+01
E 005 019 1.972e+01
E 006 009 1.811e+01
E 006 011 8.386e+01
E 006 012 2.707e+01
E 006 013 2.663e+01
E 006 018 3.276e+01
E 006 019 5.459e+01
E 007 016 9.451e+01
E 007 015 9.124e+01
E 008 010 7.341e+01
E 008 012 6.619e+01
E 008 017 4.386e+01
E 009 019 3.650e+01
E 009 013 1.360e+01
E 010 012 7.501e+01
E 010 014 1.803e+01
E 010 015 9.849e+01
E 010 018 6.003e+01
E 011 012 8.238e+01
E 011 013 6.107e+01
E 011 016 9.881e+01
E 014 018 7.741e+01
E 015 017 3.712e+01
E 015 019 6.935e+01
