N 000 010 038 8.069e-01
N 001 079 077 5.871e-01
N 002 037 015 8.910e-01
N 003 016 076 7.917e-01
N 004 026 031 2.153e-01
N 005 060 073 6.745e-01
N 006 085 012 9.057e-01
N 007 084 094 4.957e-01
N 008 074 067 5.095e-01
N 009 032 036 6.232e-01
N 010 087 024 3.809e-01
N 011 095 003 5.178e-01
N 012 008 074 8.208e-02
N 013 030 062 2.537e-01
N 014 086 003 4.054e-01
N 015 095 023 2.351e-01
N 016 038 065 6.259e-01
N 017 007 048 8.609e-01
N 018 068 036 6.906e-01
N 019 016 034 9.522e-01
E 000 001 7.926e+01
E 000 002 3.547e+01
E 000 004 1.746e+01
E 000 007 9.280e+01
E 000 008 7.026e+01
E 000 009 2.209e+01
E 000 010 7.826e+01
E 000 011 9.192e+01
E 000 012 3.606e+01
E 000 014 8.367e+01
E 000 015 8.631e+01
E 001 003 6.301e+01
E 001 004 7.018e+01
E 001 005 1.942e+01
E 001 007 1.772e+01
E 001 009 6.237e+01
E 001 012 7.106e+01
E 001 019 7.628e+01
E 002 003 6.451e+01
E 002 005 6.239e+01
E 002 006 4.809e+01
E 002 007 9.192e+01
E 002 011 5.923e+01
E 002 013 4.752e+01
E 002 017 4.460e+01
E 002 019 2.832e+01
E 003 018 6.560e+01
E 004 013 3.126e+01
E 004 014 6.621e+01
E 004 017 2.550e+01
E 005 016 2.341e+01
E 005 019 5.880e+01
E 005 007 3.189e+01
E 006 007 8.201e+01
E 006 011 1.345e+01
E 006 012 9.886e+01
E 006 014 9.055e+00
E 006 019 7.242e+01
E 007 008 2.879e+01
E 007 014 9.102e+01
E 007 015 7.185e+01
E 007 016 5.438e+01
E 007 018 6.017e+01
E 007 019 9.069e+01
E 008 017 6.964e+01
E 008 015 4.875e+01
E 008 014 6.512e+01
E 009 012 4.494e+01
E 010 016 6.389e+01
E 010 012 9.349e+01
E 011 013 8.778e+01
E 011 018 4.264e+01
E 011 019 8.486e+01
E 012 019 4.079e+01
E 013 015 7.580e+01
E 014 017 9.092e+01
E 014 018 3.759e+01
E 015 016 7.080e+01
E 015 019 7.976e+01
E 016 018 4.173e+01
