N 000 056 024 8.926e-01
N 001 049 009 3.201e-02
N 002 058 025 7.396e-01
N 003 063 058 7.944e-01
N 004 045 076 5.359e-02
N 005 020 061 6.638e-01
N 006 063 051 5.643e-01
N 007 038 056 4.320e-01
N 008 083 063 3.930e-01
N 009 057 090 6.961e-01
N 010 027 088 1.570e-01
N 011 007 009 7.129e-01
N 012 051 021 2.938e-01
N 013 073 091 3.682e-01
N 014 099 045 1.745e-01
N 015 041 076 2.421e-01
N 016 004 092 1.011e-01
N 017 073 028 8.696e-01
N 018 069 097 8.001e-01
N 019 058 095 6.985e-01
E 000 005 5.162e+01
E 000 008 4.743e+01
E 000 009 6.601e+01
E 000 011 5.124e+01
E 000 014 4.785e+01
E 000 017 1.746e+01
E 000 018 7.415e+01
E 001 003 5.096e+01
E 001 010 8.201e+01
E 001 012 1.217e+01
E 001 013 8.544e+01
E 001 016 9.441e+01
E 001 018 9.024e+01
E 001 019 8.647e+01
E 002 010 7.021e+01
E 002 018 7.284e+01
E 002 012 8.062e+00
E 002 013 6.768e+01
E 003 010 4.686e+01
E 003 004 2.546e+01
E 003 014 3.828e+01
E 003 007 2.508e+01
E 004 008 4.016e+01
E 004 017 5.557e+01
E 004 012 5.533e+01
E 005 009 4.701e+01
E 005 018 6.080e+01
E 005 007 1.868e+01
E 006 008 2.332e+01
E 006 014 3.650e+01
E 006 007 2.550e+01
E 007 008 4.554e+01
E 007 009 3.895e+01
E 007 010 3.384e+01
E 007 011 5.630e+01
E 007 012 3.734e+01
E 007 013 4.950e+01
E 008 013 2.973e+01
E 008 016 8.415e+01
E 008 019 4.061e+01
E 009 013 1.603e+01
E 009 014 6.155e+01
E 009 015 2.126e+01
E 009 016 5.304e+01
E 010 011 8.149e+01
E 010 013 4.610e+01
E 010 016 2.335e+01
E 011 017 6.868e+01
E 012 013 7.338e+01
E 012 017 2.309e+01
E 012 019 7.433e+01
E 013 014 5.284e+01
E 013 015 3.534e+01
E 013 016 6.901e+01
E 013 017 6.300e+01
E 013 018 7.211e+00
E 014 018 6.003e+01
E 015 016 4.031e+01
E 016 018 6.519e+01
E 018 019 1.118e+01
