N 000 084 017 2.106e-01
N 001 078 049 1.025e-01
N 002 041 052 8.796e-01
N 003 099 085 5.871e-01
N 004 087 060 5.045e-01
N 005 048 038 7.540e-01
N 006 039 052 9.862e-01
N 007 034 004 4.156e-01
N 008 098 055 2.537e-01
N 009 046 077 8.686e-01
N 010 073 023 9.338e-01
N 011 079 016 1.272e-01
N 012 056 019 4.808e-01
N 013 097 036 2.939e-02
N 014 055 087 2.879e-01
N 015 025 068 6.828e-01
N 016 004 049 2.585e-01
N 017 043 091 5.098e-01
N 018 042 039 7.572e-01
N 019 011 059 8.357e-01
E 000 005 4.168e+01
E 000 009 7.102e+01
E 000 010 1.253e+01
E 000 011 5.099e+00
E 000 012 2.807e+01
E 000 014 7.577e+01
E 000 015 7.799e+01
E 000 016 8.616e+01
E 000 017 8.460e+01
E 001 002 3.712e+01
E 001 007 6.294e+01
E 001 011 3.302e+01
E 001 012 3.720e+01
E 001 014 4.442e+01
E 001 015 5.630e+01
E 001 019 6.774e+01
E 002 008 5.708e+01
E 002 006 2.000e+00
E 003 005 6.935e+01
E 003 007 1.039e+02
E 003 008 3.002e+01
E 003 009 5.360e+01
E 003 012 7.877e+01
E 003 018 7.325e+01
E 004 008 1.208e+01
E 004 009 4.438e+01
E 004 013 2.600e+01
E 004 016 8.373e+01
E 004 017 5.382e+01
E 004 018 4.966e+01
E 005 007 3.677e+01
E 005 011 3.801e+01
E 005 017 5.324e+01
E 005 018 6.083e+00
E 006 017 3.920e+01
E 006 011 5.381e+01
E 006 012 3.712e+01
E 007 009 7.398e+01
E 007 010 4.338e+01
E 007 012 2.663e+01
E 007 015 6.463e+01
E 008 010 4.061e+01
E 008 014 5.360e+01
E 008 016 9.419e+01
E 008 019 8.709e+01
E 009 012 5.886e+01
E 009 014 1.345e+01
E 009 015 2.285e+01
E 009 018 3.821e+01
E 010 019 7.169e+01
E 010 017 7.432e+01
E 011 012 2.319e+01
E 011 013 2.691e+01
E 011 015 7.497e+01
E 011 017 8.319e+01
E 011 019 8.045e+01
E 012 014 6.801e+01
E 014 019 5.215e+01
E 016 017 5.731e+01
E 017 018 5.201e+01
