N 000 060 010 5.428e-01
N 001 094 085 7.542e-01
N 002 046 012 4.091e-01
N 003 034 093 5.464e-01
N 004 011 011 7.613e-01
N 005 096 073 6.150e-01
N 006 057 067 5.442e-01
N 007 073 023 1.742e-02
N 008 005 057 1.121e-01
N 009 065 013 3.828e-01
N 010 054 012 2.994e-01
N 011 070 009 4.390e-01
N 012 038 019 3.320e-01
N 013 012 087 3.878e-01
N 014 011 090 9.614e-01
N 015 078 099 8.477e-02
N 016 059 029 4.374e-01
N 017 003 009 8.702e-01
N 018 078 016 7.315e-01
N 019 005 040 9.456e-04
E 000 003 8.698e+01
E 000 006 5.708e+01
E 000 007 1.838e+01
E 000 011 1.005e+01
E 000 012 2.377e+01
E 000 016 1.903e+01
E 001 016 6.604e+01
E 001 019 9.973e+01
E 001 013 8.202e+01
E 002 017 4.310e+01
E 002 011 2.419e+01
E 002 012 1.063e+01
E 002 007 2.915e+01
E 003 019 6.042e+01
E 003 005 6.515e+01
E 003 015 4.441e+01
E 004 008 4.639e+01
E 004 009 5.404e+01
E 004 018 6.719e+01
E 004 013 7.601e+01
E 005 006 3.946e+01
E 005 007 5.504e+01
E 005 008 9.240e+01
E 005 009 6.754e+01
E 005 013 8.516e+01
E 005 015 3.162e+01
E 006 008 5.295e+01
E 006 014 5.143e+01
E 006 016 3.805e+01
E 006 019 5.859e+01
E 007 008 7.603e+01
E 007 009 1.281e+01
E 007 015 7.616e+01
E 007 016 1.523e+01
E 008 011 8.080e+01
E 008 015 8.422e+01
E 008 016 6.083e+01
E 009 010 1.105e+01
E 009 013 9.102e+01
E 009 014 9.405e+01
E 009 016 1.709e+01
E 009 017 6.213e+01
E 010 011 1.628e+01
E 010 013 8.596e+01
E 010 014 8.907e+01
E 011 016 2.283e+01
E 011 018 1.063e+01
E 011 019 7.201e+01
E 012 019 3.912e+01
E 012 014 7.596e+01
E 013 014 3.162e+00
E 013 015 6.708e+01
E 013 017 7.852e+01
E 013 018 9.694e+01
E 014 018 9.982e+01
E 014 019 5.036e+01
E 015 016 7.253e+01
E 016 018 2.302e+01
E 017 019 3.106e+01
E 018 019 7.684e+01
