N 000 091 034 6.525e-01
N 001 099 049 9.230e-01
N 002 050 087 9.353e-01
N 003 018 038 2.959e-01
N 004 012 054 9.925e-01
N 005 066 066 4.877e-01
N 006 012 041 2.329e-01
N 007 083 039 1.258e-01
N 008 082 069 3.737e-01
N 009 015 031 8.447e-01
N 010 055 042 4.566e-01
N 011 018 059 9.345e-02
N 012 047 039 6.401e-01
N 013 012 045 3.728e-01
N 014 029 052 7.122e-01
N 015 081 023 8.441e-01
N 016 025 020 2.385e-01
N 017 066 054 4.776e-01
N 018 006 048 9.975e-01
N 019 022 008 8.805e-01
E 000 001 1.700e+01
E 000 007 9.434e+00
E 000 010 3.688e+01
E 000 016 6.747e+01
E 000 017 3.202e+01
E 000 018 8.615e+01
E 000 019 7.374e+01
E 001 002 6.201e+01
E 001 003 8.174e+01
E 001 010 4.455e+01
E 001 013 8.709e+01
E 001 016 7.948e+01
E 001 018 9.301e+01
E 002 008 3.672e+01
E 002 004 5.033e+01
E 002 005 2.640e+01
E 003 012 2.902e+01
E 003 014 1.780e+01
E 003 015 6.476e+01
E 003 018 1.562e+01
E 003 019 3.027e+01
E 004 005 5.532e+01
E 004 007 7.257e+01
E 004 010 4.464e+01
E 004 013 9.000e+00
E 004 014 1.712e+01
E 004 019 4.707e+01
E 005 008 1.628e+01
E 005 018 6.264e+01
E 005 015 4.554e+01
E 006 016 2.470e+01
E 006 017 5.554e+01
E 006 010 4.301e+01
E 006 015 7.131e+01
E 007 009 6.847e+01
E 007 010 2.816e+01
E 007 012 3.600e+01
E 007 013 7.125e+01
E 007 016 6.103e+01
E 007 019 6.843e+01
E 008 016 7.517e+01
E 008 014 5.566e+01
E 008 015 4.601e+01
E 009 019 2.404e+01
E 009 010 4.148e+01
E 009 015 6.648e+01
E 009 018 1.924e+01
E 010 011 4.072e+01
E 010 014 2.786e+01
E 010 015 3.220e+01
E 010 016 3.720e+01
E 011 013 1.523e+01
E 012 016 2.907e+01
E 012 014 2.220e+01
E 013 014 1.838e+01
E 013 015 7.242e+01
E 015 017 3.444e+01
E 016 018 3.384e+01
E 016 019 1.237e+01
E 018 019 4.308e+01
