N 000 028 049 8.495e-01
N 001 070 059 2.768e-01
N 002 090 039 6.950e-01
N 003 047 064 1.948e-01
N 004 022 044 4.274e-01
N 005 021 016 2.738e-01
N 006 087 089 5.462e-01
N 007 061 053 4.520e-01
N 008 091 010 9.785e-01
N 009 023 096 6.569e-01
N 010 096 060 4.709e-01
N 011 007 033 2.488e-01
N 012 004 018 9.011e-01
N 013 033 025 7.109e-01
N 014 083 041 4.987e-01
N 015 067 031 1.193e-01
N 016 094 046 8.879e-01
N 017 009 021 1.324e-01
N 018 018 035 9.514e-01
N 019 021 080 2.409e-01
E 000 011 2.640e+01
E 000 001 4.317e+01
E 000 003 2.421e+01
E 000 012 3.920e+01
E 000 014 5.558e+01
E 001 002 2.828e+01
E 001 003 2.354e+01
E 001 007 1.082e+01
E 001 008 5.331e+01
E 001 010 2.602e+01
E 001 012 7.770e+01
E 002 005 7.273e+01
E 002 007 3.220e+01
E 002 012 8.853e+01
E 002 016 8.062e+00
E 002 019 8.026e+01
E 003 006 4.717e+01
E 003 010 4.916e+01
E 003 015 3.859e+01
E 003 018 4.101e+01
E 003 019 3.053e+01
E 004 009 5.201e+01
E 004 012 3.162e+01
E 004 005 2.802e+01
E 004 014 6.107e+01
E 005 006 9.841e+01
E 005 010 8.695e+01
E 005 014 6.685e+01
E 005 015 4.838e+01
E 006 008 7.910e+01
E 006 015 6.135e+01
E 006 013 8.374e+01
E 007 009 5.738e+01
E 007 010 3.569e+01
E 007 011 5.758e+01
E 007 014 2.506e+01
E 008 019 9.899e+01
E 008 011 8.709e+01
E 008 014 3.202e+01
E 009 017 7.630e+01
E 009 019 1.612e+01
E 010 012 1.011e+02
E 010 014 2.302e+01
E 010 015 4.101e+01
E 010 017 9.534e+01
E 010 018 8.191e+01
E 010 019 7.762e+01
E 011 012 1.530e+01
E 011 013 2.720e+01
E 011 014 7.642e+01
E 011 018 1.118e+01
E 012 017 5.831e+00
E 012 018 2.202e+01
E 013 019 5.629e+01
E 013 018 1.803e+01
E 014 015 1.887e+01
E 015 016 3.089e+01
E 016 017 8.860e+01
E 016 018 7.679e+01
E 017 019 6.021e+01
