N 000 022 067 8.159e-02
N 001 041 054 3.262e-01
N 002 022 030 3.104e-01
N 003 060 077 2.472e-01
N 004 023 037 9.544e-01
N 005 078 049 1.242e-01
N 006 018 016 3.478e-01
N 007 067 093 8.293e-01
N 008 077 069 8.581e-01
N 009 067 093 6.997e-01
N 010 053 089 4.653e-01
N 011 016 046 3.073e-01
N 012 009 039 5.522e-01
N 013 053 098 5.273e-01
N 014 015 069 9.604e-02
N 015 007 073 5.898e-01
N 016 099 084 4.399e-03
N 017 076 082 3.062e-01
N 018 048 092 9.809e-01
N 019 074 094 7.370e-01
E 000 001 2.302e+01
E 000 002 3.700e+01
E 000 005 5.882e+01
E 000 006 5.116e+01
E 000 011 2.184e+01
E 000 012 3.087e+01
E 001 016 6.530e+01
E 001 002 3.061e+01
E 001 003 2.983e+01
E 001 013 4.561e+01
E 002 003 6.044e+01
E 002 009 7.742e+01
E 002 010 6.665e+01
E 002 011 1.709e+01
E 002 015 4.554e+01
E 002 018 6.723e+01
E 003 006 7.406e+01
E 003 008 1.879e+01
E 003 009 1.746e+01
E 003 013 2.214e+01
E 003 015 5.315e+01
E 003 016 3.962e+01
E 003 018 1.921e+01
E 003 019 2.202e+01
E 004 008 6.277e+01
E 004 012 1.414e+01
E 005 009 4.535e+01
E 005 011 6.207e+01
E 005 013 5.501e+01
E 005 014 6.610e+01
E 005 018 5.243e+01
E 006 007 9.127e+01
E 006 008 7.931e+01
E 006 011 3.007e+01
E 006 012 2.470e+01
E 006 016 1.058e+02
E 006 019 9.602e+01
E 007 016 3.324e+01
E 007 018 1.903e+01
E 008 011 6.519e+01
E 008 012 7.432e+01
E 008 014 6.200e+01
E 008 015 7.011e+01
E 008 016 2.663e+01
E 008 017 1.304e+01
E 009 010 1.456e+01
E 009 011 6.935e+01
E 009 014 5.727e+01
E 010 012 6.660e+01
E 011 013 6.382e+01
E 011 014 2.302e+01
E 011 016 9.129e+01
E 012 018 6.580e+01
E 012 019 8.515e+01
E 013 016 4.808e+01
E 014 016 8.533e+01
E 014 018 4.022e+01
E 015 019 7.021e+01
E 015 018 4.519e+01
E 016 019 2.693e+01
