N 000 067 083 2.948e-01
N 001 089 048 8.332e-01
N 002 061 053 4.079e-01
N 003 092 074 2.700e-01
N 004 079 011 6.194e-01
N 005 008 066 9.456e-01
N 006 010 051 1.941e-01
N 007 087 049 3.351e-01
N 008 070 056 4.421e-01
N 009 042 055 1.174e-01
N 010 015 021 4.208e-01
N 011 070 084 6.361e-02
N 012 049 072 7.727e-01
N 013 011 089 3.987e-01
N 014 089 007 5.818e-01
N 015 091 056 7.712e-01
N 016 030 039 3.393e-01
N 017 087 025 7.220e-01
N 018 028 026 7.161e-01
N 019 045 004 3.314e-01
E 000 008 2.717e+01
E 000 018 6.907e+01
E 000 003 2.657e+01
E 000 012 2.110e+01
E 000 015 3.612e+01
E 001 011 4.071e+01
E 001 013 8.812e+01
E 001 006 7.906e+01
E 002 003 3.744e+01
E 002 007 2.631e+01
E 002 008 9.487e+00
E 002 011 3.228e+01
E 002 015 3.015e+01
E 002 017 3.821e+01
E 003 005 8.438e+01
E 003 006 8.516e+01
E 003 007 2.550e+01
E 003 012 4.305e+01
E 003 014 6.707e+01
E 003 016 7.120e+01
E 003 018 8.000e+01
E 004 005 8.981e+01
E 004 006 7.976e+01
E 004 008 4.589e+01
E 004 013 1.035e+02
E 004 016 5.644e+01
E 004 019 3.471e+01
E 005 006 1.513e+01
E 005 008 6.280e+01
E 005 011 6.456e+01
E 005 015 8.360e+01
E 005 016 3.483e+01
E 005 017 8.901e+01
E 006 007 7.703e+01
E 006 009 3.225e+01
E 006 011 6.848e+01
E 006 017 8.127e+01
E 007 009 4.540e+01
E 007 015 8.062e+00
E 007 019 6.155e+01
E 008 009 2.802e+01
E 008 010 6.519e+01
E 008 011 2.800e+01
E 008 016 4.346e+01
E 008 017 3.536e+01
E 009 016 2.000e+01
E 009 015 4.901e+01
E 010 013 6.812e+01
E 010 014 7.531e+01
E 010 016 2.343e+01
E 010 017 7.211e+01
E 010 019 3.448e+01
E 012 018 5.057e+01
E 012 015 4.494e+01
E 014 016 6.712e+01
E 015 017 3.126e+01
E 015 018 6.978e+01
E 015 019 6.943e+01
E 016 019 3.808e+01
E 017 019 4.696e+01
