N 000 071 034 3.747e-01
N 001 055 046 8.533e-01
N 002 043 076 7.258e-03
N 003 032 019 8.247e-01
N 004 067 089 2.619e-01
N 005 068 031 5.427e-01
N 006 006 098 1.842e-01
N 007 051 084 3.251e-01
N 008 095 039 1.043e-01
N 009 078 036 1.475e-01
N 010 025 070 6.452e-01
N 011 014 046 6.135e-01
N 012 076 014 7.076e-01
N 013 026 097 3.394e-01
N 014 097 085 7.011e-01
N 015 031 056 3.551e-01
N 016 015 062 8.032e-02
N 017 069 032 6.186e-01
N 018 059 036 9.992e-01
N 019 010 087 8.586e-01
E 000 008 2.452e+01
E 000 010 5.841e+01
E 000 018 1.217e+01
E 000 006 9.122e+01
E 000 015 4.565e+01
E 001 008 4.061e+01
E 001 015 2.600e+01
E 001 003 3.547e+01
E 001 007 3.821e+01
E 002 009 5.315e+01
E 002 019 3.479e+01
E 002 005 5.148e+01
E 002 014 5.474e+01
E 003 006 8.317e+01
E 003 008 6.610e+01
E 003 012 4.428e+01
E 003 014 9.263e+01
E 003 018 3.191e+01
E 003 019 7.147e+01
E 004 006 6.166e+01
E 004 011 6.825e+01
E 004 013 4.177e+01
E 004 014 3.027e+01
E 004 015 4.884e+01
E 004 018 5.360e+01
E 005 006 9.129e+01
E 005 007 5.566e+01
E 005 009 1.118e+01
E 005 010 5.805e+01
E 005 014 6.129e+01
E 005 015 4.465e+01
E 005 017 1.414e+00
E 005 018 1.030e+01
E 005 019 8.062e+01
E 006 012 1.093e+02
E 006 013 2.002e+01
E 006 015 4.888e+01
E 006 019 1.170e+01
E 007 018 4.866e+01
E 008 014 4.604e+01
E 008 015 6.622e+01
E 009 010 6.297e+01
E 009 011 6.478e+01
E 009 012 2.209e+01
E 009 015 5.108e+01
E 009 017 9.849e+00
E 009 019 8.500e+01
E 010 019 2.267e+01
E 010 013 2.702e+01
E 011 018 4.610e+01
E 011 014 9.171e+01
E 012 019 9.841e+01
E 013 015 4.130e+01
E 013 016 3.669e+01
E 013 019 1.887e+01
E 014 015 7.209e+01
E 014 018 6.201e+01
E 014 019 8.702e+01
E 015 019 3.744e+01
E 016 017 6.177e+01
