N 000 000 018 5.890e-02
N 001 037 095 9.515e-01
N 002 035 042 1.355e-01
N 003 000 079 8.748e-01
N 004 055 021 9.193e-01
N 005 068 019 3.811e-01
N 006 061 031 7.687e-01
N 007 045 020 2.540e-01
N 008 084 040 1.603e-01
N 009 030 058 8.315e-01
N 010 043 032 4.626e-01
N 011 073 047 4.446e-01
N 012 053 008 4.824e-01
N 013 009 068 7.144e-01
N 014 095 065 3.113e-01
N 015 002 064 6.999e-02
N 016 069 083 7.188e-01
N 017 058 011 9.672e-01
N 018 034 026 3.564e-01
N 019 067 065 8.062e-01
E 000 003 6.100e+01
E 000 008 8.683e+01
E 000 009 5.000e+01
E 000 011 7.855e+01
E 000 013 5.080e+01
E 000 015 4.604e+01
E 000 019 8.184e+01
E 001 008 7.235e+01
E 001 018 6.907e+01
E 001 004 7.616e+01
E 001 005 8.208e+01
E 002 009 1.676e+01
E 002 019 3.941e+01
E 002 013 3.677e+01
E 002 017 3.860e+01
E 003 009 3.662e+01
E 003 012 8.860e+01
E 003 014 9.603e+01
E 003 016 6.912e+01
E 003 017 8.938e+01
E 003 019 6.845e+01
E 004 007 1.005e+01
E 004 008 3.467e+01
E 004 013 6.576e+01
E 004 014 5.946e+01
E 004 015 6.825e+01
E 004 016 6.356e+01
E 004 019 4.561e+01
E 005 008 2.640e+01
E 005 018 3.471e+01
E 005 014 5.334e+01
E 005 007 2.302e+01
E 006 010 1.803e+01
E 006 012 2.435e+01
E 007 008 4.383e+01
E 007 009 4.085e+01
E 007 010 1.217e+01
E 007 013 6.000e+01
E 007 015 6.152e+01
E 007 016 6.742e+01
E 008 016 4.554e+01
E 009 012 5.504e+01
E 009 013 2.326e+01
E 009 015 2.864e+01
E 009 016 4.632e+01
E 010 014 6.159e+01
E 011 012 4.383e+01
E 011 013 6.736e+01
E 011 015 7.301e+01
E 011 017 3.900e+01
E 011 019 1.897e+01
E 012 016 7.669e+01
E 012 017 5.831e+00
E 013 016 6.185e+01
E 013 017 7.517e+01
E 014 017 6.546e+01
E 014 019 2.800e+01
E 015 016 6.964e+01
E 017 018 2.830e+01
E 017 019 5.474e+01
