N 000 044 066 9.726e-01
N 001 060 025 9.475e-01
N 002 030 077 3.848e-01
N 003 068 032 1.385e-01
N 004 008 050 9.625e-02
N 005 010 082 9.060e-01
N 006 076 075 4.948e-01
N 007 056 075 1.041e-01
N 008 067 071 2.116e-01
N 009 030 084 5.253e-02
N 010 024 075 5.782e-01
N 011 095 004 5.245e-02
N 012 001 069 5.596e-01
N 013 006 048 7.308e-01
N 014 066 086 6.882e-01
N 015 091 057 3.776e-01
N 016 076 039 4.663e-01
N 017 042 007 9.702e-01
N 018 032 076 4.947e-01
N 019 085 046 3.638e-01
E 000 002 1.780e+01
E 000 019 4.562e+01
E 000 004 3.940e+01
E 001 002 6.003e+01
E 001 004 5.770e+01
E 001 011 4.082e+01
E 001 014 6.129e+01
E 001 015 4.455e+01
E 001 017 2.546e+01
E 002 003 5.890e+01
E 002 004 3.483e+01
E 002 010 6.325e+00
E 002 017 7.102e+01
E 002 018 2.236e+00
E 002 019 6.313e+01
E 003 005 7.658e+01
E 003 007 4.464e+01
E 003 013 6.403e+01
E 003 015 3.397e+01
E 003 018 5.685e+01
E 004 006 7.245e+01
E 004 008 6.263e+01
E 004 015 8.329e+01
E 004 018 3.538e+01
E 005 006 6.637e+01
E 005 010 1.565e+01
E 005 012 1.581e+01
E 005 014 5.614e+01
E 005 018 2.280e+01
E 006 007 2.000e+01
E 006 009 4.687e+01
E 006 010 5.200e+01
E 006 011 7.350e+01
E 006 014 1.487e+01
E 006 016 3.600e+01
E 006 018 4.401e+01
E 006 019 3.036e+01
E 007 016 4.118e+01
E 007 012 5.533e+01
E 008 009 3.922e+01
E 008 012 6.603e+01
E 008 017 6.871e+01
E 009 010 1.082e+01
E 009 011 1.031e+02
E 009 015 6.671e+01
E 009 017 7.793e+01
E 010 017 7.034e+01
E 011 017 5.308e+01
E 011 013 9.928e+01
E 012 013 2.159e+01
E 012 015 9.080e+01
E 012 016 8.078e+01
E 012 019 8.709e+01
E 013 015 8.548e+01
E 014 016 4.805e+01
E 015 016 2.343e+01
E 015 017 7.001e+01
E 015 018 6.198e+01
E 016 018 5.749e+01
E 017 019 5.805e+01
