N 000 076 074 4.030e-01
N 001 081 060 2.398e-02
N 002 008 044 3.959e-01
N 003 001 071 2.367e-01
N 004 064 023 4.187e-01
N 005 088 032 9.982e-01
N 006 093 040 2.541e-03
N 007 043 003 6.038e-01
N 008 065 045 7.642e-01
N 009 090 066 8.174e-01
N 010 004 071 7.629e-01
N 011 056 052 6.102e-02
N 012 075 023 9.154e-01
N 013 083 084 7.520e-01
N 014 092 013 2.192e-01
N 015 074 009 3.354e-01
N 016 053 071 4.730e-01
N 017 096 037 9.082e-01
N 018 085 035 1.689e-01
N 019 044 091 4.189e-02
E 000 009 1.612e+01
E 000 010 7.206e+01
E 000 012 5.101e+01
E 000 007 7.829e+01
E 001 010 7.778e+01
E 001 011 2.625e+01
E 001 004 4.072e+01
E 001 015 5.148e+01
E 002 019 5.920e+01
E 002 003 2.789e+01
E 002 012 7.021e+01
E 002 006 8.509e+01
E 002 015 7.471e+01
E 003 019 4.742e+01
E 003 013 8.302e+01
E 004 006 3.362e+01
E 004 007 2.900e+01
E 004 010 7.684e+01
E 004 011 3.008e+01
E 004 018 2.419e+01
E 004 019 7.088e+01
E 005 006 9.434e+00
E 005 007 5.354e+01
E 005 008 2.642e+01
E 005 011 3.774e+01
E 005 012 1.581e+01
E 005 018 4.243e+00
E 005 019 7.360e+01
E 006 007 6.220e+01
E 006 009 2.617e+01
E 006 013 4.512e+01
E 006 015 3.636e+01
E 006 017 4.243e+00
E 006 018 9.434e+00
E 007 009 7.860e+01
E 007 011 5.070e+01
E 007 012 3.774e+01
E 007 016 6.873e+01
E 008 016 2.864e+01
E 008 010 6.631e+01
E 008 011 1.140e+01
E 008 013 4.295e+01
E 009 013 1.931e+01
E 009 017 2.961e+01
E 009 018 3.140e+01
E 009 019 5.235e+01
E 010 013 8.006e+01
E 010 016 4.900e+01
E 010 018 8.864e+01
E 011 012 3.467e+01
E 012 015 1.404e+01
E 012 017 2.524e+01
E 012 018 1.562e+01
E 013 014 7.157e+01
E 014 017 2.433e+01
E 014 019 9.159e+01
E 016 017 5.482e+01
E 016 019 2.193e+01
E 017 018 1.118e+01
E 018 019 6.940e+01
