N 000 000 097 4.201e-01
N 001 046 000 3.265e-01
N 002 046 068 7.582e-01
N 003 040 053 4.096e-01
N 004 051 033 4.881e-02
N 005 020 010 1.748e-01
N 006 077 078 5.752e-01
N 007 078 011 5.887e-01
N 008 070 090 8.895e-01
N 009 034 002 5.899e-01
N 010 092 099 9.937e-01
N 011 035 030 8.053e-01
N 012 098 000 5.620e-01
N 013 014 046 4.904e-01
N 014 078 045 1.194e-01
N 015 051 026 6.368e-01
N 016 032 090 4.522e-02
N 017 091 019 1.203e-01
N 018 044 018 9.696e-01
N 019 087 096 5.952e-01
E 000 008 7.035e+01
E 000 009 1.009e+02
E 000 017 1.199e+02
E 001 003 5.334e+01
E 001 004 3.338e+01
E 001 006 8.393e+01
E 001 007 3.384e+01
E 001 010 1.092e+02
E 001 013 5.604e+01
E 001 016 9.108e+01
E 002 009 6.708e+01
E 002 010 5.547e+01
E 002 013 3.883e+01
E 002 006 3.257e+01
E 003 009 5.135e+01
E 003 010 6.943e+01
E 003 011 2.354e+01
E 003 015 2.915e+01
E 003 017 6.129e+01
E 004 005 3.860e+01
E 004 006 5.197e+01
E 004 008 6.008e+01
E 004 010 7.770e+01
E 004 011 1.628e+01
E 004 013 3.922e+01
E 004 017 4.238e+01
E 005 016 8.089e+01
E 005 019 1.090e+02
E 005 007 5.801e+01
E 006 007 6.701e+01
E 006 009 8.732e+01
E 006 010 2.581e+01
E 006 015 5.814e+01
E 007 012 2.283e+01
E 007 013 7.295e+01
E 007 015 3.089e+01
E 007 017 1.526e+01
E 007 019 8.548e+01
E 008 009 9.508e+01
E 008 010 2.377e+01
E 008 011 6.946e+01
E 008 012 9.425e+01
E 008 013 7.122e+01
E 008 016 3.800e+01
E 009 011 2.802e+01
E 010 012 9.918e+01
E 010 013 9.430e+01
E 010 017 8.001e+01
E 011 013 2.640e+01
E 011 015 1.649e+01
E 011 018 1.500e+01
E 012 019 9.663e+01
E 012 018 5.692e+01
E 013 014 6.401e+01
E 013 015 4.206e+01
E 013 018 4.104e+01
E 014 017 2.907e+01
E 016 017 9.231e+01
E 017 018 4.701e+01
E 017 019 7.710e+01
