N 000 066 054 5.398e-01
N 001 054 067 5.853e-01
N 002 027 065 4.656e-01
N 003 099 038 8.263e-01
N 004 058 083 2.302e-02
N 005 050 009 9.438e-01
N 006 053 099 3.001e-01
N 007 080 076 5.234e-01
N 008 044 018 3.063e-01
N 009 078 006 1.182e-01
N 010 007 010 9.036e-01
N 011 049 002 7.888e-01
N 012 077 002 4.541e-01
N 013 051 090 7.550e-01
N 014 025 098 7.024e-01
N 015 022 093 7.122e-01
N 016 072 088 6.841e-01
N 017 045 084 1.076e-01
N 018 092 063 3.786e-01
N 019 099 073 4.057e-02
E 000 005 4.776e+01
E 000 007 2.608e+01
E 000 010 7.360e+01
E 000 012 5.315e+01
E 000 016 3.453e+01
E 000 019 3.808e+01
E 001 004 1.649e+01
E 001 005 5.814e+01
E 001 006 3.202e+01
E 001 009 6.555e+01
E 001 010 7.388e+01
E 001 012 6.895e+01
E 001 015 4.123e+01
E 002 003 7.690e+01
E 002 008 4.998e+01
E 002 011 6.673e+01
E 002 014 3.306e+01
E 002 015 2.844e+01
E 002 019 7.244e+01
E 003 009 3.828e+01
E 003 014 9.527e+01
E 004 006 1.676e+01
E 004 012 8.320e+01
E 004 013 9.899e+00
E 004 014 3.625e+01
E 004 016 1.487e+01
E 004 018 3.945e+01
E 005 013 8.101e+01
E 005 009 2.816e+01
E 006 008 8.150e+01
E 006 009 9.630e+01
E 006 010 1.002e+02
E 006 011 9.708e+01
E 006 015 3.158e+01
E 006 018 5.308e+01
E 006 019 5.284e+01
E 007 009 7.003e+01
E 007 011 8.023e+01
E 007 012 7.406e+01
E 007 013 3.220e+01
E 007 018 1.769e+01
E 008 009 3.606e+01
E 008 011 1.676e+01
E 008 017 6.601e+01
E 009 010 7.111e+01
E 009 011 2.927e+01
E 009 012 4.123e+00
E 009 014 1.062e+02
E 010 011 4.276e+01
E 010 015 8.434e+01
E 010 019 1.115e+02
E 011 012 2.800e+01
E 011 013 8.802e+01
E 011 018 7.463e+01
E 012 014 1.092e+02
E 013 014 2.720e+01
E 013 019 5.092e+01
E 016 017 2.729e+01
E 017 018 5.148e+01
E 017 019 5.511e+01
