N 000 032 079 3.436e-01
N 001 029 026 4.828e-01
N 002 026 013 6.458e-01
N 003 095 094 8.715e-02
N 004 070 099 9.058e-01
N 005 076 059 8.416e-01
N 006 012 080 5.735e-01
N 007 002 089 7.040e-01
N 008 098 020 8.462e-01
N 009 092 011 4.347e-01
N 010 051 076 3.286e-01
N 011 009 062 8.403e-01
N 012 094 024 5.024e-01
N 013 064 077 4.282e-02
N 014 028 074 6.477e-01
N 015 019 036 4.202e-01
N 016 027 046 6.843e-01
N 017 074 042 6.778e-01
N 018 055 007 3.852e-01
N 019 039 029 8.649e-01
E 000 008 8.853e+01
E 000 009 9.069e+01
E 000 011 2.860e+01
E 000 017 5.597e+01
E 000 015 4.492e+01
E 001 011 4.118e+01
E 001 015 1.414e+01
E 001 003 9.476e+01
E 001 006 5.661e+01
E 001 007 6.854e+01
E 002 011 5.187e+01
E 002 012 6.888e+01
E 002 006 6.845e+01
E 003 005 3.982e+01
E 003 008 7.406e+01
E 003 011 9.176e+01
E 003 013 3.536e+01
E 003 014 6.992e+01
E 003 015 9.560e+01
E 003 016 8.323e+01
E 003 018 9.575e+01
E 003 019 8.580e+01
E 004 015 8.106e+01
E 004 005 4.045e+01
E 004 013 2.280e+01
E 005 007 7.985e+01
E 005 014 5.029e+01
E 005 016 5.070e+01
E 005 018 5.608e+01
E 006 012 9.930e+01
E 006 014 1.709e+01
E 006 016 3.716e+01
E 006 018 8.472e+01
E 006 019 5.771e+01
E 007 008 1.182e+02
E 007 010 5.070e+01
E 007 014 3.002e+01
E 007 015 5.566e+01
E 007 018 9.764e+01
E 007 019 7.049e+01
E 008 011 9.841e+01
E 008 013 6.637e+01
E 008 018 4.492e+01
E 008 019 5.968e+01
E 009 016 7.382e+01
E 009 018 3.722e+01
E 009 014 8.981e+01
E 010 017 4.105e+01
E 010 018 6.912e+01
E 010 013 1.304e+01
E 011 013 5.701e+01
E 011 014 2.247e+01
E 011 016 2.408e+01
E 012 017 2.691e+01
E 012 019 5.523e+01
E 013 017 3.640e+01
E 013 019 5.412e+01
E 014 016 2.802e+01
E 014 017 5.604e+01
E 014 018 7.224e+01
