N 000 021 072 3.945e-01
N 001 036 017 1.711e-01
N 002 013 007 5.734e-01
N 003 081 003 7.728e-01
N 004 054 002 8.670e-01
N 005 001 073 9.203e-01
N 006 008 040 8.779e-01
N 007 091 021 9.323e-01
N 008 038 095 4.567e-02
N 009 037 068 8.722e-01
N 010 070 009 1.495e-01
N 011 085 069 7.561e-01
N 012 053 013 8.049e-01
N 013 042 043 3.235e-01
N 014 030 062 6.768e-01
N 015 028 062 6.707e-01
N 016 094 047 3.723e-01
N 017 083 079 9.104e-01
N 018 081 049 4.215e-01
N 019 001 049 5.394e-01
E 000 001 5.701e+01
E 000 007 8.661e+01
E 000 010 7.981e+01
E 000 011 6.407e+01
E 000 013 3.581e+01
E 000 014 1.345e+01
E 000 019 3.048e+01
E 001 016 6.530e+01
E 001 002 2.508e+01
E 001 012 1.746e+01
E 002 005 6.708e+01
E 002 006 3.338e+01
E 002 008 9.148e+01
E 002 010 5.704e+01
E 002 011 9.502e+01
E 002 016 9.034e+01
E 002 017 1.004e+02
E 003 016 4.588e+01
E 003 011 6.612e+01
E 003 004 2.702e+01
E 003 014 7.799e+01
E 004 005 8.860e+01
E 004 007 4.159e+01
E 004 012 1.105e+01
E 004 016 6.021e+01
E 004 017 8.228e+01
E 004 018 5.420e+01
E 005 006 3.373e+01
E 005 008 4.305e+01
E 005 009 3.635e+01
E 005 014 3.102e+01
E 005 016 9.657e+01
E 005 019 2.400e+01
E 006 009 4.031e+01
E 006 010 6.932e+01
E 006 017 8.453e+01
E 006 018 7.355e+01
E 007 009 7.159e+01
E 007 011 4.837e+01
E 007 013 5.371e+01
E 007 014 7.350e+01
E 007 017 5.855e+01
E 008 012 8.336e+01
E 008 014 3.396e+01
E 008 016 7.376e+01
E 008 018 6.297e+01
E 008 019 5.903e+01
E 009 015 1.082e+01
E 009 016 6.075e+01
E 009 018 4.793e+01
E 010 013 4.405e+01
E 010 014 6.640e+01
E 010 015 6.762e+01
E 010 018 4.148e+01
E 011 013 5.025e+01
E 012 013 3.195e+01
E 012 014 5.413e+01
E 012 016 5.326e+01
E 013 016 5.215e+01
E 015 016 6.768e+01
