N 000 081 033 6.939e-01
N 001 025 091 1.771e-01
N 002 058 021 4.085e-02
N 003 079 099 2.839e-01
N 004 038 042 8.410e-02
N 005 059 092 4.582e-01
N 006 049 096 8.064e-01
N 007 032 055 6.716e-02
N 008 005 086 4.128e-01
N 009 091 015 9.128e-01
N 010 053 014 1.238e-01
N 011 051 062 6.804e-01
N 012 027 001 6.940e-01
N 013 095 058 6.232e-01
N 014 046 067 7.217e-01
N 015 081 001 6.662e-01
N 016 032 068 3.346e-01
N 017 087 084 4.024e-02
N 018 077 062 1.474e-01
N 019 002 045 2.451e-01
E 000 001 8.062e+01
E 000 004 4.393e+01
E 000 010 3.384e+01
E 000 014 4.880e+01
E 000 015 3.200e+01
E 000 019 7.991e+01
E 001 002 7.739e+01
E 001 005 3.401e+01
E 001 007 3.667e+01
E 001 008 2.062e+01
E 001 010 8.193e+01
E 001 013 7.739e+01
E 001 017 6.239e+01
E 001 018 5.954e+01
E 002 004 2.900e+01
E 002 005 7.101e+01
E 002 007 4.280e+01
E 002 014 4.754e+01
E 002 015 3.048e+01
E 002 016 5.371e+01
E 002 018 4.519e+01
E 003 016 5.630e+01
E 003 015 9.802e+01
E 003 004 7.021e+01
E 003 007 6.438e+01
E 004 006 5.511e+01
E 004 010 3.176e+01
E 004 013 5.920e+01
E 004 017 6.454e+01
E 005 008 5.433e+01
E 005 010 7.823e+01
E 005 013 4.952e+01
E 005 014 2.818e+01
E 005 018 3.499e+01
E 005 019 7.388e+01
E 006 009 9.124e+01
E 006 010 8.210e+01
E 006 014 2.915e+01
E 006 018 4.405e+01
E 006 019 6.935e+01
E 007 013 6.307e+01
E 007 014 1.844e+01
E 007 017 6.218e+01
E 007 018 4.554e+01
E 007 019 3.162e+01
E 008 011 5.188e+01
E 009 019 9.392e+01
E 010 013 6.083e+01
E 011 012 6.555e+01
E 011 013 4.418e+01
E 011 016 1.992e+01
E 011 017 4.219e+01
E 011 018 2.600e+01
E 011 019 5.187e+01
E 012 018 7.887e+01
E 013 017 2.720e+01
E 014 015 7.471e+01
E 014 016 1.404e+01
E 014 018 3.140e+01
E 016 019 3.780e+01
