N 000 085 076 1.074e-01
N 001 032 084 4.055e-01
N 002 097 069 4.350e-01
N 003 056 007 2.629e-01
N 004 085 047 3.943e-01
N 005 096 056 9.000e-01
N 006 036 092 8.455e-02
N 007 020 073 1.509e-01
N 008 011 031 1.133e-01
N 009 034 042 9.915e-01
N 010 055 079 7.608e-01
N 011 045 086 5.572e-01
N 012 056 000 4.181e-01
N 013 010 052 3.519e-01
N 014 086 067 7.639e-01
N 015 019 022 5.622e-01
N 016 058 077 2.572e-01
N 017 087 046 4.358e-01
N 018 033 011 9.714e-01
N 019 071 022 1.600e-01
E 000 007 6.507e+01
E 000 008 8.661e+01
E 000 011 4.123e+01
E 000 014 9.055e+00
E 000 015 8.528e+01
E 000 017 3.007e+01
E 000 018 8.324e+01
E 001 019 7.325e+01
E 001 011 1.315e+01
E 001 004 6.464e+01
E 001 014 5.661e+01
E 002 003 7.433e+01
E 002 005 1.304e+01
E 002 006 6.519e+01
E 003 004 4.941e+01
E 003 009 4.134e+01
E 003 010 7.201e+01
E 003 011 7.976e+01
E 003 013 6.435e+01
E 003 016 7.003e+01
E 004 011 5.587e+01
E 004 005 1.421e+01
E 004 007 7.001e+01
E 005 008 8.860e+01
E 005 018 7.742e+01
E 005 013 8.609e+01
E 006 007 2.484e+01
E 006 011 1.082e+01
E 006 012 9.415e+01
E 006 013 4.771e+01
E 006 017 6.868e+01
E 007 008 4.295e+01
E 007 009 3.401e+01
E 007 013 2.326e+01
E 007 014 6.627e+01
E 008 009 2.550e+01
E 008 017 7.747e+01
E 008 018 2.973e+01
E 008 019 6.067e+01
E 009 011 4.535e+01
E 009 012 4.741e+01
E 009 014 5.770e+01
E 009 015 2.500e+01
E 009 016 4.244e+01
E 009 017 5.315e+01
E 010 017 4.597e+01
E 010 018 7.147e+01
E 010 012 7.901e+01
E 011 015 6.908e+01
E 011 018 7.595e+01
E 011 019 6.908e+01
E 012 016 7.703e+01
E 012 017 5.547e+01
E 013 016 5.412e+01
E 013 017 7.723e+01
E 013 018 4.701e+01
E 014 015 8.071e+01
E 016 018 7.058e+01
E 017 019 2.884e+01
E 018 019 3.956e+01
