N 000 093 014 4.874e-01
N 001 073 084 4.138e-01
N 002 097 089 6.182e-02
N 003 053 041 4.091e-01
N 004 006 075 6.070e-01
N 005 085 093 2.789e-01
N 006 023 044 6.082e-01
N 007 013 009 2.656e-01
N 008 088 076 9.387e-01
N 009 029 070 9.608e-01
N 010 031 040 9.684e-01
N 011 059 001 8.880e-01
N 012 081 038 3.923e-01
N 013 096 094 9.446e-01
N 014 083 045 7.168e-01
N 015 016 099 6.574e-01
N 016 083 071 9.567e-02
N 017 058 082 9.504e-01
N 018 046 057 9.076e-01
N 019 046 041 2.077e-01
E 000 017 7.648e+01
E 000 018 6.370e+01
E 000 005 7.940e+01
E 001 015 5.894e+01
E 001 003 4.742e+01
E 001 004 6.760e+01
E 001 013 2.508e+01
E 001 007 9.605e+01
E 002 009 7.060e+01
E 002 018 6.021e+01
E 002 019 7.004e+01
E 002 014 4.617e+01
E 002 017 3.962e+01
E 003 008 4.950e+01
E 003 018 1.746e+01
E 003 016 4.243e+01
E 003 017 4.130e+01
E 004 008 8.201e+01
E 004 011 9.102e+01
E 004 015 2.600e+01
E 004 018 4.386e+01
E 004 019 5.250e+01
E 005 008 1.726e+01
E 005 019 6.500e+01
E 005 009 6.054e+01
E 006 007 3.640e+01
E 006 009 2.668e+01
E 006 011 5.608e+01
E 006 013 8.848e+01
E 006 014 6.001e+01
E 006 016 6.580e+01
E 006 018 2.642e+01
E 006 019 2.319e+01
E 007 009 6.306e+01
E 007 010 3.585e+01
E 007 012 7.393e+01
E 007 014 7.871e+01
E 008 010 6.742e+01
E 008 015 7.558e+01
E 008 016 7.071e+00
E 008 017 3.059e+01
E 008 019 5.467e+01
E 009 012 6.106e+01
E 009 014 5.951e+01
E 010 011 4.801e+01
E 010 012 5.004e+01
E 010 014 5.224e+01
E 010 017 4.993e+01
E 011 012 4.305e+01
E 011 013 1.001e+02
E 011 015 1.070e+02
E 011 016 7.400e+01
E 011 018 5.749e+01
E 011 019 4.206e+01
E 012 018 3.982e+01
E 013 016 2.642e+01
E 013 018 6.220e+01
E 014 016 2.600e+01
E 014 019 3.722e+01
E 018 019 1.600e+01
