N 000 037 016 8.971e-01
N 001 099 092 8.740e-01
N 002 094 022 1.068e-01
N 003 052 012 9.514e-02
N 004 063 048 7.543e-01
N 005 025 019 9.429e-01
N 006 051 049 8.564e-01
N 007 072 029 4.926e-01
N 008 061 080 7.161e-01
N 009 053 028 2.928e-01
N 010 035 061 2.830e-01
N 011 005 035 8.515e-01
N 012 009 030 1.794e-01
N 013 044 025 5.165e-01
N 014 025 099 2.706e-02
N 015 009 001 3.242e-01
N 016 069 035 1.341e-01
N 017 091 073 1.068e-02
N 018 095 094 7.628e-01
N 019 040 095 8.703e-01
E 000 010 4.504e+01
E 000 019 7.906e+01
E 000 004 4.123e+01
E 000 005 1.237e+01
E 001 002 7.018e+01
E 001 003 9.278e+01
E 001 004 5.685e+01
E 001 006 6.444e+01
E 001 011 1.099e+02
E 001 012 1.093e+02
E 001 013 8.668e+01
E 001 014 7.433e+01
E 001 018 4.472e+00
E 001 019 5.908e+01
E 002 015 8.756e+01
E 002 005 6.907e+01
E 002 014 1.034e+02
E 002 009 4.144e+01
E 003 004 3.764e+01
E 003 012 4.662e+01
E 003 013 1.526e+01
E 003 014 9.109e+01
E 003 015 4.438e+01
E 003 018 9.259e+01
E 003 019 8.386e+01
E 004 005 4.780e+01
E 004 006 1.204e+01
E 004 007 2.102e+01
E 004 009 2.236e+01
E 004 010 3.087e+01
E 004 012 5.692e+01
E 004 013 2.983e+01
E 005 006 3.970e+01
E 005 009 2.941e+01
E 005 010 4.317e+01
E 005 015 2.408e+01
E 006 007 2.900e+01
E 006 008 3.257e+01
E 006 009 2.110e+01
E 006 012 4.610e+01
E 006 014 5.636e+01
E 006 015 6.378e+01
E 006 019 4.730e+01
E 007 009 1.903e+01
E 007 010 4.892e+01
E 007 012 6.301e+01
E 007 016 6.708e+00
E 008 010 3.220e+01
E 008 019 2.581e+01
E 009 010 3.759e+01
E 009 013 9.487e+00
E 010 013 3.711e+01
E 011 013 4.026e+01
E 011 014 6.705e+01
E 012 015 2.900e+01
E 012 016 6.021e+01
E 012 019 7.201e+01
E 013 015 4.244e+01
E 013 018 8.580e+01
E 015 017 1.091e+02
