N 000 005 049 4.333e-01
N 001 020 078 2.124e-01
N 002 067 093 1.210e-01
N 003 050 070 1.793e-01
N 004 002 066 1.800e-01
N 005 045 012 9.274e-01
N 006 099 076 1.634e-02
N 007 044 064 6.930e-01
N 008 062 071 9.063e-01
N 009 075 028 4.800e-01
N 010 038 063 4.486e-01
N 011 001 092 7.018e-01
N 012 054 008 6.031e-01
N 013 068 069 4.708e-01
N 014 062 053 9.478e-01
N 015 025 044 4.953e-01
N 016 020 051 9.367e-01
N 017 022 068 8.863e-01
N 018 088 009 8.722e-01
N 019 005 034 8.751e-01
E 000 008 6.110e+01
E 000 005 5.449e+01
E 001 017 1.020e+01
E 001 018 9.688e+01
E 001 019 4.649e+01
E 002 016 6.303e+01
E 002 009 6.549e+01
E 002 019 8.559e+01
E 002 014 4.031e+01
E 002 007 3.701e+01
E 003 004 4.817e+01
E 003 006 4.937e+01
E 003 010 1.389e+01
E 003 013 1.803e+01
E 003 015 3.607e+01
E 003 016 3.551e+01
E 003 017 2.807e+01
E 004 005 6.903e+01
E 004 007 4.205e+01
E 004 009 8.230e+01
E 004 011 2.602e+01
E 004 012 7.790e+01
E 004 015 3.183e+01
E 004 016 2.343e+01
E 004 018 1.032e+02
E 004 019 3.214e+01
E 005 010 5.148e+01
E 005 013 6.147e+01
E 005 006 8.374e+01
E 006 007 5.629e+01
E 006 010 6.237e+01
E 006 012 8.154e+01
E 006 015 8.062e+01
E 006 016 8.286e+01
E 006 017 7.741e+01
E 006 019 1.030e+02
E 007 008 1.931e+01
E 007 010 6.083e+00
E 007 012 5.689e+01
E 007 015 2.759e+01
E 008 010 2.530e+01
E 008 012 6.351e+01
E 008 018 6.723e+01
E 008 019 6.796e+01
E 009 011 9.784e+01
E 009 012 2.900e+01
E 009 013 4.159e+01
E 009 017 6.640e+01
E 009 019 7.026e+01
E 010 011 4.701e+01
E 010 013 3.059e+01
E 010 014 2.600e+01
E 010 017 1.676e+01
E 011 012 9.932e+01
E 011 014 7.240e+01
E 011 015 5.367e+01
E 012 014 4.571e+01
E 012 018 3.401e+01
E 012 019 5.547e+01
E 014 017 4.272e+01
