N 000 007 049 7.763e-01
N 001 087 070 5.195e-01
N 002 002 064 1.513e-01
N 003 089 043 1.378e-01
N 004 065 056 3.861e-01
N 005 022 049 8.746e-01
N 006 055 013 7.904e-01
N 007 085 073 8.450e-01
N 008 032 039 9.451e-02
N 009 069 016 7.388e-01
N 010 038 026 9.068e-01
N 011 056 060 4.067e-01
N 012 083 098 5.623e-02
N 013 001 027 1.119e-02
N 014 034 070 8.619e-01
N 015 007 036 4.229e-01
N 016 092 068 7.330e-01
N 017 067 028 6.061e-01
N 018 058 008 9.502e-01
N 019 014 090 8.612e-01
E 000 003 8.222e+01
E 000 004 5.842e+01
E 000 011 5.022e+01
E 000 013 2.280e+01
E 000 016 8.710e+01
E 000 017 6.357e+01
E 000 019 4.159e+01
E 001 011 3.257e+01
E 001 017 4.652e+01
E 001 010 6.586e+01
E 001 003 2.707e+01
E 002 011 5.415e+01
E 002 003 8.950e+01
E 002 012 8.785e+01
E 002 013 3.701e+01
E 002 014 3.256e+01
E 003 008 5.714e+01
E 003 009 3.360e+01
E 003 015 8.230e+01
E 003 017 2.663e+01
E 003 018 4.675e+01
E 004 005 4.357e+01
E 004 008 3.712e+01
E 004 013 7.026e+01
E 004 014 3.401e+01
E 004 016 2.955e+01
E 004 017 2.807e+01
E 004 018 4.851e+01
E 005 012 7.824e+01
E 005 018 5.456e+01
E 005 013 3.041e+01
E 005 017 4.966e+01
E 006 018 5.831e+00
E 006 014 6.075e+01
E 007 008 6.297e+01
E 007 009 5.920e+01
E 007 010 6.647e+01
E 007 012 2.508e+01
E 007 018 7.038e+01
E 007 019 7.301e+01
E 008 009 4.357e+01
E 008 011 3.189e+01
E 008 014 3.106e+01
E 008 015 2.518e+01
E 008 016 6.664e+01
E 008 017 3.669e+01
E 009 010 3.257e+01
E 009 012 8.319e+01
E 009 017 1.217e+01
E 009 019 9.220e+01
E 010 016 6.841e+01
E 010 017 2.907e+01
E 011 017 3.384e+01
E 012 015 9.808e+01
E 012 016 3.132e+01
E 013 017 6.601e+01
E 013 019 6.433e+01
E 014 016 5.803e+01
E 015 016 9.082e+01
E 016 019 8.104e+01
