N 000 093 082 2.279e-01
N 001 013 059 1.179e-01
N 002 012 076 9.253e-01
N 003 073 093 1.507e-01
N 004 014 015 7.000e-01
N 005 066 000 7.559e-01
N 006 083 040 4.767e-01
N 007 057 013 2.308e-01
N 008 051 085 5.738e-01
N 009 078 018 3.813e-01
N 010 087 022 9.705e-01
N 011 073 026 5.763e-01
N 012 055 042 9.779e-01
N 013 078 068 4.816e-01
N 014 070 029 6.548e-01
N 015 022 035 5.262e-01
N 016 015 053 1.974e-01
N 017 016 053 4.040e-01
N 018 071 054 6.798e-02
N 019 033 008 1.049e-01
E 000 001 8.324e+01
E 000 004 1.036e+02
E 000 010 6.030e+01
E 000 013 2.052e+01
E 000 016 8.322e+01
E 000 019 9.527e+01
E 001 006 7.253e+01
E 001 007 6.366e+01
E 001 008 4.604e+01
E 001 013 6.562e+01
E 001 015 2.563e+01
E 002 008 4.002e+01
E 002 018 6.297e+01
E 002 003 6.332e+01
E 002 005 9.323e+01
E 002 014 7.465e+01
E 003 012 5.408e+01
E 004 006 7.339e+01
E 004 008 7.918e+01
E 004 009 6.407e+01
E 004 011 6.002e+01
E 004 012 4.909e+01
E 004 013 8.310e+01
E 004 014 5.772e+01
E 004 017 3.805e+01
E 005 006 4.346e+01
E 005 007 1.581e+01
E 005 008 8.631e+01
E 005 011 2.693e+01
E 005 018 5.423e+01
E 006 010 1.844e+01
E 006 011 1.720e+01
E 006 013 2.844e+01
E 006 015 6.120e+01
E 006 016 6.923e+01
E 006 017 6.825e+01
E 007 008 7.225e+01
E 007 019 2.452e+01
E 007 015 4.134e+01
E 008 009 7.224e+01
E 008 010 7.256e+01
E 008 013 3.191e+01
E 008 016 4.817e+01
E 009 012 3.324e+01
E 009 011 9.434e+00
E 009 019 4.610e+01
E 010 011 1.456e+01
E 010 015 6.629e+01
E 010 017 7.747e+01
E 010 018 3.578e+01
E 011 017 6.307e+01
E 011 018 2.807e+01
E 011 019 4.386e+01
E 012 016 4.148e+01
E 012 014 1.985e+01
E 013 015 6.500e+01
E 013 018 1.565e+01
E 015 016 1.931e+01
E 015 019 2.915e+01
E 017 018 5.501e+01
