N 000 041 029 7.609e-01
N 001 039 046 1.533e-01
N 002 014 063 9.073e-01
N 003 021 024 8.846e-01
N 004 081 011 8.125e-01
N 005 018 051 8.871e-01
N 006 053 016 4.217e-01
N 007 049 067 4.469e-01
N 008 064 091 8.604e-02
N 009 058 015 1.635e-01
N 010 057 053 9.124e-01
N 011 071 047 2.993e-01
N 012 047 046 8.336e-01
N 013 081 045 3.581e-01
N 014 030 010 2.314e-02
N 015 018 054 4.814e-01
N 016 029 001 5.540e-01
N 017 060 092 1.194e-01
N 018 097 025 3.663e-01
N 019 044 041 5.659e-01
E 000 002 4.342e+01
E 000 003 2.062e+01
E 000 005 3.183e+01
E 000 006 1.769e+01
E 000 014 2.195e+01
E 000 016 3.046e+01
E 000 018 5.614e+01
E 001 003 2.843e+01
E 001 004 5.467e+01
E 001 014 3.711e+01
E 001 015 2.247e+01
E 001 017 5.057e+01
E 001 019 7.071e+00
E 002 016 6.379e+01
E 002 013 6.938e+01
E 003 009 3.808e+01
E 003 010 4.623e+01
E 003 012 3.406e+01
E 003 015 3.015e+01
E 003 018 7.601e+01
E 004 006 2.844e+01
E 004 015 7.628e+01
E 005 009 5.381e+01
E 005 012 2.943e+01
E 005 014 4.272e+01
E 005 015 3.000e+00
E 005 018 8.317e+01
E 005 019 2.786e+01
E 006 011 3.585e+01
E 007 008 2.830e+01
E 007 009 5.277e+01
E 007 018 6.378e+01
E 007 016 6.896e+01
E 007 015 3.362e+01
E 008 009 7.624e+01
E 008 010 3.864e+01
E 008 013 4.904e+01
E 008 014 8.785e+01
E 008 016 9.657e+01
E 008 019 5.385e+01
E 009 010 3.801e+01
E 009 011 3.454e+01
E 009 013 3.780e+01
E 009 014 2.844e+01
E 009 017 7.703e+01
E 010 014 5.077e+01
E 010 016 5.906e+01
E 010 018 4.883e+01
E 011 016 6.229e+01
E 011 014 5.523e+01
E 012 016 4.847e+01
E 012 017 4.780e+01
E 013 014 6.185e+01
E 013 015 6.364e+01
E 013 017 5.148e+01
E 013 018 2.561e+01
E 014 018 6.866e+01
E 014 019 3.401e+01
E 015 017 5.664e+01
E 017 019 5.345e+01
