N 000 066 017 6.575e-02
N 001 093 086 1.007e-01
N 002 031 092 1.342e-01
N 003 005 035 1.078e-01
N 004 084 035 5.812e-01
N 005 063 054 4.719e-01
N 006 087 074 2.658e-01
N 007 067 053 7.637e-02
N 008 054 056 8.065e-01
N 009 072 020 8.403e-01
N 010 073 068 5.050e-01
N 011 046 043 8.406e-02
N 012 075 041 7.397e-01
N 013 053 055 5.868e-01
N 014 001 026 9.535e-01
N 015 009 007 2.335e-02
N 016 088 068 9.297e-01
N 017 041 059 2.520e-01
N 018 055 002 8.195e-01
N 019 056 025 7.477e-02
E 000 002 8.276e+01
E 000 004 2.546e+01
E 000 005 3.712e+01
E 000 007 3.601e+01
E 000 009 6.708e+00
E 000 014 6.562e+01
E 000 018 1.860e+01
E 000 019 1.281e+01
E 001 011 6.370e+01
E 001 006 1.342e+01
E 001 007 4.201e+01
E 002 003 6.265e+01
E 002 009 8.286e+01
E 002 010 4.837e+01
E 002 011 5.124e+01
E 002 018 9.315e+01
E 003 015 2.828e+01
E 004 006 3.912e+01
E 004 007 2.476e+01
E 004 009 1.921e+01
E 004 010 3.479e+01
E 004 013 3.689e+01
E 004 018 4.393e+01
E 004 019 2.973e+01
E 005 007 4.123e+00
E 005 009 3.517e+01
E 005 015 7.159e+01
E 005 018 5.261e+01
E 005 019 2.983e+01
E 006 009 5.604e+01
E 006 010 1.523e+01
E 006 014 9.849e+01
E 006 018 7.879e+01
E 007 011 2.326e+01
E 007 012 1.442e+01
E 007 013 1.414e+01
E 007 017 2.668e+01
E 007 019 3.008e+01
E 008 017 1.334e+01
E 008 018 5.401e+01
E 008 012 2.581e+01
E 008 014 6.090e+01
E 009 010 4.801e+01
E 009 011 3.471e+01
E 009 012 2.121e+01
E 009 015 6.433e+01
E 010 013 2.385e+01
E 010 014 8.335e+01
E 010 016 1.500e+01
E 010 017 3.324e+01
E 011 014 4.810e+01
E 011 016 4.888e+01
E 011 019 2.059e+01
E 012 017 3.847e+01
E 012 013 2.608e+01
E 013 017 1.265e+01
E 014 017 5.186e+01
E 014 018 5.909e+01
E 015 016 9.981e+01
E 015 018 4.627e+01
