N 000 068 023 2.082e-01
N 001 073 066 2.866e-01
N 002 084 079 4.081e-01
N 003 077 072 7.515e-01
N 004 069 009 3.571e-01
N 005 051 033 4.050e-01
N 006 085 069 5.660e-01
N 007 089 093 8.613e-01
N 008 093 032 3.283e-01
N 009 018 093 7.940e-01
N 010 022 060 8.903e-02
N 011 054 074 7.359e-01
N 012 061 061 7.909e-01
N 013 001 048 4.445e-01
N 014 096 038 9.790e-01
N 015 041 038 8.680e-01
N 016 096 025 5.351e-01
N 017 008 007 1.587e-01
N 018 071 000 5.415e-01
N 019 087 046 2.220e-01
E 000 009 8.602e+01
E 000 010 5.903e+01
E 000 015 3.089e+01
E 000 013 7.151e+01
E 000 007 7.308e+01
E 001 002 1.703e+01
E 001 007 3.138e+01
E 001 012 1.300e+01
E 001 014 3.624e+01
E 001 017 8.778e+01
E 001 018 6.603e+01
E 002 007 1.487e+01
E 002 008 4.785e+01
E 002 010 6.485e+01
E 002 013 8.860e+01
E 002 018 8.006e+01
E 003 019 2.786e+01
E 003 010 5.629e+01
E 003 011 2.309e+01
E 003 012 1.942e+01
E 003 015 4.952e+01
E 004 005 3.000e+01
E 004 009 9.827e+01
E 004 011 6.671e+01
E 004 013 7.839e+01
E 004 014 3.962e+01
E 004 018 9.220e+00
E 005 007 7.102e+01
E 005 008 4.201e+01
E 005 015 1.118e+01
E 005 016 4.571e+01
E 005 017 5.025e+01
E 006 019 2.309e+01
E 006 011 3.140e+01
E 006 012 2.530e+01
E 006 014 3.289e+01
E 006 007 2.433e+01
E 007 009 7.100e+01
E 007 010 7.469e+01
E 007 013 9.884e+01
E 007 015 7.300e+01
E 007 016 6.836e+01
E 008 017 8.860e+01
E 008 019 1.523e+01
E 008 013 9.338e+01
E 009 012 5.360e+01
E 009 016 1.035e+02
E 009 017 8.658e+01
E 010 013 2.419e+01
E 011 013 5.903e+01
E 011 015 3.828e+01
E 012 014 4.188e+01
E 012 015 3.048e+01
E 012 018 6.181e+01
E 013 015 4.123e+01
E 014 017 9.330e+01
E 014 018 4.549e+01
E 015 019 4.669e+01
E 016 017 8.982e+01
E 017 019 8.810e+01
