N 000 050 037 8.361e-01
N 001 069 036 8.369e-01
N 002 081 036 8.141e-01
N 003 008 058 9.150e-01
N 004 054 022 9.558e-01
N 005 040 044 6.424e-01
N 006 064 037 8.251e-01
N 007 077 028 4.314e-01
N 008 084 070 6.908e-01
N 009 075 052 3.712e-01
N 010 095 078 5.613e-01
N 011 059 027 8.456e-01
N 012 080 075 7.218e-01
N 013 063 011 5.688e-01
N 014 084 095 5.423e-01
N 015 048 034 9.658e-01
N 016 071 086 3.661e-01
N 017 075 069 7.106e-01
N 018 033 058 1.523e-01
N 019 011 086 9.464e-02
E 000 012 4.841e+01
E 001 002 1.200e+01
E 001 005 3.008e+01
E 001 010 4.940e+01
E 001 012 4.052e+01
E 001 014 6.088e+01
E 001 016 5.004e+01
E 001 018 4.219e+01
E 002 005 4.177e+01
E 002 007 8.944e+00
E 002 010 4.427e+01
E 002 014 5.908e+01
E 002 017 3.354e+01
E 002 019 8.602e+01
E 003 004 5.841e+01
E 003 008 7.694e+01
E 003 009 6.727e+01
E 003 014 8.453e+01
E 003 016 6.894e+01
E 003 019 2.816e+01
E 004 010 6.940e+01
E 004 011 7.071e+00
E 004 012 5.903e+01
E 004 014 7.892e+01
E 004 019 7.710e+01
E 005 012 5.061e+01
E 005 013 4.022e+01
E 005 007 4.031e+01
E 006 008 3.859e+01
E 006 009 1.860e+01
E 006 012 4.123e+01
E 006 014 6.135e+01
E 006 015 1.628e+01
E 006 016 4.950e+01
E 006 018 3.744e+01
E 006 019 7.218e+01
E 007 008 4.258e+01
E 007 018 5.325e+01
E 007 012 4.710e+01
E 008 014 2.500e+01
E 008 016 2.062e+01
E 008 019 7.473e+01
E 009 011 2.968e+01
E 009 016 3.423e+01
E 009 017 1.700e+01
E 010 011 6.243e+01
E 010 014 2.025e+01
E 010 016 2.530e+01
E 010 018 6.515e+01
E 010 019 8.438e+01
E 011 012 5.239e+01
E 011 018 4.046e+01
E 011 019 7.606e+01
E 012 019 6.987e+01
E 013 017 5.923e+01
E 014 016 1.581e+01
E 014 017 2.751e+01
E 015 017 4.420e+01
E 016 017 1.746e+01
E 017 019 6.622e+01
