N 000 073 062 4.804e-01
N 001 088 004 4.109e-01
N 002 090 031 5.147e-01
N 003 043 059 7.315e-02
N 004 083 011 4.445e-01
N 005 095 089 5.318e-01
N 006 074 037 3.703e-01
N 007 017 022 4.087e-01
N 008 016 075 8.004e-01
N 009 042 078 5.820e-01
N 010 071 056 5.929e-01
N 011 059 088 4.291e-01
N 012 012 050 5.992e-01
N 013 064 031 1.033e-01
N 014 090 081 3.091e-01
N 015 086 038 5.645e-01
N 016 045 037 8.242e-01
N 017 082 024 9.646e-01
N 018 006 029 8.287e-01
N 019 084 096 2.782e-02
E 000 008 5.846e+01
E 000 001 5.991e+01
E 000 002 3.536e+01
E 000 016 3.754e+01
E 001 002 2.707e+01
E 001 004 8.602e+00
E 001 006 3.585e+01
E 001 011 8.887e+01
E 001 013 3.612e+01
E 001 015 3.406e+01
E 001 017 2.088e+01
E 002 004 2.119e+01
E 002 008 8.609e+01
E 002 009 6.718e+01
E 002 013 2.600e+01
E 002 015 8.062e+00
E 002 016 4.540e+01
E 002 017 1.063e+01
E 002 019 6.528e+01
E 003 008 3.138e+01
E 003 017 5.240e+01
E 003 004 6.248e+01
E 003 013 3.500e+01
E 004 008 9.266e+01
E 004 007 6.691e+01
E 005 008 8.023e+01
E 005 016 7.214e+01
E 005 013 6.576e+01
E 005 007 1.028e+02
E 006 019 5.984e+01
E 006 012 6.335e+01
E 006 017 1.526e+01
E 007 008 5.301e+01
E 007 013 4.785e+01
E 007 017 6.503e+01
E 007 019 9.982e+01
E 008 010 5.819e+01
E 008 011 4.492e+01
E 008 014 7.424e+01
E 008 018 4.707e+01
E 008 019 7.117e+01
E 009 018 6.080e+01
E 009 010 3.640e+01
E 009 015 5.946e+01
E 010 019 4.206e+01
E 010 013 2.596e+01
E 010 017 3.384e+01
E 011 014 3.178e+01
E 011 015 5.682e+01
E 011 017 6.801e+01
E 011 018 7.931e+01
E 011 019 2.625e+01
E 012 019 8.544e+01
E 012 014 8.393e+01
E 013 014 5.636e+01
E 013 015 2.309e+01
E 013 016 1.992e+01
E 013 018 5.803e+01
E 016 017 3.922e+01
E 016 018 3.981e+01
