N 000 024 078 7.362e-02
N 001 062 065 3.705e-01
N 002 093 045 9.533e-01
N 003 039 021 4.057e-01
N 004 012 026 5.966e-01
N 005 007 067 9.317e-01
N 006 049 031 2.594e-01
N 007 089 017 5.322e-01
N 008 093 045 4.955e-01
N 009 033 048 2.703e-01
N 010 020 046 2.245e-01
N 011 021 081 7.186e-01
N 012 007 079 7.318e-01
N 013 037 035 8.929e-01
N 014 072 015 7.009e-01
N 015 069 019 2.545e-01
N 016 013 035 4.695e-01
N 017 079 093 4.655e-02
N 018 001 067 2.483e-01
N 019 001 086 4.847e-01
E 000 001 4.016e+01
E 000 002 7.649e+01
E 000 007 8.914e+01
E 000 008 7.649e+01
E 000 012 1.703e+01
E 000 014 7.920e+01
E 000 017 5.701e+01
E 001 008 3.689e+01
E 001 018 6.103e+01
E 001 012 5.675e+01
E 001 015 4.653e+01
E 002 007 2.828e+01
E 002 010 7.301e+01
E 002 016 8.062e+01
E 002 018 9.459e+01
E 002 019 1.007e+02
E 003 005 5.604e+01
E 003 006 1.414e+01
E 003 008 5.909e+01
E 003 012 6.624e+01
E 003 015 3.007e+01
E 003 019 7.529e+01
E 004 005 4.130e+01
E 004 006 3.734e+01
E 004 008 8.320e+01
E 004 009 3.041e+01
E 004 011 5.573e+01
E 004 013 2.657e+01
E 004 016 9.055e+00
E 004 017 9.475e+01
E 005 006 5.532e+01
E 005 007 9.604e+01
E 005 013 4.386e+01
E 005 014 8.324e+01
E 005 015 7.841e+01
E 005 016 3.256e+01
E 006 010 3.265e+01
E 006 011 5.731e+01
E 006 013 1.265e+01
E 006 014 2.802e+01
E 007 012 1.028e+02
E 007 014 1.712e+01
E 007 016 7.810e+01
E 007 017 7.666e+01
E 008 011 8.050e+01
E 008 016 8.062e+01
E 008 018 9.459e+01
E 009 012 4.046e+01
E 010 014 6.054e+01
E 011 012 1.414e+01
E 011 013 4.870e+01
E 011 016 4.669e+01
E 011 018 2.441e+01
E 011 019 2.062e+01
E 012 016 4.441e+01
E 013 019 6.243e+01
E 014 015 5.000e+00
E 014 016 6.230e+01
E 016 017 8.786e+01
E 016 019 5.239e+01
