N 000 085 080 5.504e-02
N 001 026 027 5.726e-02
N 002 017 072 8.244e-01
N 003 004 088 2.773e-01
N 004 092 012 1.635e-01
N 005 039 088 1.819e-01
N 006 032 073 5.691e-01
N 007 096 085 7.949e-01
N 008 078 090 6.813e-01
N 009 002 032 2.994e-02
N 010 049 089 3.656e-01
N 011 098 021 4.533e-01
N 012 076 014 8.291e-01
N 013 093 057 7.286e-02
N 014 032 084 4.457e-01
N 015 067 074 8.606e-01
N 016 013 089 8.366e-01
N 017 026 020 5.026e-01
N 018 005 072 9.014e-01
N 019 032 067 9.470e-01
E 000 008 1.221e+01
E 000 001 7.931e+01
E 000 018 8.040e+01
E 000 012 6.661e+01
E 001 002 4.589e+01
E 001 006 4.639e+01
E 001 010 6.613e+01
E 001 011 7.225e+01
E 001 016 6.335e+01
E 001 017 7.000e+00
E 002 007 8.006e+01
E 002 011 9.572e+01
E 002 014 1.921e+01
E 002 015 5.004e+01
E 002 017 5.277e+01
E 002 018 1.200e+01
E 003 008 7.403e+01
E 003 010 4.501e+01
E 003 011 1.154e+02
E 003 013 9.424e+01
E 003 018 1.603e+01
E 003 019 3.500e+01
E 004 011 1.082e+01
E 004 013 4.501e+01
E 004 015 6.685e+01
E 005 008 3.905e+01
E 005 011 8.927e+01
E 005 014 8.062e+00
E 006 007 6.512e+01
E 006 009 5.080e+01
E 006 011 8.402e+01
E 006 014 1.100e+01
E 006 015 3.501e+01
E 006 016 2.484e+01
E 006 017 5.334e+01
E 007 009 1.079e+02
E 007 017 9.552e+01
E 008 010 2.902e+01
E 008 011 7.184e+01
E 008 017 8.720e+01
E 009 017 2.683e+01
E 009 018 4.011e+01
E 009 011 9.663e+01
E 010 011 8.382e+01
E 010 012 7.971e+01
E 010 014 1.772e+01
E 010 017 7.273e+01
E 010 018 4.717e+01
E 011 013 3.635e+01
E 012 016 9.795e+01
E 012 014 8.268e+01
E 012 015 6.067e+01
E 013 017 7.654e+01
E 014 016 1.965e+01
E 015 016 5.604e+01
E 015 017 6.780e+01
E 015 018 6.203e+01
E 015 019 3.569e+01
E 016 017 7.021e+01
E 016 019 2.907e+01
