N 000 042 085 7.531e-01
N 001 044 018 6.532e-01
N 002 076 094 3.027e-02
N 003 041 015 7.970e-01
N 004 070 014 4.892e-01
N 005 028 012 4.253e-01
N 006 092 050 2.924e-01
N 007 020 054 4.208e-02
N 008 004 067 6.215e-01
N 009 002 030 7.465e-01
N 010 064 083 7.062e-01
N 011 024 066 6.104e-01
N 012 098 038 4.899e-01
N 013 082 006 5.240e-01
N 014 088 044 4.525e-01
N 015 014 032 6.341e-01
N 016 088 081 5.022e-01
N 017 079 094 4.464e-01
N 018 080 067 6.657e-01
N 019 013 039 9.979e-01
E 000 004 7.632e+01
E 000 006 6.103e+01
E 000 012 7.311e+01
E 000 013 8.855e+01
E 000 014 6.162e+01
E 000 015 5.994e+01
E 000 018 4.205e+01
E 001 003 4.243e+00
E 001 004 2.631e+01
E 001 005 1.709e+01
E 001 009 4.368e+01
E 001 012 5.758e+01
E 001 013 3.985e+01
E 002 019 8.363e+01
E 002 011 5.906e+01
E 002 005 9.502e+01
E 003 005 1.334e+01
E 003 006 6.185e+01
E 003 007 4.429e+01
E 003 008 6.382e+01
E 003 015 3.191e+01
E 003 016 8.102e+01
E 003 017 8.766e+01
E 004 008 8.465e+01
E 004 009 6.986e+01
E 004 013 1.442e+01
E 004 016 6.938e+01
E 004 019 6.224e+01
E 005 006 7.443e+01
E 005 011 5.415e+01
E 005 014 6.800e+01
E 005 017 9.657e+01
E 005 018 7.569e+01
E 005 019 3.089e+01
E 006 010 4.328e+01
E 006 013 4.512e+01
E 006 015 8.005e+01
E 006 016 3.126e+01
E 006 019 7.976e+01
E 007 008 2.062e+01
E 007 019 1.655e+01
E 008 015 3.640e+01
E 008 014 8.709e+01
E 009 011 4.219e+01
E 009 015 1.217e+01
E 009 016 9.998e+01
E 009 019 1.421e+01
E 010 017 1.860e+01
E 010 014 4.579e+01
E 010 013 7.908e+01
E 010 015 7.142e+01
E 011 014 6.768e+01
E 011 015 3.544e+01
E 012 013 3.578e+01
E 012 016 4.415e+01
E 013 018 6.103e+01
E 014 018 2.435e+01
E 014 019 7.517e+01
E 016 018 1.612e+01
E 017 018 2.702e+01
