N 000 077 056 9.811e-01
N 001 081 044 4.348e-01
N 002 093 042 2.948e-01
N 003 023 091 7.796e-01
N 004 041 018 3.497e-01
N 005 046 004 1.519e-01
N 006 044 060 9.083e-01
N 007 015 058 2.195e-02
N 008 086 061 3.614e-01
N 009 025 099 1.056e-01
N 010 019 004 4.751e-01
N 011 048 029 8.139e-01
N 012 048 067 7.662e-01
N 013 050 086 4.774e-01
N 014 098 067 2.860e-02
N 015 054 066 4.613e-01
N 016 030 070 5.123e-01
N 017 001 086 8.732e-01
N 018 034 073 8.231e-01
N 019 007 002 3.197e-01
E 000 001 1.265e+01
E 000 002 2.126e+01
E 000 009 6.748e+01
E 000 012 3.102e+01
E 000 014 2.371e+01
E 000 015 2.508e+01
E 000 017 8.171e+01
E 001 002 1.217e+01
E 001 003 7.465e+01
E 001 005 5.315e+01
E 001 007 6.747e+01
E 001 013 5.220e+01
E 001 015 3.483e+01
E 001 019 8.509e+01
E 002 003 8.545e+01
E 002 009 8.873e+01
E 002 010 8.319e+01
E 002 011 4.684e+01
E 002 016 6.894e+01
E 002 019 9.485e+01
E 003 011 6.685e+01
E 003 016 2.214e+01
E 003 017 2.256e+01
E 003 019 9.043e+01
E 004 008 6.224e+01
E 004 017 7.889e+01
E 004 018 5.544e+01
E 004 019 3.758e+01
E 005 018 7.004e+01
E 005 019 3.905e+01
E 005 009 9.729e+01
E 005 007 6.227e+01
E 006 017 5.025e+01
E 006 019 6.880e+01
E 006 012 8.062e+00
E 006 013 2.668e+01
E 006 007 2.907e+01
E 007 019 5.657e+01
E 008 009 7.187e+01
E 008 018 5.337e+01
E 008 012 3.847e+01
E 009 012 3.941e+01
E 009 016 2.943e+01
E 009 018 2.751e+01
E 009 019 9.866e+01
E 010 017 8.395e+01
E 010 012 6.935e+01
E 010 013 8.766e+01
E 010 014 1.010e+02
E 011 016 4.478e+01
E 011 014 6.280e+01
E 012 013 1.910e+01
E 012 015 6.083e+00
E 013 015 2.040e+01
E 013 017 4.900e+01
E 014 017 9.884e+01
E 014 015 4.401e+01
E 016 017 3.312e+01
E 017 018 3.547e+01
E 018 019 7.596e+01
