N 000 078 064 7.974e-01
N 001 020 008 4.842e-01
N 002 079 084 9.842e-01
N 003 046 037 6.795e-02
N 004 079 087 1.272e-01
N 005 055 087 8.288e-02
N 006 002 038 3.934e-01
N 007 091 060 7.812e-01
N 008 052 035 5.497e-02
N 009 063 078 7.941e-01
N 010 070 006 5.637e-01
N 011 025 087 5.597e-01
N 012 028 081 4.157e-01
N 013 025 006 2.750e-02
N 014 038 033 3.701e-01
N 015 068 044 5.127e-02
N 016 000 027 9.393e-01
N 017 030 026 7.114e-01
N 018 019 087 4.818e-01
N 019 019 015 4.700e-01
E 000 003 4.187e+01
E 000 006 8.032e+01
E 000 007 1.360e+01
E 000 010 5.855e+01
E 000 015 2.236e+01
E 000 018 6.332e+01
E 000 019 7.669e+01
E 001 005 8.641e+01
E 001 010 5.004e+01
E 001 013 5.385e+00
E 001 014 3.081e+01
E 001 015 6.000e+01
E 001 017 2.059e+01
E 002 018 6.007e+01
E 003 004 5.991e+01
E 003 006 4.401e+01
E 003 011 5.423e+01
E 003 012 4.754e+01
E 003 013 3.744e+01
E 003 016 4.707e+01
E 004 009 1.836e+01
E 004 006 9.127e+01
E 004 015 4.438e+01
E 005 007 4.500e+01
E 005 010 8.238e+01
E 005 011 3.000e+01
E 005 012 2.766e+01
E 005 013 8.638e+01
E 006 008 5.009e+01
E 006 010 7.515e+01
E 006 012 5.025e+01
E 006 014 3.635e+01
E 006 015 6.627e+01
E 006 016 1.118e+01
E 007 008 4.632e+01
E 007 009 3.329e+01
E 007 010 5.794e+01
E 007 011 7.131e+01
E 007 012 6.641e+01
E 007 017 6.984e+01
E 007 019 8.491e+01
E 008 009 4.438e+01
E 008 010 3.413e+01
E 008 011 5.859e+01
E 008 012 5.188e+01
E 008 015 1.836e+01
E 008 017 2.377e+01
E 008 018 6.159e+01
E 009 016 8.106e+01
E 010 015 3.805e+01
E 010 018 9.572e+01
E 012 013 7.506e+01
E 012 014 4.903e+01
E 012 016 6.083e+01
E 013 017 2.062e+01
E 013 018 8.122e+01
E 015 016 7.009e+01
E 015 017 4.205e+01
E 015 018 6.519e+01
E 016 017 3.002e+01
