N 000 071 067 8.243e-01
N 001 019 085 7.208e-01
N 002 024 074 9.911e-01
N 003 087 022 1.370e-01
N 004 002 003 5.373e-01
N 005 049 008 2.633e-01
N 006 005 045 3.788e-01
N 007 059 017 7.544e-01
N 008 047 093 7.241e-01
N 009 016 038 4.649e-01
N 010 093 004 4.644e-01
N 011 096 054 1.988e-01
N 012 019 089 8.802e-01
N 013 087 012 9.471e-01
N 014 028 057 9.842e-01
N 015 062 089 3.085e-01
N 016 084 063 4.394e-01
N 017 051 095 3.222e-01
N 018 031 070 2.945e-01
N 019 068 091 9.412e-01
E 000 002 4.752e+01
E 000 005 6.297e+01
E 000 006 6.957e+01
E 000 013 5.728e+01
E 000 016 1.360e+01
E 000 017 3.441e+01
E 000 018 4.011e+01
E 000 019 2.419e+01
E 001 008 2.912e+01
E 001 017 3.353e+01
E 001 018 1.921e+01
E 002 017 3.421e+01
E 002 015 4.085e+01
E 002 019 4.717e+01
E 002 007 6.689e+01
E 003 004 8.710e+01
E 003 005 4.050e+01
E 003 006 8.516e+01
E 003 008 8.149e+01
E 003 009 7.278e+01
E 003 013 1.000e+01
E 003 014 6.860e+01
E 003 016 4.111e+01
E 004 006 4.211e+01
E 004 007 5.869e+01
E 004 013 8.548e+01
E 004 015 1.049e+02
E 004 019 1.100e+02
E 005 008 8.502e+01
E 005 014 5.331e+01
E 006 007 6.083e+01
E 006 008 6.378e+01
E 006 013 8.839e+01
E 006 014 2.594e+01
E 007 019 7.455e+01
E 007 018 5.994e+01
E 008 015 1.552e+01
E 008 017 4.472e+00
E 008 018 2.802e+01
E 009 019 7.425e+01
E 009 012 5.109e+01
E 010 011 5.009e+01
E 010 012 1.127e+02
E 010 013 1.000e+01
E 010 015 9.048e+01
E 010 016 5.968e+01
E 010 017 1.002e+02
E 011 018 6.694e+01
E 011 014 6.807e+01
E 012 016 7.001e+01
E 012 019 4.904e+01
E 013 014 7.420e+01
E 013 019 8.125e+01
E 014 016 5.632e+01
E 014 017 4.442e+01
E 014 018 1.334e+01
E 014 019 5.250e+01
E 015 018 3.636e+01
E 016 019 3.225e+01
E 018 019 4.254e+01
