N 000 095 086 4.622e-01
N 001 072 008 2.060e-01
N 002 003 030 3.410e-01
N 003 001 075 1.324e-01
N 004 016 024 2.829e-01
N 005 082 067 1.291e-01
N 006 053 047 5.081e-01
N 007 093 074 4.506e-01
N 008 048 077 8.659e-01
N 009 058 039 6.450e-01
N 010 095 023 6.018e-01
N 011 013 016 1.352e-01
N 012 049 057 9.418e-01
N 013 000 034 7.843e-01
N 014 085 069 1.497e-01
N 015 012 056 2.002e-01
N 016 010 009 8.745e-01
N 017 084 028 6.758e-01
N 018 003 044 1.764e-01
N 019 009 029 1.518e-03
E 000 002 1.077e+02
E 000 003 9.464e+01
E 000 006 5.731e+01
E 000 007 1.217e+01
E 000 008 4.785e+01
E 000 010 6.300e+01
E 000 016 1.147e+02
E 000 017 5.903e+01
E 001 004 5.824e+01
E 001 008 7.305e+01
E 001 012 5.413e+01
E 001 014 6.237e+01
E 001 015 7.684e+01
E 001 017 2.332e+01
E 002 003 4.504e+01
E 002 005 8.724e+01
E 002 011 1.720e+01
E 002 018 1.400e+01
E 002 019 6.083e+00
E 003 005 8.139e+01
E 003 006 5.906e+01
E 003 007 9.201e+01
E 003 008 4.704e+01
E 003 014 8.421e+01
E 003 015 2.195e+01
E 003 018 3.106e+01
E 004 014 8.238e+01
E 004 013 1.887e+01
E 004 006 4.357e+01
E 004 015 3.225e+01
E 005 006 3.523e+01
E 005 010 4.588e+01
E 005 011 8.580e+01
E 005 013 8.839e+01
E 005 016 9.246e+01
E 005 017 3.905e+01
E 005 018 8.228e+01
E 006 008 3.041e+01
E 006 011 5.061e+01
E 006 018 5.009e+01
E 007 018 9.487e+01
E 007 012 4.717e+01
E 008 019 6.185e+01
E 009 019 5.001e+01
E 009 018 5.523e+01
E 009 011 5.054e+01
E 009 014 4.036e+01
E 010 017 1.208e+01
E 010 018 9.437e+01
E 010 012 5.720e+01
E 011 016 7.616e+00
E 011 017 7.201e+01
E 011 018 2.973e+01
E 012 018 4.780e+01
E 013 015 2.506e+01
E 014 015 7.415e+01
E 014 019 8.588e+01
E 015 017 7.725e+01
E 016 019 2.002e+01
E 017 019 7.501e+01
