N 000 049 056 4.678e-01
N 001 090 069 6.285e-01
N 002 029 060 5.687e-01
N 003 074 094 9.284e-01
N 004 039 086 3.204e-01
N 005 042 080 9.775e-01
N 006 060 019 2.057e-01
N 007 094 073 7.843e-01
N 008 009 002 5.214e-01
N 009 034 057 7.872e-01
N 010 072 029 5.629e-01
N 011 094 010 2.016e-01
N 012 090 025 2.335e-01
N 013 081 024 1.111e-01
N 014 078 028 7.017e-01
N 015 045 044 9.879e-01
N 016 033 018 4.240e-01
N 017 018 074 8.510e-01
N 018 044 070 5.750e-01
N 019 045 014 5.836e-01
E 000 018 1.487e+01
E 000 007 4.810e+01
E 001 002 6.166e+01
E 001 019 7.106e+01
E 001 005 4.924e+01
E 001 013 4.589e+01
E 002 008 6.135e+01
E 002 009 5.831e+00
E 002 017 1.780e+01
E 002 007 6.629e+01
E 003 007 2.900e+01
E 003 008 1.126e+02
E 003 013 7.035e+01
E 003 016 8.635e+01
E 003 017 5.946e+01
E 003 019 8.509e+01
E 004 006 7.021e+01
E 004 010 6.586e+01
E 004 012 7.951e+01
E 004 014 6.989e+01
E 004 018 1.676e+01
E 004 019 7.225e+01
E 005 007 5.247e+01
E 005 009 2.435e+01
E 005 014 6.325e+01
E 005 017 2.474e+01
E 005 019 6.607e+01
E 006 012 3.059e+01
E 007 013 5.070e+01
E 007 014 4.776e+01
E 007 016 8.213e+01
E 007 018 5.009e+01
E 008 010 6.854e+01
E 008 012 8.420e+01
E 008 016 2.884e+01
E 008 018 7.648e+01
E 009 010 4.720e+01
E 009 011 7.622e+01
E 009 015 1.703e+01
E 009 018 1.640e+01
E 010 011 2.907e+01
E 010 012 1.844e+01
E 010 015 3.089e+01
E 010 016 4.052e+01
E 010 019 3.089e+01
E 011 012 1.552e+01
E 011 013 1.910e+01
E 012 013 9.055e+00
E 012 014 1.237e+01
E 012 015 4.885e+01
E 012 018 6.435e+01
E 012 019 4.632e+01
E 013 015 4.118e+01
E 013 018 5.903e+01
E 014 016 4.610e+01
E 015 016 2.864e+01
E 015 017 4.036e+01
E 015 019 3.000e+01
E 016 017 5.797e+01
E 016 019 1.265e+01
