N 000 020 090 8.566e-01
N 001 006 012 4.228e-01
N 002 086 014 8.563e-01
N 003 050 023 8.184e-01
N 004 012 059 4.051e-01
N 005 045 014 6.471e-01
N 006 052 016 7.554e-01
N 007 084 007 8.189e-01
N 008 007 050 2.128e-01
N 009 063 029 9.264e-01
N 010 080 078 6.197e-02
N 011 072 098 7.231e-01
N 012 066 031 9.207e-01
N 013 007 078 4.151e-01
N 014 058 067 4.222e-01
N 015 013 017 9.694e-01
N 016 017 028 3.651e-01
N 017 020 093 3.599e-01
N 018 099 022 2.492e-01
N 019 019 034 3.269e-01
E 000 001 7.925e+01
E 000 003 7.341e+01
E 000 005 8.001e+01
E 000 007 1.048e+02
E 000 009 7.463e+01
E 000 011 5.261e+01
E 000 013 1.769e+01
E 000 015 7.333e+01
E 000 018 1.042e+02
E 001 002 8.002e+01
E 001 007 7.816e+01
E 001 010 9.916e+01
E 001 014 7.569e+01
E 001 018 9.354e+01
E 002 008 8.682e+01
E 002 014 5.994e+01
E 002 007 7.280e+00
E 003 006 7.280e+00
E 003 007 3.758e+01
E 003 009 1.432e+01
E 003 010 6.265e+01
E 003 011 7.816e+01
E 003 012 1.789e+01
E 003 015 3.748e+01
E 003 017 7.616e+01
E 004 008 1.030e+01
E 004 009 5.917e+01
E 004 019 2.596e+01
E 004 013 1.965e+01
E 004 006 5.873e+01
E 005 006 7.280e+00
E 005 008 5.235e+01
E 005 009 2.343e+01
E 005 010 7.295e+01
E 005 011 8.823e+01
E 005 017 8.286e+01
E 005 018 5.459e+01
E 006 007 3.324e+01
E 006 012 2.052e+01
E 006 014 5.135e+01
E 006 015 3.901e+01
E 006 019 3.759e+01
E 007 011 9.179e+01
E 007 015 7.170e+01
E 007 019 7.038e+01
E 008 019 2.000e+01
E 009 017 7.710e+01
E 009 018 3.667e+01
E 010 019 7.521e+01
E 010 017 6.185e+01
E 011 013 6.801e+01
E 011 014 3.401e+01
E 011 017 5.224e+01
E 012 013 7.543e+01
E 012 015 5.482e+01
E 013 014 5.217e+01
E 014 017 4.604e+01
E 014 018 6.088e+01
E 014 019 5.109e+01
E 015 016 1.170e+01
