N 000 022 097 1.378e-01
N 001 087 001 3.578e-01
N 002 003 049 6.350e-01
N 003 020 014 9.303e-01
N 004 099 001 1.342e-01
N 005 056 088 9.667e-01
N 006 092 095 3.495e-01
N 007 032 060 2.867e-01
N 008 094 025 3.560e-01
N 009 097 098 8.259e-01
N 010 052 051 1.917e-02
N 011 029 014 3.310e-01
N 012 090 004 3.221e-01
N 013 078 096 7.727e-01
N 014 038 082 2.681e-01
N 015 021 034 6.605e-01
N 016 093 005 9.416e-02
N 017 077 028 3.304e-02
N 018 004 073 4.501e-01
N 019 018 046 3.894e-01
E 000 004 1.231e+02
E 000 007 3.833e+01
E 000 013 5.601e+01
E 000 014 2.193e+01
E 000 016 1.162e+02
E 000 018 3.000e+01
E 001 003 6.825e+01
E 001 005 9.236e+01
E 001 010 6.103e+01
E 001 012 4.243e+00
E 001 014 9.467e+01
E 001 015 7.379e+01
E 001 016 7.211e+00
E 001 018 1.099e+02
E 001 019 8.238e+01
E 002 017 7.692e+01
E 002 018 2.402e+01
E 002 015 2.343e+01
E 003 005 8.229e+01
E 003 006 1.084e+02
E 003 008 7.481e+01
E 003 010 4.892e+01
E 003 012 7.071e+01
E 003 014 7.034e+01
E 003 017 5.869e+01
E 003 018 6.113e+01
E 003 019 3.206e+01
E 004 009 9.702e+01
E 004 010 6.862e+01
E 004 012 9.487e+00
E 004 014 1.014e+02
E 005 015 6.435e+01
E 005 016 9.087e+01
E 005 009 4.220e+01
E 006 007 6.946e+01
E 006 009 5.831e+00
E 006 012 9.102e+01
E 006 014 5.554e+01
E 006 015 9.361e+01
E 007 010 2.193e+01
E 007 011 4.610e+01
E 008 011 6.592e+01
E 008 017 1.726e+01
E 009 012 9.426e+01
E 009 013 1.910e+01
E 009 014 6.113e+01
E 010 015 3.536e+01
E 011 019 3.384e+01
E 011 012 6.181e+01
E 012 015 7.524e+01
E 012 016 3.162e+00
E 012 018 1.103e+02
E 013 018 7.749e+01
E 013 014 4.238e+01
E 014 015 5.092e+01
E 015 017 5.632e+01
E 015 019 1.237e+01
E 016 018 1.120e+02
E 016 019 8.548e+01
E 017 018 8.576e+01
