N 000 062 055 5.804e-02
N 001 091 045 1.624e-01
N 002 052 067 6.256e-01
N 003 080 087 3.596e-01
N 004 047 006 5.724e-01
N 005 038 024 8.402e-01
N 006 007 097 6.398e-01
N 007 023 012 9.502e-01
N 008 007 005 9.908e-02
N 009 053 017 7.032e-01
N 010 054 042 4.549e-01
N 011 099 065 8.198e-01
N 012 008 096 2.944e-01
N 013 031 046 3.734e-01
N 014 039 080 7.203e-01
N 015 071 076 2.396e-01
N 016 088 039 3.223e-01
N 017 080 050 1.374e-01
N 018 075 083 4.822e-03
N 019 075 063 1.105e-01
E 000 019 1.526e+01
E 000 017 1.868e+01
E 000 018 3.087e+01
E 000 003 3.672e+01
E 001 008 9.304e+01
E 001 019 2.408e+01
E 001 005 5.701e+01
E 001 015 3.689e+01
E 002 003 3.441e+01
E 002 004 6.120e+01
E 002 005 4.522e+01
E 002 006 5.408e+01
E 002 007 6.218e+01
E 002 008 7.661e+01
E 002 010 2.508e+01
E 002 011 4.704e+01
E 002 012 5.270e+01
E 002 013 2.970e+01
E 002 019 2.335e+01
E 003 011 2.907e+01
E 003 012 7.256e+01
E 003 016 4.866e+01
E 003 017 3.700e+01
E 003 018 6.403e+00
E 004 005 2.012e+01
E 004 010 3.667e+01
E 004 014 7.443e+01
E 004 016 5.263e+01
E 004 018 8.193e+01
E 005 006 7.931e+01
E 005 007 1.921e+01
E 005 012 7.800e+01
E 005 015 6.159e+01
E 005 018 6.964e+01
E 006 007 8.649e+01
E 006 008 9.200e+01
E 006 009 9.228e+01
E 006 012 1.414e+00
E 006 015 6.736e+01
E 006 019 7.603e+01
E 007 009 3.041e+01
E 008 010 5.982e+01
E 008 011 1.098e+02
E 008 015 9.559e+01
E 008 019 8.938e+01
E 009 014 6.454e+01
E 010 016 3.413e+01
E 010 013 2.335e+01
E 011 013 7.060e+01
E 011 015 3.008e+01
E 011 016 2.823e+01
E 012 018 6.825e+01
E 012 019 7.469e+01
E 013 017 4.916e+01
E 014 016 6.389e+01
E 014 018 3.612e+01
E 015 016 4.072e+01
E 015 017 2.751e+01
E 016 017 1.360e+01
E 017 019 1.393e+01
