N 000 014 077 3.083e-01
N 001 072 013 6.060e-01
N 002 059 012 7.084e-01
N 003 025 032 2.905e-01
N 004 053 049 1.725e-01
N 005 050 064 7.295e-01
N 006 000 069 6.196e-01
N 007 006 066 4.857e-01
N 008 064 034 9.592e-01
N 009 046 005 3.612e-01
N 010 080 079 1.088e-01
N 011 081 063 3.683e-01
N 012 024 071 7.317e-01
N 013 081 055 3.718e-01
N 014 070 051 7.043e-01
N 015 039 075 5.189e-01
N 016 015 068 6.882e-01
N 017 007 003 3.609e-01
N 018 005 040 4.429e-01
N 019 015 028 9.443e-01
E 000 004 4.801e+01
E 000 006 1.612e+01
E 000 008 6.595e+01
E 000 010 6.603e+01
E 000 012 1.166e+01
E 000 016 9.055e+00
E 000 018 3.808e+01
E 001 016 7.921e+01
E 001 003 5.070e+01
E 001 005 5.554e+01
E 002 004 3.748e+01
E 002 006 8.204e+01
E 002 009 1.476e+01
E 002 011 5.554e+01
E 002 013 4.830e+01
E 002 016 7.122e+01
E 003 005 4.061e+01
E 003 008 3.905e+01
E 003 010 7.235e+01
E 003 011 6.401e+01
E 003 012 3.901e+01
E 003 016 3.736e+01
E 004 011 3.130e+01
E 004 012 3.640e+01
E 004 014 1.712e+01
E 004 016 4.249e+01
E 004 019 4.342e+01
E 005 008 3.311e+01
E 005 011 3.102e+01
E 005 014 2.385e+01
E 005 015 1.556e+01
E 005 016 3.523e+01
E 005 019 5.021e+01
E 006 007 6.708e+00
E 006 010 8.062e+01
E 006 012 2.408e+01
E 006 018 2.943e+01
E 006 019 4.366e+01
E 007 008 6.624e+01
E 007 013 7.580e+01
E 007 015 3.421e+01
E 007 017 6.301e+01
E 007 018 2.602e+01
E 008 012 5.449e+01
E 008 015 4.802e+01
E 008 017 6.488e+01
E 009 011 6.774e+01
E 009 018 5.391e+01
E 009 015 7.035e+01
E 010 013 2.402e+01
E 010 015 4.119e+01
E 010 018 8.453e+01
E 011 015 4.368e+01
E 012 014 5.016e+01
E 012 017 7.009e+01
E 013 018 7.747e+01
E 013 015 4.652e+01
E 015 016 2.500e+01
E 015 018 4.880e+01
E 016 019 4.000e+01
