N 000 088 062 7.318e-01
N 001 053 086 3.603e-01
N 002 080 076 7.845e-01
N 003 070 008 1.493e-01
N 004 010 037 6.212e-01
N 005 083 055 6.244e-01
N 006 036 046 6.184e-01
N 007 035 070 9.396e-01
N 008 095 023 1.774e-01
N 009 072 008 7.007e-01
N 010 021 051 8.004e-01
N 011 049 076 3.059e-01
N 012 038 053 7.951e-02
N 013 065 033 4.671e-01
N 014 030 092 2.291e-01
N 015 009 071 9.604e-01
N 016 025 092 2.745e-01
N 017 041 034 1.862e-01
N 018 063 028 2.416e-01
N 019 093 055 3.683e-01
E 000 001 4.244e+01
E 000 007 5.360e+01
E 000 013 3.701e+01
E 000 016 6.978e+01
E 000 017 5.471e+01
E 000 018 4.220e+01
E 001 012 3.625e+01
E 001 005 4.314e+01
E 001 006 4.346e+01
E 001 013 5.434e+01
E 002 017 5.731e+01
E 002 004 8.013e+01
E 002 013 4.554e+01
E 002 006 5.325e+01
E 003 006 5.099e+01
E 003 009 2.000e+00
E 003 011 7.117e+01
E 003 012 5.522e+01
E 003 014 9.304e+01
E 003 015 8.769e+01
E 004 008 8.615e+01
E 004 016 5.701e+01
E 004 019 8.493e+01
E 004 017 3.114e+01
E 005 013 2.843e+01
E 005 014 6.464e+01
E 005 016 6.880e+01
E 005 018 3.360e+01
E 005 019 1.000e+01
E 006 008 6.332e+01
E 006 011 3.270e+01
E 006 016 4.730e+01
E 006 018 3.245e+01
E 006 019 5.771e+01
E 007 009 7.220e+01
E 007 011 1.523e+01
E 007 012 1.726e+01
E 007 013 4.763e+01
E 007 018 5.048e+01
E 007 019 5.991e+01
E 008 009 2.746e+01
E 008 018 3.239e+01
E 008 017 5.511e+01
E 009 013 2.596e+01
E 009 017 4.046e+01
E 009 018 2.193e+01
E 010 016 4.119e+01
E 010 019 7.211e+01
E 010 011 3.754e+01
E 010 012 1.712e+01
E 011 015 4.031e+01
E 011 018 5.000e+01
E 012 013 3.360e+01
E 013 017 2.402e+01
E 014 016 5.000e+00
E 014 018 7.201e+01
E 015 017 4.892e+01
E 015 019 8.551e+01
E 016 017 6.017e+01
E 017 018 2.280e+01
