N 000 046 070 4.946e-01
N 001 077 001 3.171e-01
N 002 065 031 1.847e-01
N 003 013 097 8.076e-01
N 004 053 014 2.089e-01
N 005 060 023 6.258e-01
N 006 055 047 7.572e-02
N 007 035 019 1.821e-01
N 008 051 017 3.926e-01
N 009 076 099 9.746e-01
N 010 024 061 1.776e-01
N 011 032 091 6.946e-01
N 012 019 003 6.697e-01
N 013 055 013 2.821e-01
N 014 008 024 7.815e-01
N 015 004 067 7.591e-01
N 016 077 010 7.141e-01
N 017 091 076 4.659e-01
N 018 023 000 1.311e-01
N 019 082 045 5.482e-01
E 000 016 6.754e+01
E 000 018 7.368e+01
E 000 003 4.264e+01
E 000 013 5.771e+01
E 000 014 5.967e+01
E 001 004 2.729e+01
E 001 006 5.099e+01
E 001 009 9.801e+01
E 001 010 8.006e+01
E 001 014 7.273e+01
E 001 016 9.000e+00
E 002 004 2.081e+01
E 002 006 1.887e+01
E 002 007 3.231e+01
E 002 011 6.848e+01
E 002 013 2.059e+01
E 002 014 5.743e+01
E 002 016 2.419e+01
E 003 008 8.857e+01
E 003 006 6.530e+01
E 003 017 8.078e+01
E 004 005 1.140e+01
E 004 008 3.606e+00
E 004 013 2.236e+00
E 004 017 7.272e+01
E 005 011 7.354e+01
E 005 012 4.562e+01
E 005 013 1.118e+01
E 005 016 2.140e+01
E 005 018 4.357e+01
E 006 007 3.441e+01
E 006 009 5.608e+01
E 006 012 5.685e+01
E 006 014 5.233e+01
E 006 019 2.707e+01
E 007 013 2.088e+01
E 007 014 2.746e+01
E 007 015 5.714e+01
E 007 017 7.991e+01
E 007 018 2.247e+01
E 008 016 2.693e+01
E 008 018 3.276e+01
E 009 018 1.123e+02
E 009 013 8.853e+01
E 010 018 6.101e+01
E 010 019 6.017e+01
E 010 013 5.714e+01
E 010 017 6.866e+01
E 011 012 8.896e+01
E 011 014 7.117e+01
E 011 017 6.088e+01
E 011 019 6.794e+01
E 012 019 7.572e+01
E 013 016 2.220e+01
E 014 015 4.319e+01
E 014 017 9.794e+01
E 014 018 2.830e+01
E 015 016 9.262e+01
E 016 017 6.747e+01
E 018 019 7.420e+01
