N 000 003 064 8.886e-01
N 001 028 016 3.549e-01
N 002 082 094 7.355e-01
N 003 017 087 5.662e-02
N 004 057 029 9.043e-01
N 005 071 050 7.396e-01
N 006 047 014 2.394e-01
N 007 063 071 9.967e-02
N 008 044 011 4.057e-01
N 009 059 096 9.870e-01
N 010 036 083 7.385e-01
N 011 054 081 3.430e-01
N 012 047 089 2.659e-01
N 013 007 000 1.202e-01
N 014 052 025 3.232e-01
N 015 040 006 2.845e-01
N 016 002 000 4.489e-01
N 017 065 007 4.533e-01
N 018 088 029 9.267e-01
N 019 003 061 8.618e-01
E 000 008 6.701e+01
E 000 009 6.450e+01
E 000 004 6.435e+01
E 000 012 5.061e+01
E 000 015 6.880e+01
E 001 009 8.580e+01
E 001 018 6.139e+01
E 001 011 7.001e+01
E 001 004 3.178e+01
E 002 019 8.562e+01
E 002 010 4.730e+01
E 002 003 6.538e+01
E 002 004 6.964e+01
E 002 018 6.528e+01
E 003 004 7.046e+01
E 003 005 6.546e+01
E 003 006 7.892e+01
E 003 007 4.870e+01
E 003 009 4.295e+01
E 003 011 3.748e+01
E 003 013 8.757e+01
E 003 014 7.120e+01
E 003 017 9.330e+01
E 004 008 2.220e+01
E 004 010 5.794e+01
E 004 013 5.780e+01
E 004 016 6.218e+01
E 004 017 2.341e+01
E 004 019 6.277e+01
E 005 009 4.754e+01
E 005 017 4.342e+01
E 005 015 5.382e+01
E 006 008 4.243e+00
E 006 009 8.287e+01
E 006 012 7.500e+01
E 006 014 1.208e+01
E 006 018 4.366e+01
E 007 008 6.294e+01
E 007 016 9.361e+01
E 007 013 9.043e+01
E 007 019 6.083e+01
E 008 013 3.860e+01
E 008 019 6.466e+01
E 009 011 1.581e+01
E 009 015 9.198e+01
E 009 016 1.116e+02
E 009 018 7.301e+01
E 010 016 8.969e+01
E 010 017 8.134e+01
E 010 011 1.811e+01
E 011 013 9.365e+01
E 011 017 7.481e+01
E 012 016 9.973e+01
E 012 014 6.420e+01
E 012 015 8.329e+01
E 013 016 5.000e+00
E 014 016 5.590e+01
E 014 015 2.247e+01
E 015 016 3.847e+01
E 016 018 9.076e+01
