N 000 019 037 3.763e-01
N 001 005 013 5.485e-01
N 002 074 001 3.390e-01
N 003 091 089 1.015e-01
N 004 050 050 7.528e-01
N 005 004 029 6.924e-01
N 006 089 038 8.755e-01
N 007 081 095 9.832e-01
N 008 012 020 1.403e-01
N 009 088 027 7.604e-01
N 010 080 044 6.052e-01
N 011 041 013 5.177e-01
N 012 008 044 2.115e-01
N 013 041 008 4.403e-01
N 014 035 014 1.122e-01
N 015 071 021 2.224e-01
N 016 023 086 7.342e-01
N 017 011 025 1.452e-01
N 018 023 005 9.672e-01
N 019 002 044 7.085e-01
E 000 001 2.778e+01
E 000 007 8.490e+01
E 000 010 6.140e+01
E 000 011 3.256e+01
E 000 012 1.304e+01
E 000 017 1.442e+01
E 000 019 1.838e+01
E 001 006 8.764e+01
E 001 009 8.417e+01
E 001 010 8.115e+01
E 001 011 3.600e+01
E 001 013 3.635e+01
E 001 018 1.970e+01
E 002 003 8.963e+01
E 002 007 9.426e+01
E 002 009 2.953e+01
E 002 016 9.913e+01
E 002 017 6.742e+01
E 002 019 8.386e+01
E 003 009 6.207e+01
E 003 014 9.360e+01
E 004 006 4.080e+01
E 004 007 5.464e+01
E 004 009 4.442e+01
E 004 010 3.059e+01
E 004 017 4.632e+01
E 004 018 5.248e+01
E 005 008 1.204e+01
E 005 016 6.008e+01
E 005 013 4.254e+01
E 005 015 6.748e+01
E 006 012 8.122e+01
E 006 017 7.908e+01
E 007 008 1.019e+02
E 007 009 6.836e+01
E 007 012 8.905e+01
E 007 015 7.467e+01
E 007 018 1.071e+02
E 008 016 6.691e+01
E 008 011 2.983e+01
E 008 013 3.138e+01
E 009 012 8.179e+01
E 009 015 1.803e+01
E 009 017 7.703e+01
E 009 019 8.766e+01
E 010 011 4.982e+01
E 010 014 5.408e+01
E 010 016 7.080e+01
E 011 013 5.000e+00
E 011 014 6.083e+00
E 011 017 3.231e+01
E 012 013 4.884e+01
E 012 018 4.179e+01
E 013 017 3.448e+01
E 014 019 4.460e+01
E 015 016 8.080e+01
E 015 017 6.013e+01
E 015 018 5.060e+01
E 016 019 4.696e+01
E 017 019 2.102e+01
