N 000 076 006 2.677e-01
N 001 029 018 6.648e-01
N 002 031 074 8.874e-01
N 003 035 014 7.520e-01
N 004 085 044 8.649e-02
N 005 003 057 6.104e-01
N 006 068 083 2.191e-01
N 007 075 049 4.053e-01
N 008 003 020 2.210e-01
N 009 096 007 5.097e-01
N 010 071 067 4.242e-01
N 011 034 041 8.371e-01
N 012 056 002 4.373e-01
N 013 078 068 4.601e-01
N 014 093 075 5.013e-01
N 015 025 040 5.694e-02
N 016 019 080 9.640e-01
N 017 004 003 2.375e-01
N 018 040 074 6.196e-01
N 019 083 026 3.999e-01
E 000 001 4.851e+01
E 000 004 3.905e+01
E 000 006 7.741e+01
E 000 010 6.120e+01
E 000 015 6.129e+01
E 000 017 7.206e+01
E 001 003 7.211e+00
E 001 006 7.580e+01
E 001 008 2.608e+01
E 001 010 6.454e+01
E 001 015 2.236e+01
E 001 019 5.459e+01
E 002 019 7.077e+01
E 002 009 9.335e+01
E 002 018 9.000e+00
E 002 003 6.013e+01
E 003 009 6.140e+01
E 003 010 6.407e+01
E 003 015 2.786e+01
E 003 017 3.289e+01
E 004 009 3.860e+01
E 004 010 2.693e+01
E 004 011 5.109e+01
E 004 012 5.104e+01
E 004 019 1.811e+01
E 005 019 8.580e+01
E 005 010 6.873e+01
E 005 011 3.489e+01
E 005 013 7.580e+01
E 006 011 5.404e+01
E 006 012 8.188e+01
E 006 017 1.024e+02
E 007 012 5.070e+01
E 007 014 3.162e+01
E 008 010 8.266e+01
E 008 011 3.744e+01
E 008 012 5.597e+01
E 008 013 8.904e+01
E 008 016 6.210e+01
E 008 019 8.022e+01
E 009 010 6.500e+01
E 009 012 4.031e+01
E 009 013 6.360e+01
E 009 015 7.829e+01
E 011 015 9.055e+00
E 011 017 4.841e+01
E 012 014 8.184e+01
E 012 016 8.633e+01
E 012 019 3.612e+01
E 013 019 4.230e+01
E 013 014 1.655e+01
E 014 015 7.648e+01
E 014 016 7.417e+01
E 014 018 5.301e+01
E 014 019 5.001e+01
E 015 016 4.045e+01
E 015 017 4.254e+01
E 017 018 7.961e+01
E 017 019 8.228e+01
E 018 019 6.444e+01
