N 000 073 044 5.576e-01
N 001 055 079 6.965e-01
N 002 005 056 9.699e-03
N 003 057 048 7.024e-01
N 004 072 098 1.651e-01
N 005 019 079 6.726e-01
N 006 054 041 9.588e-01
N 007 064 039 3.804e-01
N 008 023 087 7.694e-01
N 009 091 076 5.484e-01
N 010 061 077 2.215e-01
N 011 075 076 2.647e-01
N 012 017 082 3.153e-01
N 013 019 028 5.032e-01
N 014 099 014 6.309e-01
N 015 007 086 9.952e-02
N 016 045 087 3.461e-02
N 017 019 003 5.888e-01
N 018 076 082 9.371e-01
N 019 042 043 1.018e-02
E 000 002 6.905e+01
E 000 004 5.401e+01
E 000 005 6.435e+01
E 000 007 1.030e+01
E 000 008 6.595e+01
E 000 011 3.206e+01
E 000 017 6.780e+01
E 001 017 8.410e+01
E 001 002 5.504e+01
E 001 019 3.828e+01
E 001 012 3.812e+01
E 002 005 2.693e+01
E 002 010 5.981e+01
E 002 012 2.864e+01
E 002 014 1.030e+02
E 003 012 5.250e+01
E 003 018 3.895e+01
E 003 004 5.220e+01
E 003 006 7.616e+00
E 003 015 6.280e+01
E 004 007 5.954e+01
E 004 009 2.907e+01
E 004 013 8.780e+01
E 004 014 8.823e+01
E 004 015 6.610e+01
E 005 009 7.206e+01
E 005 013 5.100e+01
E 005 015 1.389e+01
E 006 011 4.082e+01
E 006 010 3.667e+01
E 006 014 5.248e+01
E 006 007 1.020e+01
E 007 008 6.313e+01
E 007 009 4.580e+01
E 007 011 3.860e+01
E 007 012 6.370e+01
E 007 015 7.388e+01
E 008 010 3.929e+01
E 008 011 5.315e+01
E 008 012 7.810e+00
E 008 016 2.200e+01
E 008 017 8.410e+01
E 009 018 1.616e+01
E 010 011 1.404e+01
E 010 012 4.428e+01
E 010 015 5.474e+01
E 010 018 1.581e+01
E 011 014 6.648e+01
E 011 017 9.201e+01
E 012 013 5.404e+01
E 012 014 1.065e+02
E 012 015 1.077e+01
E 012 019 4.632e+01
E 013 019 2.746e+01
E 013 017 2.500e+01
E 014 015 1.168e+02
E 014 017 8.075e+01
E 014 019 6.395e+01
E 016 019 4.410e+01
E 017 018 9.742e+01
