N 000 097 069 7.379e-01
N 001 064 093 4.793e-01
N 002 047 099 1.373e-02
N 003 002 021 8.018e-01
N 004 063 028 2.397e-01
N 005 056 087 6.184e-01
N 006 085 014 1.151e-01
N 007 081 007 2.817e-01
N 008 050 047 3.695e-01
N 009 074 007 4.221e-01
N 010 025 077 4.690e-01
N 011 032 085 7.591e-01
N 012 073 055 5.106e-01
N 013 045 008 7.412e-01
N 014 040 094 2.310e-01
N 015 039 048 6.509e-01
N 016 051 068 9.344e-01
N 017 054 049 5.188e-01
N 018 057 052 2.962e-02
N 019 034 052 1.252e-01
E 000 005 4.478e+01
E 000 006 5.629e+01
E 000 008 5.189e+01
E 000 012 2.778e+01
E 000 018 4.346e+01
E 000 019 6.525e+01
E 001 016 2.818e+01
E 001 002 1.803e+01
E 001 004 6.501e+01
E 001 013 8.710e+01
E 002 003 9.005e+01
E 002 004 7.278e+01
E 002 009 9.588e+01
E 002 010 3.111e+01
E 002 012 5.111e+01
E 002 014 8.602e+00
E 002 017 5.049e+01
E 003 004 6.140e+01
E 003 018 6.313e+01
E 003 014 8.230e+01
E 004 005 5.941e+01
E 004 006 2.608e+01
E 004 009 2.371e+01
E 004 012 2.879e+01
E 004 013 2.691e+01
E 004 015 3.124e+01
E 004 017 2.285e+01
E 004 019 3.764e+01
E 005 007 8.382e+01
E 005 009 8.200e+01
E 005 011 2.408e+01
E 005 015 4.254e+01
E 005 016 1.965e+01
E 006 008 4.810e+01
E 006 012 4.272e+01
E 007 009 7.000e+00
E 007 012 4.866e+01
E 007 014 9.618e+01
E 008 009 4.665e+01
E 008 014 4.805e+01
E 008 017 4.472e+00
E 008 019 1.676e+01
E 009 010 8.545e+01
E 009 016 6.519e+01
E 010 011 1.063e+01
E 010 013 7.184e+01
E 010 016 2.751e+01
E 010 017 4.031e+01
E 010 018 4.061e+01
E 010 019 2.657e+01
E 011 017 4.219e+01
E 011 014 1.204e+01
E 011 013 7.809e+01
E 012 017 1.992e+01
E 013 014 8.615e+01
E 013 015 4.045e+01
E 013 018 4.561e+01
E 014 017 4.713e+01
E 015 017 1.503e+01
E 017 019 2.022e+01
