N 000 021 003 2.206e-01
N 001 065 046 6.287e-01
N 002 040 036 9.879e-01
N 003 079 016 6.397e-01
N 004 034 059 9.374e-01
N 005 091 038 1.582e-01
N 006 081 014 2.828e-01
N 007 009 001 2.285e-02
N 008 033 078 3.141e-01
N 009 071 078 2.121e-01
N 010 053 031 5.264e-01
N 011 025 062 2.950e-01
N 012 068 097 9.045e-01
N 013 023 090 3.635e-03
N 014 000 079 7.109e-01
N 015 011 072 5.904e-01
N 016 078 012 5.964e-01
N 017 039 074 5.936e-01
N 018 085 076 4.990e-02
N 019 090 081 9.435e-01
E 000 001 6.152e+01
E 000 004 5.749e+01
E 000 008 7.595e+01
E 000 015 6.972e+01
E 000 016 5.771e+01
E 000 017 7.325e+01
E 001 004 3.362e+01
E 001 008 4.525e+01
E 001 011 4.308e+01
E 001 015 5.993e+01
E 001 016 3.640e+01
E 001 018 3.606e+01
E 002 003 4.383e+01
E 002 004 2.377e+01
E 002 006 4.653e+01
E 002 007 4.675e+01
E 002 013 5.661e+01
E 002 017 3.801e+01
E 002 019 6.727e+01
E 003 009 6.251e+01
E 003 005 2.506e+01
E 003 014 1.010e+02
E 003 007 7.159e+01
E 004 005 6.075e+01
E 004 011 9.487e+00
E 004 013 3.289e+01
E 004 014 3.945e+01
E 004 018 5.376e+01
E 004 019 6.017e+01
E 005 009 4.472e+01
E 005 013 8.560e+01
E 005 015 8.693e+01
E 006 008 8.000e+01
E 006 010 3.276e+01
E 006 013 9.560e+01
E 007 018 1.068e+02
E 007 013 9.009e+01
E 007 015 7.103e+01
E 008 011 1.789e+01
E 008 012 3.982e+01
E 008 014 3.302e+01
E 008 015 2.280e+01
E 008 016 7.988e+01
E 008 019 5.708e+01
E 009 019 1.924e+01
E 010 012 6.768e+01
E 011 014 3.023e+01
E 012 016 8.559e+01
E 012 019 2.720e+01
E 012 014 7.034e+01
E 013 015 2.163e+01
E 013 016 9.544e+01
E 013 017 2.263e+01
E 014 015 1.304e+01
E 014 017 3.932e+01
E 014 019 9.002e+01
E 015 017 2.807e+01
E 015 018 7.411e+01
E 017 018 4.604e+01
E 018 019 7.071e+00
