N 000 073 065 2.718e-01
N 001 085 045 6.747e-01
N 002 030 054 4.083e-01
N 003 044 008 2.293e-01
N 004 083 070 6.012e-01
N 005 011 035 5.712e-01
N 006 022 053 3.834e-01
N 007 082 074 4.579e-01
N 008 002 038 4.523e-01
N 009 083 080 3.597e-01
N 010 012 090 4.834e-01
N 011 003 050 5.430e-02
N 012 032 087 9.091e-01
N 013 036 086 8.402e-01
N 014 060 086 3.623e-01
N 015 023 025 3.433e-01
N 016 049 057 7.429e-01
N 017 040 090 1.881e-01
N 018 078 089 2.769e-01
N 019 018 090 5.394e-01
E 000 002 4.438e+01
E 000 003 6.395e+01
E 000 011 7.159e+01
E 000 015 6.403e+01
E 000 016 2.530e+01
E 000 017 4.140e+01
E 000 019 6.042e+01
E 001 003 5.523e+01
E 001 006 6.351e+01
E 001 007 2.915e+01
E 001 010 8.576e+01
E 001 015 6.515e+01
E 001 016 3.795e+01
E 001 017 6.364e+01
E 002 003 4.808e+01
E 002 007 5.571e+01
E 002 008 3.225e+01
E 002 015 2.983e+01
E 002 016 1.924e+01
E 003 004 7.325e+01
E 003 017 8.210e+01
E 003 019 8.602e+01
E 004 005 8.006e+01
E 004 007 4.123e+00
E 004 009 1.000e+01
E 004 016 3.640e+01
E 004 019 6.801e+01
E 005 008 9.487e+00
E 005 017 6.218e+01
E 005 010 5.501e+01
E 005 015 1.562e+01
E 006 007 6.357e+01
E 006 009 6.671e+01
E 006 013 3.585e+01
E 006 017 4.115e+01
E 006 018 6.657e+01
E 006 019 3.722e+01
E 007 008 8.773e+01
E 007 013 4.754e+01
E 007 015 7.669e+01
E 007 017 4.494e+01
E 007 019 6.597e+01
E 008 018 9.153e+01
E 009 011 8.544e+01
E 009 012 5.148e+01
E 009 013 4.738e+01
E 009 018 1.030e+01
E 010 018 6.601e+01
E 010 019 6.000e+00
E 010 014 4.817e+01
E 011 012 4.701e+01
E 011 013 4.884e+01
E 012 018 4.604e+01
E 013 015 6.237e+01
E 014 017 2.040e+01
E 014 015 7.134e+01
E 015 016 4.123e+01
E 015 019 6.519e+01
E 016 019 4.528e+01
E 017 018 3.801e+01
