N 000 054 083 2.207e-01
N 001 076 055 1.941e-01
N 002 048 062 4.520e-01
N 003 073 087 9.953e-01
N 004 040 049 7.096e-01
N 005 060 053 1.811e-01
N 006 062 016 7.883e-01
N 007 028 088 8.900e-01
N 008 016 093 3.864e-02
N 009 064 044 2.612e-01
N 010 011 027 8.059e-01
N 011 015 002 3.202e-01
N 012 015 024 3.913e-01
N 013 038 096 1.864e-01
N 014 012 019 9.556e-03
N 015 022 032 4.170e-01
N 016 033 027 6.225e-01
N 017 086 066 8.690e-02
N 018 095 091 4.317e-01
N 019 061 040 7.920e-01
E 000 001 3.561e+01
E 000 006 6.748e+01
E 000 008 3.929e+01
E 000 014 7.655e+01
E 000 015 6.021e+01
E 000 017 3.624e+01
E 000 018 4.177e+01
E 000 019 4.357e+01
E 001 008 7.102e+01
E 001 003 3.214e+01
E 001 015 5.869e+01
E 002 005 1.500e+01
E 002 006 4.808e+01
E 002 009 2.408e+01
E 002 010 5.093e+01
E 002 012 5.033e+01
E 002 015 3.970e+01
E 002 016 3.808e+01
E 002 017 3.821e+01
E 003 004 5.033e+01
E 003 005 3.640e+01
E 003 007 4.501e+01
E 003 011 1.029e+02
E 003 016 7.211e+01
E 003 018 2.236e+01
E 003 019 4.851e+01
E 004 010 3.640e+01
E 004 005 2.040e+01
E 004 013 4.704e+01
E 005 008 5.946e+01
E 005 009 9.849e+00
E 005 010 5.547e+01
E 005 015 4.342e+01
E 005 016 3.748e+01
E 005 019 1.304e+01
E 006 015 4.308e+01
E 007 016 6.120e+01
E 007 019 5.825e+01
E 007 014 7.083e+01
E 008 013 2.220e+01
E 008 015 6.129e+01
E 008 017 7.503e+01
E 008 019 6.953e+01
E 009 016 3.536e+01
E 009 014 5.770e+01
E 009 015 4.368e+01
E 010 012 5.000e+00
E 010 014 8.062e+00
E 010 016 2.200e+01
E 011 016 3.081e+01
E 011 012 2.200e+01
E 011 014 1.726e+01
E 012 019 4.870e+01
E 013 014 8.127e+01
E 013 015 6.597e+01
E 014 016 2.247e+01
E 014 019 5.331e+01
E 015 018 9.386e+01
E 015 019 3.981e+01
E 018 019 6.129e+01
