N 000 076 093 4.448e-01
N 001 098 096 1.558e-01
N 002 042 070 3.313e-01
N 003 059 006 1.691e-01
N 004 080 039 9.322e-02
N 005 000 005 3.835e-01
N 006 087 077 6.324e-01
N 007 096 039 1.048e-01
N 008 053 057 5.107e-01
N 009 086 039 2.564e-01
N 010 082 071 2.488e-01
N 011 032 011 1.552e-01
N 012 053 014 2.474e-01
N 013 041 090 5.105e-01
N 014 004 000 1.670e-02
N 015 045 002 1.469e-01
N 016 074 025 9.682e-01
N 017 044 017 9.652e-01
N 018 026 030 7.163e-01
N 019 017 096 4.819e-01
E 000 008 4.272e+01
E 000 001 2.220e+01
E 000 010 2.280e+01
E 000 018 8.043e+01
E 000 015 9.614e+01
E 001 003 9.809e+01
E 001 006 2.195e+01
E 001 008 5.955e+01
E 001 009 5.825e+01
E 001 011 1.076e+02
E 001 018 9.767e+01
E 001 019 8.100e+01
E 002 008 1.703e+01
E 002 009 5.382e+01
E 002 004 4.904e+01
E 002 005 7.739e+01
E 003 008 5.135e+01
E 003 018 4.080e+01
E 003 016 2.421e+01
E 004 006 3.864e+01
E 004 007 1.600e+01
E 004 009 6.000e+00
E 004 017 4.219e+01
E 004 019 8.496e+01
E 005 008 7.425e+01
E 005 011 3.256e+01
E 005 014 6.403e+00
E 005 016 7.666e+01
E 005 018 3.607e+01
E 006 011 8.591e+01
E 006 014 1.132e+02
E 006 016 5.360e+01
E 006 019 7.253e+01
E 007 018 7.058e+01
E 007 014 9.992e+01
E 007 015 6.301e+01
E 008 009 3.759e+01
E 008 011 5.057e+01
E 008 013 3.511e+01
E 009 011 6.083e+01
E 009 012 4.140e+01
E 009 013 6.801e+01
E 009 014 9.080e+01
E 009 017 4.741e+01
E 009 018 6.067e+01
E 009 019 8.950e+01
E 010 016 4.669e+01
E 010 011 7.810e+01
E 010 014 1.055e+02
E 010 017 6.603e+01
E 011 015 1.581e+01
E 011 016 4.427e+01
E 011 017 1.342e+01
E 011 018 1.992e+01
E 011 019 8.631e+01
E 012 016 2.371e+01
E 013 019 2.474e+01
E 013 015 8.809e+01
E 017 018 2.220e+01
E 017 019 8.349e+01
