N 000 092 081 8.623e-01
N 001 011 011 1.594e-01
N 002 014 043 5.334e-01
N 003 008 036 3.983e-01
N 004 099 087 6.191e-01
N 005 057 056 4.129e-01
N 006 031 083 7.371e-02
N 007 068 082 7.478e-01
N 008 022 059 7.572e-01
N 009 027 092 3.672e-01
N 010 097 022 2.998e-01
N 011 088 082 2.446e-01
N 012 041 004 6.507e-01
N 013 080 023 3.677e-01
N 014 088 021 7.671e-01
N 015 052 086 8.903e-01
N 016 070 097 3.132e-01
N 017 045 000 6.541e-01
N 018 071 057 2.655e-01
N 019 080 065 6.624e-01
E 000 002 8.676e+01
E 000 003 9.529e+01
E 000 008 7.338e+01
E 000 009 6.592e+01
E 000 016 2.720e+01
E 000 019 2.000e+01
E 001 008 4.924e+01
E 001 002 3.214e+01
E 001 003 2.518e+01
E 001 013 7.004e+01
E 002 008 1.789e+01
E 002 009 5.070e+01
E 002 011 8.365e+01
E 002 018 5.869e+01
E 003 004 1.043e+02
E 003 005 5.292e+01
E 003 010 9.009e+01
E 003 011 9.228e+01
E 003 013 7.316e+01
E 004 006 6.812e+01
E 004 011 1.208e+01
E 004 016 3.068e+01
E 004 018 4.104e+01
E 004 019 2.907e+01
E 005 009 4.686e+01
E 005 011 4.046e+01
E 005 013 4.022e+01
E 005 016 4.301e+01
E 005 019 2.470e+01
E 006 008 2.563e+01
E 006 009 9.849e+00
E 006 018 4.771e+01
E 006 013 7.747e+01
E 007 008 5.143e+01
E 007 010 6.664e+01
E 007 018 2.518e+01
E 008 011 6.989e+01
E 008 013 6.826e+01
E 008 014 7.616e+01
E 008 015 4.036e+01
E 008 019 5.831e+01
E 009 011 6.181e+01
E 009 014 9.361e+01
E 009 015 2.571e+01
E 009 018 5.622e+01
E 009 019 5.948e+01
E 010 012 5.882e+01
E 010 013 1.703e+01
E 010 016 7.971e+01
E 010 019 4.624e+01
E 011 013 5.954e+01
E 011 015 3.622e+01
E 011 019 1.879e+01
E 012 019 7.240e+01
E 013 015 6.894e+01
E 014 018 3.981e+01
E 014 015 7.430e+01
E 016 019 3.353e+01
E 017 018 6.265e+01
E 018 019 1.204e+01
