N 000 021 014 4.602e-01
N 001 078 027 2.811e-01
N 002 001 089 5.520e-01
N 003 063 039 7.792e-01
N 004 088 080 5.324e-01
N 005 037 005 1.045e-01
N 006 093 068 7.397e-01
N 007 002 071 7.965e-01
N 008 083 036 3.189e-01
N 009 023 015 2.531e-01
N 010 046 047 9.639e-01
N 011 062 089 6.797e-01
N 012 093 014 5.462e-02
N 013 068 030 9.667e-01
N 014 097 081 6.361e-01
N 015 080 020 1.797e-01
N 016 046 084 1.987e-02
N 017 080 056 1.332e-02
N 018 074 012 7.819e-01
N 019 016 094 5.477e-01
E 000 008 6.579e+01
E 000 018 5.304e+01
E 000 011 8.548e+01
E 000 006 9.000e+01
E 001 002 9.886e+01
E 001 007 8.782e+01
E 001 011 6.403e+01
E 001 013 1.044e+01
E 001 015 7.280e+00
E 001 016 6.537e+01
E 002 011 6.100e+01
E 002 003 7.965e+01
E 002 013 8.927e+01
E 002 006 9.437e+01
E 003 008 2.022e+01
E 003 009 4.665e+01
E 003 010 1.879e+01
E 003 013 1.030e+01
E 003 014 5.404e+01
E 004 017 2.530e+01
E 004 018 6.943e+01
E 004 015 6.053e+01
E 004 005 9.070e+01
E 004 013 5.385e+01
E 005 009 1.720e+01
E 005 017 6.671e+01
E 005 013 3.982e+01
E 005 007 7.471e+01
E 006 007 9.105e+01
E 006 011 3.744e+01
E 006 015 4.973e+01
E 006 017 1.769e+01
E 006 018 5.914e+01
E 006 019 8.127e+01
E 007 019 2.693e+01
E 007 009 5.981e+01
E 008 009 6.357e+01
E 008 014 4.713e+01
E 008 015 1.628e+01
E 008 016 6.061e+01
E 009 010 3.941e+01
E 009 011 8.365e+01
E 009 015 5.722e+01
E 009 018 5.109e+01
E 009 019 7.931e+01
E 010 016 3.700e+01
E 010 018 4.482e+01
E 010 014 6.129e+01
E 011 014 3.590e+01
E 011 018 7.793e+01
E 011 019 4.627e+01
E 012 018 1.910e+01
E 013 014 5.867e+01
E 013 019 8.246e+01
E 014 017 3.023e+01
E 014 019 8.204e+01
E 015 016 7.247e+01
E 015 017 3.600e+01
E 015 019 9.784e+01
E 017 019 7.443e+01
