N 000 043 025 3.090e-01
N 001 039 019 4.648e-01
N 002 069 087 4.202e-01
N 003 066 054 1.976e-02
N 004 086 097 7.119e-01
N 005 083 054 5.203e-01
N 006 056 013 2.504e-02
N 007 093 054 6.081e-01
N 008 042 058 5.088e-01
N 009 092 078 8.839e-01
N 010 049 081 7.089e-01
N 011 056 075 8.328e-01
N 012 034 065 7.508e-02
N 013 096 019 1.214e-01
N 014 084 005 6.474e-01
N 015 038 053 2.993e-01
N 016 081 068 1.154e-01
N 017 052 033 1.324e-01
N 018 002 030 3.414e-01
N 019 058 077 4.980e-01
E 000 008 3.302e+01
E 000 012 4.100e+01
E 000 013 5.334e+01
E 000 014 4.562e+01
E 000 007 5.780e+01
E 001 002 7.432e+01
E 001 004 9.107e+01
E 001 007 6.435e+01
E 001 009 7.931e+01
E 001 013 5.700e+01
E 001 016 6.454e+01
E 001 018 3.860e+01
E 002 004 1.972e+01
E 002 006 7.513e+01
E 002 007 4.080e+01
E 002 008 3.962e+01
E 002 014 8.336e+01
E 002 018 8.797e+01
E 003 008 2.433e+01
E 004 006 8.920e+01
E 004 008 5.880e+01
E 004 009 1.992e+01
E 004 011 3.720e+01
E 004 017 7.247e+01
E 005 008 4.119e+01
E 005 009 2.563e+01
E 005 011 3.421e+01
E 005 013 3.734e+01
E 005 014 4.901e+01
E 006 009 7.430e+01
E 006 010 6.836e+01
E 006 014 2.912e+01
E 006 015 4.386e+01
E 006 017 2.040e+01
E 006 018 5.661e+01
E 007 011 4.254e+01
E 007 013 3.513e+01
E 007 016 1.844e+01
E 007 017 4.607e+01
E 008 010 2.404e+01
E 008 012 1.063e+01
E 008 018 4.883e+01
E 008 019 2.484e+01
E 009 010 4.310e+01
E 009 016 1.487e+01
E 010 019 9.849e+00
E 010 016 3.454e+01
E 011 012 2.417e+01
E 011 013 6.882e+01
E 011 014 7.539e+01
E 011 016 2.596e+01
E 011 017 4.219e+01
E 011 018 7.029e+01
E 013 015 6.723e+01
E 013 016 5.124e+01
E 013 017 4.617e+01
E 013 018 9.464e+01
E 014 019 7.655e+01
E 015 019 3.124e+01
E 016 019 2.470e+01
