N 000 007 030 5.351e-01
N 001 090 057 9.508e-01
N 002 071 028 1.702e-01
N 003 001 073 2.585e-02
N 004 037 098 3.820e-01
N 005 010 037 7.109e-01
N 006 049 027 1.458e-01
N 007 081 092 3.045e-01
N 008 003 010 7.219e-02
N 009 056 069 4.738e-01
N 010 045 040 8.380e-01
N 011 041 011 9.714e-01
N 012 064 033 2.347e-01
N 013 056 064 8.759e-01
N 014 015 081 7.747e-02
N 015 078 096 4.629e-01
N 016 090 060 2.106e-02
N 017 019 016 6.079e-01
N 018 005 073 2.044e-01
N 019 070 000 8.491e-01
E 000 016 8.826e+01
E 000 003 4.342e+01
E 000 005 7.616e+00
E 000 006 4.211e+01
E 001 008 9.888e+01
E 001 009 3.606e+01
E 001 005 8.246e+01
E 001 014 7.875e+01
E 001 007 3.614e+01
E 002 005 6.166e+01
E 002 007 6.478e+01
E 002 014 7.710e+01
E 002 015 6.836e+01
E 002 017 5.337e+01
E 002 018 7.988e+01
E 002 019 2.802e+01
E 003 006 6.648e+01
E 003 014 1.612e+01
E 003 015 8.036e+01
E 003 016 8.994e+01
E 003 017 5.977e+01
E 004 008 9.434e+01
E 004 016 6.522e+01
E 004 005 6.671e+01
E 004 007 4.441e+01
E 005 007 8.981e+01
E 005 014 4.428e+01
E 005 017 2.285e+01
E 006 010 1.360e+01
E 006 012 1.616e+01
E 006 013 3.766e+01
E 006 016 5.263e+01
E 007 008 1.132e+02
E 007 010 6.325e+01
E 007 012 6.140e+01
E 007 014 6.691e+01
E 007 019 9.266e+01
E 008 011 3.801e+01
E 008 013 7.566e+01
E 008 015 1.141e+02
E 008 016 1.003e+02
E 008 017 1.709e+01
E 008 018 6.303e+01
E 009 010 3.102e+01
E 009 011 5.991e+01
E 009 018 5.116e+01
E 010 013 2.640e+01
E 010 014 5.080e+01
E 010 015 6.500e+01
E 011 018 7.169e+01
E 011 014 7.467e+01
E 011 017 2.256e+01
E 012 016 3.748e+01
E 012 017 4.810e+01
E 013 015 3.883e+01
E 015 017 9.940e+01
E 015 019 9.633e+01
E 016 018 8.599e+01
E 017 019 5.345e+01
E 018 019 9.774e+01
