N 000 014 047 2.863e-01
N 001 079 098 3.296e-01
N 002 059 039 4.142e-01
N 003 012 008 4.652e-01
N 004 080 082 5.161e-01
N 005 001 042 1.605e-01
N 006 079 086 9.735e-01
N 007 078 016 4.001e-01
N 008 070 035 1.496e-01
N 009 064 014 6.417e-01
N 010 073 002 4.511e-01
N 011 078 048 3.403e-01
N 012 076 012 3.774e-01
N 013 017 031 2.609e-01
N 014 008 053 8.651e-01
N 015 086 023 5.491e-01
N 016 070 001 6.958e-01
N 017 095 040 9.212e-02
N 018 041 051 1.668e-01
N 019 039 085 1.085e-01
E 000 009 5.991e+01
E 000 010 7.420e+01
E 000 003 3.905e+01
E 000 013 1.628e+01
E 001 002 6.230e+01
E 001 003 1.122e+02
E 001 004 1.603e+01
E 001 005 9.602e+01
E 001 006 1.200e+01
E 001 008 6.364e+01
E 001 009 8.533e+01
E 001 013 9.129e+01
E 001 014 8.406e+01
E 001 017 6.017e+01
E 001 019 4.206e+01
E 002 003 5.630e+01
E 002 014 5.289e+01
E 002 015 3.138e+01
E 003 004 1.005e+02
E 003 006 1.028e+02
E 003 009 5.235e+01
E 003 011 7.718e+01
E 003 012 6.412e+01
E 003 013 2.354e+01
E 004 007 6.603e+01
E 004 009 6.986e+01
E 004 012 7.011e+01
E 004 017 4.460e+01
E 005 019 5.738e+01
E 006 010 8.421e+01
E 006 012 7.406e+01
E 006 013 8.288e+01
E 006 017 4.870e+01
E 007 010 1.487e+01
E 007 011 3.200e+01
E 007 012 4.472e+00
E 007 013 6.282e+01
E 007 014 7.918e+01
E 007 015 1.063e+01
E 007 017 2.941e+01
E 008 016 3.400e+01
E 008 015 2.000e+01
E 008 019 5.883e+01
E 008 009 2.184e+01
E 009 010 1.500e+01
E 009 013 4.998e+01
E 009 014 6.824e+01
E 009 017 4.046e+01
E 009 018 4.357e+01
E 010 011 4.627e+01
E 010 015 2.470e+01
E 011 016 4.768e+01
E 011 018 3.712e+01
E 012 013 6.198e+01
E 012 014 7.940e+01
E 012 015 1.487e+01
E 012 016 1.253e+01
E 012 017 3.384e+01
E 014 017 8.797e+01
E 016 019 8.954e+01
