N 000 088 060 1.727e-01
N 001 055 017 6.083e-02
N 002 030 012 9.473e-01
N 003 000 008 1.383e-01
N 004 073 069 3.504e-01
N 005 030 006 9.842e-01
N 006 014 055 8.264e-01
N 007 087 087 1.152e-01
N 008 073 058 2.127e-01
N 009 002 049 6.782e-01
N 010 065 092 8.893e-01
N 011 063 006 6.148e-01
N 012 044 007 2.381e-02
N 013 011 009 2.246e-01
N 014 036 027 9.163e-01
N 015 041 061 3.897e-03
N 016 015 024 6.489e-03
N 017 035 060 4.752e-03
N 018 035 078 2.863e-01
N 019 041 026 9.572e-02
E 000 001 5.420e+01
E 000 007 2.702e+01
E 000 008 1.513e+01
E 000 009 8.670e+01
E 000 010 3.941e+01
E 000 012 6.888e+01
E 000 013 9.236e+01
E 000 019 5.801e+01
E 001 004 5.503e+01
E 001 005 2.731e+01
E 001 007 7.697e+01
E 001 008 4.478e+01
E 001 014 2.147e+01
E 001 018 6.420e+01
E 001 019 1.664e+01
E 002 005 6.000e+00
E 002 007 9.420e+01
E 002 010 8.732e+01
E 002 012 1.487e+01
E 002 014 1.616e+01
E 002 015 5.022e+01
E 002 017 4.826e+01
E 003 008 8.848e+01
E 003 010 1.062e+02
E 003 004 9.513e+01
E 003 015 6.701e+01
E 004 007 2.280e+01
E 004 008 1.100e+01
E 004 012 6.845e+01
E 004 015 3.298e+01
E 004 019 5.360e+01
E 005 010 9.285e+01
E 005 011 3.300e+01
E 005 014 2.184e+01
E 005 016 2.343e+01
E 005 018 7.217e+01
E 006 008 5.908e+01
E 006 015 2.766e+01
E 007 012 9.082e+01
E 007 015 5.284e+01
E 007 017 5.859e+01
E 008 009 7.157e+01
E 009 019 4.528e+01
E 009 013 4.100e+01
E 009 014 4.050e+01
E 010 014 7.118e+01
E 010 016 8.440e+01
E 011 016 5.126e+01
E 011 018 7.725e+01
E 011 013 5.209e+01
E 012 015 5.408e+01
E 012 016 3.362e+01
E 012 019 1.924e+01
E 013 018 7.305e+01
E 013 016 1.552e+01
E 015 017 6.083e+00
E 015 018 1.803e+01
E 015 019 3.500e+01
E 017 018 1.800e+01
E 018 019 5.235e+01
