N 000 061 049 7.662e-01
N 001 077 026 3.555e-01
N 002 033 094 4.153e-01
N 003 094 094 7.481e-01
N 004 065 092 9.298e-01
N 005 058 029 7.790e-01
N 006 025 064 6.417e-01
N 007 062 027 4.266e-01
N 008 082 053 2.763e-03
N 009 047 066 3.083e-01
N 010 053 003 8.535e-01
N 011 061 046 1.512e-01
N 012 066 054 2.615e-01
N 013 033 064 6.285e-01
N 014 046 063 4.365e-01
N 015 034 053 2.187e-01
N 016 093 004 3.732e-01
N 017 002 029 4.460e-01
N 018 049 048 6.468e-02
N 019 004 076 9.829e-01
E 000 001 2.802e+01
E 000 010 4.669e+01
E 000 019 6.307e+01
E 000 012 7.071e+00
E 000 007 2.202e+01
E 001 010 3.324e+01
E 001 019 8.848e+01
E 001 005 1.924e+01
E 001 015 5.077e+01
E 002 003 6.100e+01
E 002 004 3.206e+01
E 002 006 3.105e+01
E 002 007 7.301e+01
E 002 011 5.557e+01
E 002 014 3.362e+01
E 002 015 4.101e+01
E 002 017 7.201e+01
E 002 019 3.413e+01
E 003 004 2.907e+01
E 003 008 4.272e+01
E 003 009 5.471e+01
E 003 015 7.267e+01
E 003 016 9.001e+01
E 004 006 4.883e+01
E 004 008 4.254e+01
E 004 011 4.617e+01
E 004 012 3.801e+01
E 004 015 4.982e+01
E 004 017 8.910e+01
E 004 019 6.306e+01
E 005 012 2.625e+01
E 005 014 3.606e+01
E 005 015 3.394e+01
E 006 008 5.805e+01
E 006 010 6.712e+01
E 006 013 8.000e+00
E 007 008 3.280e+01
E 007 012 2.729e+01
E 008 012 1.603e+01
E 008 019 8.132e+01
E 009 019 4.415e+01
E 009 014 3.162e+00
E 009 015 1.838e+01
E 010 011 4.374e+01
E 010 012 5.263e+01
E 010 013 6.420e+01
E 010 014 6.041e+01
E 010 015 5.349e+01
E 010 016 4.001e+01
E 010 018 4.518e+01
E 011 013 3.329e+01
E 012 013 3.448e+01
E 012 017 6.871e+01
E 012 018 1.803e+01
E 012 019 6.579e+01
E 013 018 2.263e+01
E 013 019 3.138e+01
E 015 018 1.581e+01
E 015 019 3.780e+01
E 016 019 1.145e+02
