N 000 077 024 6.069e-01
N 001 003 095 9.019e-01
N 002 000 014 1.672e-02
N 003 076 020 9.646e-01
N 004 067 087 4.800e-01
N 005 086 055 3.454e-01
N 006 082 080 3.205e-01
N 007 001 049 3.225e-01
N 008 024 074 7.149e-01
N 009 012 002 2.211e-01
N 010 064 015 5.794e-01
N 011 001 073 4.694e-01
N 012 005 004 3.664e-01
N 013 006 001 7.449e-01
N 014 052 095 2.464e-01
N 015 034 017 9.147e-01
N 016 008 026 7.458e-01
N 017 088 045 3.532e-01
N 018 070 023 9.348e-01
N 019 035 056 5.419e-01
E 000 003 4.123e+00
E 000 006 5.622e+01
E 000 009 6.862e+01
E 000 012 7.473e+01
E 000 013 7.463e+01
E 000 016 6.903e+01
E 000 017 2.371e+01
E 000 019 5.280e+01
E 001 016 6.918e+01
E 001 017 9.862e+01
E 001 010 1.006e+02
E 001 011 2.209e+01
E 001 019 5.045e+01
E 002 009 1.697e+01
E 002 019 5.467e+01
E 002 012 1.118e+01
E 002 014 9.625e+01
E 002 017 9.330e+01
E 003 004 6.760e+01
E 004 008 4.492e+01
E 004 009 1.012e+02
E 004 011 6.747e+01
E 004 012 1.036e+02
E 004 013 1.054e+02
E 004 015 7.739e+01
E 004 019 4.455e+01
E 005 016 8.322e+01
E 005 018 3.578e+01
E 005 012 9.572e+01
E 005 006 2.532e+01
E 006 010 6.745e+01
E 006 011 8.130e+01
E 006 014 3.354e+01
E 006 016 9.161e+01
E 007 014 6.868e+01
E 007 015 4.597e+01
E 008 016 5.060e+01
E 008 010 7.128e+01
E 008 014 3.500e+01
E 008 015 5.787e+01
E 009 010 5.360e+01
E 009 011 7.185e+01
E 009 012 7.280e+00
E 009 013 6.083e+00
E 009 015 2.663e+01
E 009 017 8.732e+01
E 010 011 8.563e+01
E 010 014 8.089e+01
E 010 017 3.842e+01
E 011 016 4.752e+01
E 011 019 3.801e+01
E 012 013 3.162e+00
E 012 017 9.257e+01
E 012 018 6.772e+01
E 012 019 6.003e+01
E 013 019 6.218e+01
E 014 015 8.005e+01
E 014 016 8.184e+01
E 015 017 6.083e+01
E 015 018 3.650e+01
