N 000 004 017 9.992e-01
N 001 012 013 6.443e-01
N 002 012 074 7.090e-01
N 003 072 027 8.490e-01
N 004 046 046 4.053e-01
N 005 042 068 8.457e-01
N 006 052 046 1.781e-01
N 007 048 020 5.067e-01
N 008 052 069 6.345e-01
N 009 082 017 2.479e-01
N 010 005 030 4.839e-01
N 011 017 049 4.230e-01
N 012 080 028 6.800e-02
N 013 083 083 2.090e-01
N 014 088 059 2.225e-01
N 015 024 045 1.458e-01
N 016 039 056 7.674e-01
N 017 019 024 9.639e-01
N 018 054 019 9.462e-01
N 019 053 088 7.288e-01
E 000 006 5.608e+01
E 000 009 7.800e+01
E 000 010 1.304e+01
E 000 011 3.454e+01
E 000 015 3.441e+01
E 000 019 8.627e+01
E 001 009 7.011e+01
E 001 002 6.100e+01
E 001 004 4.738e+01
E 001 010 1.838e+01
E 001 007 3.667e+01
E 002 004 4.405e+01
E 002 010 4.455e+01
E 002 011 2.550e+01
E 002 012 8.210e+01
E 002 013 7.157e+01
E 002 014 7.747e+01
E 002 017 5.049e+01
E 002 019 4.332e+01
E 003 004 3.220e+01
E 003 006 2.759e+01
E 003 008 4.652e+01
E 003 009 1.414e+01
E 003 012 8.062e+00
E 003 014 3.578e+01
E 004 007 2.608e+01
E 004 012 3.847e+01
E 004 013 5.233e+01
E 004 015 2.202e+01
E 004 017 3.483e+01
E 005 012 5.517e+01
E 005 006 2.417e+01
E 007 008 4.916e+01
E 007 009 3.413e+01
E 007 010 4.415e+01
E 007 012 3.298e+01
E 007 015 3.466e+01
E 007 018 6.083e+00
E 008 012 4.965e+01
E 008 013 3.401e+01
E 009 012 1.118e+01
E 009 018 2.807e+01
E 010 015 2.421e+01
E 010 017 1.523e+01
E 010 019 7.529e+01
E 011 016 2.309e+01
E 011 014 7.170e+01
E 011 017 2.508e+01
E 012 014 3.202e+01
E 012 015 5.852e+01
E 012 018 2.751e+01
E 013 014 2.452e+01
E 013 015 7.018e+01
E 013 017 8.705e+01
E 013 019 3.041e+01
E 014 017 7.737e+01
E 014 018 5.250e+01
E 014 019 4.545e+01
E 017 018 3.536e+01
E 018 019 6.901e+01
