N 000 057 000 2.392e-01
N 001 090 002 8.201e-01
N 002 073 040 5.899e-01
N 003 015 009 4.213e-01
N 004 058 005 1.638e-01
N 005 020 005 3.185e-01
N 006 023 077 5.255e-01
N 007 088 006 5.606e-01
N 008 068 036 6.718e-01
N 009 044 072 6.260e-02
N 010 024 019 5.907e-01
N 011 034 053 9.597e-01
N 012 008 078 4.051e-02
N 013 029 027 2.676e-01
N 014 012 035 7.485e-01
N 015 032 036 5.265e-01
N 016 067 063 9.712e-01
N 017 082 011 5.113e-01
N 018 017 022 5.598e-01
N 019 044 008 4.968e-01
E 000 001 3.306e+01
E 000 003 4.295e+01
E 000 004 5.099e+00
E 000 006 8.417e+01
E 000 007 3.158e+01
E 000 012 9.211e+01
E 000 014 5.701e+01
E 001 002 4.163e+01
E 001 003 7.533e+01
E 001 004 3.214e+01
E 001 013 6.592e+01
E 001 014 8.469e+01
E 001 016 6.519e+01
E 002 003 6.576e+01
E 002 004 3.808e+01
E 002 005 6.351e+01
E 002 006 6.220e+01
E 002 011 4.111e+01
E 002 019 4.319e+01
E 003 009 6.935e+01
E 003 011 4.793e+01
E 003 014 2.617e+01
E 004 008 3.257e+01
E 004 010 3.677e+01
E 004 013 3.640e+01
E 004 014 5.492e+01
E 004 017 2.474e+01
E 004 018 4.438e+01
E 004 019 1.432e+01
E 005 018 1.726e+01
E 005 006 7.206e+01
E 006 007 9.626e+01
E 006 008 6.088e+01
E 006 009 2.159e+01
E 006 016 4.617e+01
E 006 017 8.853e+01
E 007 019 4.405e+01
E 007 012 1.076e+02
E 008 014 5.601e+01
E 008 013 4.002e+01
E 008 015 3.600e+01
E 009 010 5.665e+01
E 009 013 4.743e+01
E 009 014 4.892e+01
E 009 016 2.470e+01
E 009 018 5.682e+01
E 010 016 6.152e+01
E 010 014 2.000e+01
E 010 017 5.855e+01
E 011 019 4.610e+01
E 011 012 3.607e+01
E 011 014 2.843e+01
E 012 015 4.837e+01
E 012 016 6.088e+01
E 013 014 1.879e+01
E 013 015 9.487e+00
E 014 017 7.400e+01
E 015 018 2.052e+01
E 015 019 3.046e+01
E 017 019 3.812e+01
