N 000 038 041 6.532e-01
N 001 014 096 6.598e-01
N 002 066 086 5.094e-02
N 003 021 039 6.893e-01
N 004 049 005 6.675e-01
N 005 015 045 4.048e-01
N 006 017 090 5.696e-02
N 007 022 066 7.886e-01
N 008 043 058 6.507e-02
N 009 092 075 1.297e-01
N 010 079 030 9.191e-02
N 011 024 021 1.014e-01
N 012 056 028 9.667e-01
N 013 002 032 1.667e-01
N 014 007 029 3.070e-01
N 015 049 074 9.855e-01
N 016 084 080 1.954e-01
N 017 074 058 2.513e-01
N 018 096 069 2.839e-01
N 019 080 026 3.506e-01
E 000 008 1.772e+01
E 000 009 6.381e+01
E 000 018 6.440e+01
E 000 004 3.764e+01
E 000 016 6.031e+01
E 001 016 7.181e+01
E 001 010 9.263e+01
E 001 011 7.566e+01
E 001 013 6.512e+01
E 001 006 6.708e+00
E 002 008 3.624e+01
E 002 017 2.912e+01
E 002 018 3.448e+01
E 002 011 7.739e+01
E 002 005 6.544e+01
E 003 016 7.517e+01
E 003 017 5.630e+01
E 003 019 6.042e+01
E 004 016 8.276e+01
E 004 014 4.837e+01
E 004 006 9.082e+01
E 004 007 6.671e+01
E 005 010 6.573e+01
E 005 012 4.438e+01
E 005 013 1.838e+01
E 005 015 4.469e+01
E 005 017 6.042e+01
E 005 018 8.448e+01
E 005 019 6.772e+01
E 006 012 7.325e+01
E 006 014 6.181e+01
E 006 016 6.774e+01
E 006 019 8.981e+01
E 007 012 5.099e+01
E 007 018 7.406e+01
E 007 013 3.945e+01
E 008 012 3.270e+01
E 008 013 4.855e+01
E 008 014 4.623e+01
E 008 018 5.413e+01
E 009 019 5.045e+01
E 010 016 5.025e+01
E 011 016 8.415e+01
E 011 019 5.622e+01
E 011 017 6.220e+01
E 012 013 5.415e+01
E 012 018 5.728e+01
E 013 014 5.831e+00
E 013 015 6.303e+01
E 013 016 9.502e+01
E 013 018 1.010e+02
E 013 019 7.823e+01
E 014 019 7.306e+01
E 015 016 3.551e+01
E 015 019 5.714e+01
E 016 017 2.417e+01
E 016 018 1.628e+01
E 016 019 5.415e+01
E 017 018 2.460e+01
E 018 019 4.588e+01
