N 000 049 022 6.286e-01
N 001 019 002 3.136e-01
N 002 009 064 3.204e-01
N 003 028 074 9.867e-01
N 004 082 051 4.322e-03
N 005 020 036 3.491e-01
N 006 055 008 1.452e-01
N 007 012 057 7.731e-01
N 008 052 089 9.511e-01
N 009 036 043 4.951e-01
N 010 022 069 6.806e-01
N 011 049 006 3.191e-01
N 012 062 020 7.394e-01
N 013 076 025 4.026e-01
N 014 079 042 6.885e-01
N 015 002 003 3.852e-01
N 016 042 038 4.614e-01
N 017 088 031 9.056e-01
N 018 099 030 2.305e-01
N 019 003 088 6.726e-01
E 000 001 3.606e+01
E 000 002 5.800e+01
E 000 006 1.523e+01
E 000 009 2.470e+01
E 000 011 1.600e+01
E 000 015 5.070e+01
E 000 016 1.746e+01
E 000 018 5.064e+01
E 001 003 7.256e+01
E 001 005 3.401e+01
E 001 007 5.544e+01
E 001 010 6.707e+01
E 001 013 6.147e+01
E 001 015 1.703e+01
E 002 006 7.247e+01
E 002 009 3.421e+01
E 002 012 6.888e+01
E 002 013 7.752e+01
E 002 014 7.338e+01
E 002 015 6.140e+01
E 002 018 9.621e+01
E 003 010 7.810e+00
E 003 017 7.382e+01
E 003 006 7.131e+01
E 003 007 2.335e+01
E 004 009 4.669e+01
E 004 017 2.088e+01
E 004 014 9.487e+00
E 004 006 5.077e+01
E 004 015 9.330e+01
E 005 006 4.482e+01
E 005 007 2.247e+01
E 005 012 4.494e+01
E 005 017 6.818e+01
E 005 019 5.471e+01
E 006 016 3.270e+01
E 007 012 6.220e+01
E 007 014 6.866e+01
E 007 018 9.109e+01
E 008 009 4.870e+01
E 008 018 7.543e+01
E 008 017 6.826e+01
E 009 011 3.922e+01
E 009 012 3.471e+01
E 009 017 5.337e+01
E 010 011 6.854e+01
E 010 013 6.966e+01
E 010 017 7.616e+01
E 010 018 8.631e+01
E 010 019 2.687e+01
E 011 019 9.402e+01
E 011 013 3.302e+01
E 012 015 6.236e+01
E 012 017 2.823e+01
E 013 014 1.726e+01
E 014 015 8.631e+01
E 014 017 1.421e+01
E 015 017 9.044e+01
E 016 019 6.341e+01
E 017 018 1.105e+01
