N 000 037 038 1.952e-01
N 001 052 009 3.105e-01
N 002 059 093 8.685e-01
N 003 015 031 2.234e-01
N 004 040 025 7.703e-01
N 005 008 090 8.970e-01
N 006 053 004 8.999e-01
N 007 094 049 6.778e-01
N 008 074 027 4.307e-01
N 009 012 008 4.499e-01
N 010 043 036 2.579e-01
N 011 089 042 2.704e-01
N 012 051 090 6.652e-01
N 013 026 094 6.167e-01
N 014 089 069 1.031e-01
N 015 091 056 9.249e-01
N 016 089 019 7.983e-01
N 017 018 003 5.132e-01
N 018 067 016 1.221e-02
N 019 017 047 1.873e-01
E 000 002 5.924e+01
E 000 004 1.334e+01
E 000 005 5.954e+01
E 000 007 5.805e+01
E 000 013 5.707e+01
E 000 014 6.054e+01
E 001 003 4.305e+01
E 001 004 2.000e+01
E 001 010 2.846e+01
E 001 012 8.101e+01
E 001 015 6.107e+01
E 001 017 3.453e+01
E 002 009 9.713e+01
E 002 005 5.109e+01
E 002 016 7.985e+01
E 002 017 9.890e+01
E 003 004 2.571e+01
E 003 006 4.662e+01
E 003 007 8.102e+01
E 003 013 6.395e+01
E 003 016 7.497e+01
E 003 017 2.816e+01
E 004 005 7.245e+01
E 004 006 2.470e+01
E 004 011 5.187e+01
E 004 012 6.592e+01
E 004 015 5.968e+01
E 005 011 9.415e+01
E 005 013 1.844e+01
E 005 015 8.969e+01
E 005 019 4.393e+01
E 006 007 6.088e+01
E 006 010 3.353e+01
E 006 016 3.900e+01
E 006 017 3.501e+01
E 007 009 9.168e+01
E 007 010 5.263e+01
E 007 011 8.602e+00
E 007 012 5.941e+01
E 007 013 8.154e+01
E 007 018 4.264e+01
E 008 016 1.700e+01
E 008 009 6.485e+01
E 008 018 1.304e+01
E 009 014 9.823e+01
E 009 015 9.244e+01
E 009 017 7.810e+00
E 009 019 3.932e+01
E 010 019 2.823e+01
E 010 014 5.661e+01
E 011 012 6.122e+01
E 011 018 3.406e+01
E 011 019 7.217e+01
E 012 018 7.571e+01
E 013 016 9.795e+01
E 013 018 8.812e+01
E 015 016 3.705e+01
E 016 018 2.220e+01
E 016 019 7.725e+01
E 017 018 5.070e+01
