N 000 030 082 7.624e-01
N 001 097 072 1.004e-01
N 002 037 082 5.718e-01
N 003 054 086 8.378e-01
N 004 022 088 7.242e-01
N 005 061 075 1.476e-01
N 006 000 076 8.667e-01
N 007 083 012 1.430e-01
N 008 051 050 1.858e-01
N 009 029 050 7.334e-01
N 010 028 027 6.864e-02
N 011 074 030 8.243e-01
N 012 013 023 7.167e-01
N 013 095 068 8.770e-01
N 014 005 088 2.676e-01
N 015 031 099 7.164e-01
N 016 071 000 7.175e-01
N 017 024 029 3.583e-01
N 018 073 067 3.737e-01
N 019 004 058 5.723e-01
E 000 002 7.000e+00
E 000 003 2.433e+01
E 000 005 3.178e+01
E 000 012 6.140e+01
E 000 018 4.554e+01
E 000 019 3.538e+01
E 001 010 8.238e+01
E 001 004 7.669e+01
E 001 007 6.161e+01
E 002 009 3.298e+01
E 002 010 5.573e+01
E 002 015 1.803e+01
E 002 016 8.877e+01
E 002 018 3.900e+01
E 003 006 5.492e+01
E 003 007 7.948e+01
E 003 008 3.612e+01
E 003 011 5.946e+01
E 003 012 7.517e+01
E 003 015 2.642e+01
E 003 017 6.441e+01
E 003 018 2.687e+01
E 004 005 4.111e+01
E 004 009 3.864e+01
E 004 012 6.562e+01
E 004 013 7.569e+01
E 004 015 1.421e+01
E 004 016 1.007e+02
E 005 006 6.101e+01
E 005 008 2.693e+01
E 005 010 5.825e+01
E 005 015 3.842e+01
E 006 007 1.048e+02
E 006 013 9.534e+01
E 006 018 7.355e+01
E 006 019 1.844e+01
E 007 009 6.603e+01
E 007 011 2.012e+01
E 007 012 7.086e+01
E 007 013 5.727e+01
E 007 017 6.140e+01
E 007 019 9.142e+01
E 008 011 3.048e+01
E 008 013 4.754e+01
E 008 014 5.967e+01
E 008 017 3.421e+01
E 009 010 2.302e+01
E 009 011 4.924e+01
E 009 014 4.494e+01
E 009 018 4.717e+01
E 010 012 1.552e+01
E 010 017 4.472e+00
E 010 018 6.021e+01
E 011 015 8.130e+01
E 012 016 6.239e+01
E 012 017 1.253e+01
E 013 016 7.211e+01
E 015 017 7.035e+01
E 016 017 5.523e+01
E 016 018 6.703e+01
