N 000 063 066 2.469e-01
N 001 006 075 2.399e-01
N 002 020 047 9.574e-01
N 003 058 000 4.741e-01
N 004 020 032 1.887e-01
N 005 024 060 2.318e-01
N 006 022 081 5.349e-03
N 007 022 078 9.717e-01
N 008 057 065 4.236e-01
N 009 053 087 1.057e-01
N 010 057 022 6.047e-01
N 011 045 032 3.607e-01
N 012 046 050 5.506e-01
N 013 097 019 6.050e-01
N 014 032 061 1.942e-01
N 015 097 004 4.243e-01
N 016 058 062 4.746e-01
N 017 012 076 6.125e-01
N 018 091 069 5.405e-01
N 019 032 019 4.463e-01
E 000 003 6.619e+01
E 000 005 3.946e+01
E 000 007 4.272e+01
E 000 008 6.083e+00
E 000 012 2.335e+01
E 000 013 5.801e+01
E 000 015 7.071e+01
E 000 018 2.816e+01
E 001 017 6.083e+00
E 001 005 2.343e+01
E 001 006 1.709e+01
E 001 015 1.154e+02
E 002 018 7.433e+01
E 002 011 2.915e+01
E 002 012 2.617e+01
E 002 014 1.844e+01
E 002 006 3.406e+01
E 003 006 8.864e+01
E 003 009 8.714e+01
E 003 013 4.338e+01
E 003 014 6.631e+01
E 003 016 6.200e+01
E 004 006 4.904e+01
E 004 007 4.604e+01
E 004 013 7.809e+01
E 004 014 3.138e+01
E 004 017 4.472e+01
E 004 019 1.769e+01
E 005 006 2.110e+01
E 005 011 3.500e+01
E 005 012 2.417e+01
E 005 014 8.062e+00
E 005 016 3.406e+01
E 006 013 9.731e+01
E 006 017 1.118e+01
E 006 019 6.280e+01
E 007 012 3.688e+01
E 007 013 9.543e+01
E 008 017 4.632e+01
E 008 010 4.300e+01
E 008 012 1.860e+01
E 009 011 5.558e+01
E 009 016 2.550e+01
E 009 010 6.512e+01
E 010 018 5.801e+01
E 010 013 4.011e+01
E 010 017 7.029e+01
E 011 014 3.178e+01
E 011 017 5.500e+01
E 011 018 5.903e+01
E 012 015 6.868e+01
E 012 016 1.697e+01
E 013 016 5.805e+01
E 013 019 6.500e+01
E 014 015 8.645e+01
E 014 016 2.602e+01
E 014 017 2.500e+01
E 014 019 4.200e+01
E 015 018 6.528e+01
E 018 019 7.734e+01
