N 000 032 049 8.708e-01
N 001 087 021 8.290e-01
N 002 030 049 5.625e-01
N 003 033 086 7.791e-01
N 004 039 074 9.134e-01
N 005 056 051 8.353e-01
N 006 011 041 2.050e-01
N 007 095 055 8.098e-01
N 008 032 028 8.499e-01
N 009 029 011 6.575e-02
N 010 096 012 9.513e-02
N 011 052 017 9.605e-01
N 012 056 065 7.924e-01
N 013 093 007 9.349e-01
N 014 019 044 8.259e-02
N 015 034 092 2.960e-02
N 016 082 011 6.145e-01
N 017 003 048 5.049e-01
N 018 003 097 1.334e-01
N 019 022 019 8.599e-01
E 000 001 6.172e+01
E 000 002 2.000e+00
E 000 003 3.701e+01
E 000 004 2.596e+01
E 000 007 6.329e+01
E 000 015 4.305e+01
E 001 003 8.450e+01
E 001 006 7.859e+01
E 001 013 1.523e+01
E 001 015 8.860e+01
E 001 019 6.503e+01
E 002 004 2.657e+01
E 002 009 3.801e+01
E 002 013 7.572e+01
E 002 014 1.208e+01
E 002 019 3.105e+01
E 003 005 4.188e+01
E 003 007 6.932e+01
E 003 009 7.511e+01
E 003 010 9.719e+01
E 003 012 3.114e+01
E 003 019 6.790e+01
E 004 007 5.914e+01
E 004 013 8.605e+01
E 004 017 4.441e+01
E 004 019 5.757e+01
E 005 007 3.920e+01
E 005 009 4.826e+01
E 005 011 3.423e+01
E 005 012 1.400e+01
E 005 017 5.308e+01
E 006 009 3.499e+01
E 006 010 8.981e+01
E 006 011 4.751e+01
E 006 013 8.877e+01
E 006 014 8.544e+00
E 007 011 5.738e+01
E 007 012 4.026e+01
E 007 013 4.804e+01
E 007 017 9.227e+01
E 008 018 7.485e+01
E 008 011 2.283e+01
E 008 012 4.410e+01
E 009 016 5.300e+01
E 009 017 4.522e+01
E 010 012 6.640e+01
E 010 013 5.831e+00
E 010 016 1.404e+01
E 010 018 1.260e+02
E 010 019 7.433e+01
E 011 016 3.059e+01
E 011 017 5.798e+01
E 012 013 6.880e+01
E 013 018 1.273e+02
E 014 016 7.112e+01
E 014 017 1.649e+01
E 015 019 7.398e+01
E 016 018 1.168e+02
E 017 019 3.467e+01
E 018 019 8.028e+01
