N 000 037 069 7.519e-01
N 001 081 055 7.544e-01
N 002 022 049 4.837e-01
N 003 096 066 1.540e-01
N 004 041 008 6.615e-01
N 005 063 096 9.419e-01
N 006 068 070 9.973e-01
N 007 070 000 7.555e-01
N 008 034 039 5.320e-01
N 009 059 029 7.500e-01
N 010 064 092 5.839e-01
N 011 000 002 5.439e-02
N 012 062 023 7.248e-01
N 013 040 094 6.140e-01
N 014 012 092 7.406e-01
N 015 030 018 6.816e-01
N 016 050 063 2.773e-02
N 017 072 042 8.652e-01
N 018 050 060 2.035e-01
N 019 031 074 2.373e-01
E 000 003 5.908e+01
E 000 004 6.113e+01
E 000 006 3.102e+01
E 000 011 7.654e+01
E 000 014 3.397e+01
E 000 015 5.148e+01
E 000 016 1.432e+01
E 000 017 4.420e+01
E 000 019 7.810e+00
E 001 008 4.965e+01
E 001 002 5.930e+01
E 001 005 4.478e+01
E 001 014 7.829e+01
E 001 007 5.609e+01
E 002 004 4.519e+01
E 002 009 4.206e+01
E 002 006 5.057e+01
E 002 007 6.859e+01
E 003 009 5.233e+01
E 003 011 1.154e+02
E 003 013 6.261e+01
E 003 015 8.161e+01
E 003 016 4.610e+01
E 003 017 3.394e+01
E 003 018 4.639e+01
E 003 019 6.549e+01
E 004 016 5.573e+01
E 004 012 2.581e+01
E 004 015 1.487e+01
E 005 011 1.132e+02
E 005 017 5.474e+01
E 005 009 6.712e+01
E 006 010 2.236e+01
E 006 011 9.617e+01
E 006 013 3.688e+01
E 006 016 1.931e+01
E 006 018 2.059e+01
E 007 011 7.003e+01
E 007 014 1.088e+02
E 007 015 4.386e+01
E 007 017 4.205e+01
E 008 018 2.640e+01
E 008 011 5.025e+01
E 008 012 3.225e+01
E 009 011 6.488e+01
E 009 012 6.708e+00
E 009 018 3.228e+01
E 009 019 5.300e+01
E 010 017 5.064e+01
E 010 019 3.759e+01
E 010 015 8.144e+01
E 011 012 6.546e+01
E 011 015 3.400e+01
E 013 014 2.807e+01
E 013 015 7.666e+01
E 013 016 3.257e+01
E 013 019 2.193e+01
E 014 016 4.780e+01
E 014 018 4.968e+01
E 015 019 5.601e+01
