N 000 092 091 7.871e-01
N 001 004 089 8.954e-01
N 002 088 090 1.315e-01
N 003 037 072 3.715e-01
N 004 098 018 9.037e-01
N 005 055 076 7.779e-01
N 006 038 057 3.220e-01
N 007 058 020 1.180e-01
N 008 057 089 4.116e-01
N 009 064 092 7.643e-02
N 010 039 015 8.649e-01
N 011 087 069 9.149e-01
N 012 002 097 1.767e-01
N 013 064 062 7.575e-03
N 014 023 014 3.494e-01
N 015 063 093 4.697e-01
N 016 025 003 3.080e-02
N 017 080 052 9.590e-01
N 018 026 080 5.022e-01
N 019 028 033 5.931e-01
E 000 004 7.325e+01
E 000 006 6.381e+01
E 000 008 3.506e+01
E 000 009 2.802e+01
E 000 012 9.020e+01
E 000 016 1.106e+02
E 000 017 4.080e+01
E 000 018 6.691e+01
E 001 008 5.300e+01
E 001 012 8.246e+00
E 001 007 8.762e+01
E 002 016 1.074e+02
E 002 009 2.408e+01
E 002 019 8.276e+01
E 002 005 3.585e+01
E 003 016 7.004e+01
E 003 009 3.360e+01
E 003 017 4.742e+01
E 003 005 1.844e+01
E 003 015 3.342e+01
E 004 006 7.156e+01
E 004 007 4.005e+01
E 004 010 5.908e+01
E 004 014 7.511e+01
E 004 017 3.847e+01
E 005 011 3.276e+01
E 005 018 2.927e+01
E 005 015 1.879e+01
E 006 009 4.360e+01
E 006 015 4.383e+01
E 006 016 5.554e+01
E 006 019 2.600e+01
E 007 012 9.521e+01
E 007 013 4.243e+01
E 007 014 3.551e+01
E 007 018 6.800e+01
E 007 019 3.270e+01
E 008 009 7.616e+00
E 008 012 5.558e+01
E 008 013 2.789e+01
E 008 014 8.235e+01
E 008 015 7.211e+00
E 008 016 9.176e+01
E 008 019 6.306e+01
E 010 018 6.629e+01
E 010 011 7.225e+01
E 010 013 5.324e+01
E 010 014 1.603e+01
E 011 019 6.912e+01
E 011 014 8.439e+01
E 011 013 2.404e+01
E 013 014 6.313e+01
E 013 017 1.887e+01
E 013 018 4.205e+01
E 013 019 4.623e+01
E 014 016 1.118e+01
E 014 018 6.607e+01
E 015 019 6.946e+01
E 016 018 7.701e+01
E 017 019 5.536e+01
