N 000 018 059 8.591e-01
N 001 069 001 3.643e-01
N 002 060 096 6.255e-01
N 003 020 048 3.767e-01
N 004 080 039 3.457e-01
N 005 088 048 5.505e-01
N 006 013 062 7.108e-02
N 007 088 029 4.068e-01
N 008 040 096 2.064e-02
N 009 064 052 4.360e-01
N 010 044 085 6.775e-02
N 011 083 022 8.306e-01
N 012 070 083 8.941e-01
N 013 051 088 2.118e-01
N 014 064 008 3.651e-01
N 015 089 015 6.020e-01
N 016 086 003 9.577e-01
N 017 084 078 3.157e-01
N 018 017 053 8.592e-02
N 019 057 016 1.184e-01
E 000 008 4.305e+01
E 000 001 7.723e+01
E 000 016 8.809e+01
E 000 015 8.353e+01
E 001 010 8.764e+01
E 001 012 8.201e+01
E 001 013 8.884e+01
E 001 015 2.441e+01
E 001 017 7.845e+01
E 002 009 4.418e+01
E 002 005 5.557e+01
E 002 006 5.801e+01
E 003 009 4.418e+01
E 003 010 4.410e+01
E 003 004 6.067e+01
E 003 006 1.565e+01
E 004 005 1.204e+01
E 004 007 1.281e+01
E 004 008 6.963e+01
E 004 012 4.512e+01
E 004 015 2.563e+01
E 004 018 6.454e+01
E 004 019 3.253e+01
E 005 007 1.900e+01
E 005 010 5.749e+01
E 005 015 3.302e+01
E 005 019 4.455e+01
E 006 009 5.197e+01
E 006 011 8.062e+01
E 006 012 6.075e+01
E 006 015 8.936e+01
E 006 019 6.366e+01
E 007 008 8.242e+01
E 007 012 5.692e+01
E 007 017 4.916e+01
E 007 019 3.362e+01
E 008 018 4.876e+01
E 008 015 9.467e+01
E 009 012 3.158e+01
E 009 013 3.828e+01
E 009 018 4.701e+01
E 009 019 3.667e+01
E 010 012 2.608e+01
E 010 017 4.061e+01
E 010 018 4.187e+01
E 011 016 1.924e+01
E 011 018 7.292e+01
E 011 013 7.335e+01
E 011 015 9.220e+00
E 012 013 1.965e+01
E 012 015 7.060e+01
E 012 018 6.090e+01
E 013 016 9.192e+01
E 013 017 3.448e+01
E 014 016 2.256e+01
E 015 017 6.320e+01
E 016 017 7.503e+01
E 016 018 8.521e+01
E 017 018 7.151e+01
E 018 019 5.449e+01
