N 000 057 023 4.850e-01
N 001 008 031 2.298e-01
N 002 008 095 6.031e-01
N 003 000 034 9.162e-01
N 004 095 019 2.643e-02
N 005 090 034 5.350e-01
N 006 064 060 6.015e-01
N 007 034 005 2.570e-01
N 008 097 086 1.431e-01
N 009 049 023 1.689e-01
N 010 093 090 8.406e-01
N 011 064 074 7.050e-01
N 012 018 091 4.301e-01
N 013 093 066 2.855e-01
N 014 043 005 2.391e-01
N 015 026 041 3.509e-01
N 016 069 082 8.791e-03
N 017 058 090 4.879e-01
N 018 002 027 8.263e-01
N 019 094 044 2.219e-01
E 000 001 4.965e+01
E 000 002 8.709e+01
E 000 006 3.766e+01
E 000 007 2.921e+01
E 000 009 8.000e+00
E 000 012 7.839e+01
E 001 003 8.544e+00
E 001 005 8.205e+01
E 001 009 4.177e+01
E 001 011 7.060e+01
E 001 012 6.083e+01
E 001 013 9.192e+01
E 001 017 7.734e+01
E 002 016 6.237e+01
E 002 004 1.155e+02
E 002 006 6.604e+01
E 003 004 9.618e+01
E 003 007 4.469e+01
E 003 012 5.977e+01
E 003 017 8.062e+01
E 003 018 7.280e+00
E 004 005 1.581e+01
E 004 007 6.259e+01
E 004 009 4.617e+01
E 004 014 5.385e+01
E 004 019 2.502e+01
E 005 008 5.247e+01
E 005 011 4.771e+01
E 005 012 9.183e+01
E 005 013 3.214e+01
E 005 014 5.523e+01
E 005 017 6.450e+01
E 006 012 5.547e+01
E 006 013 2.961e+01
E 006 014 5.887e+01
E 007 008 1.026e+02
E 007 011 7.524e+01
E 008 010 5.657e+00
E 008 011 3.511e+01
E 008 012 7.916e+01
E 008 013 2.040e+01
E 008 017 3.920e+01
E 008 018 1.118e+02
E 009 019 4.966e+01
E 009 015 2.921e+01
E 010 012 7.501e+01
E 010 015 8.301e+01
E 010 016 2.530e+01
E 010 017 3.500e+01
E 010 018 1.107e+02
E 011 014 7.212e+01
E 012 015 5.064e+01
E 012 016 5.179e+01
E 012 017 4.001e+01
E 012 018 6.597e+01
E 012 019 8.936e+01
E 013 015 7.151e+01
E 013 016 2.884e+01
E 013 018 9.901e+01
E 016 017 1.360e+01
