N 000 043 053 5.807e-01
N 001 097 060 6.808e-01
N 002 030 040 3.830e-01
N 003 073 070 6.749e-01
N 004 047 084 3.613e-01
N 005 029 018 4.923e-01
N 006 055 017 3.690e-01
N 007 009 099 8.425e-01
N 008 037 001 8.983e-01
N 009 048 008 4.814e-01
N 010 012 023 1.025e-01
N 011 005 059 3.024e-01
N 012 084 047 4.201e-01
N 013 020 043 3.837e-01
N 014 073 043 5.602e-01
N 015 047 042 3.289e-01
N 016 058 050 3.121e-01
N 017 062 069 4.700e-01
N 018 085 024 5.370e-01
N 019 090 005 8.944e-01
E 000 008 5.235e+01
E 000 018 5.104e+01
E 000 015 1.170e+01
E 000 007 5.720e+01
E 001 015 5.314e+01
E 001 011 9.201e+01
E 001 007 9.625e+01
E 002 016 2.973e+01
E 002 010 2.476e+01
E 002 019 6.946e+01
E 002 005 2.202e+01
E 002 013 1.044e+01
E 003 004 2.953e+01
E 003 006 5.597e+01
E 003 009 6.685e+01
E 003 011 6.888e+01
E 003 012 2.550e+01
E 003 013 5.948e+01
E 003 015 3.821e+01
E 003 018 4.754e+01
E 004 005 6.841e+01
E 004 008 8.360e+01
E 004 011 4.888e+01
E 004 015 4.200e+01
E 004 017 2.121e+01
E 004 019 8.994e+01
E 005 006 2.602e+01
E 005 007 8.343e+01
E 005 010 1.772e+01
E 005 013 2.657e+01
E 005 015 3.000e+01
E 005 019 6.237e+01
E 006 015 2.625e+01
E 006 007 9.402e+01
E 007 009 9.901e+01
E 007 010 7.606e+01
E 007 011 4.020e+01
E 007 017 6.090e+01
E 007 018 1.068e+02
E 007 019 1.241e+02
E 008 010 3.330e+01
E 008 015 4.220e+01
E 008 017 7.245e+01
E 008 018 5.323e+01
E 008 019 5.315e+01
E 009 014 4.301e+01
E 011 014 6.986e+01
E 012 016 2.617e+01
E 012 018 2.302e+01
E 013 016 3.864e+01
E 013 014 5.300e+01
E 014 017 2.823e+01
E 014 018 2.247e+01
E 014 019 4.163e+01
E 015 017 3.089e+01
E 015 018 4.205e+01
E 015 019 5.673e+01
E 016 017 1.942e+01
E 016 018 3.748e+01
E 017 018 5.054e+01
