N 000 067 049 8.056e-01
N 001 049 049 6.374e-01
N 002 081 088 1.068e-01
N 003 032 045 2.882e-01
N 004 031 042 3.492e-01
N 005 068 077 6.713e-01
N 006 030 060 2.499e-02
N 007 071 008 7.083e-02
N 008 016 059 6.270e-01
N 009 081 010 9.800e-02
N 010 043 049 7.057e-01
N 011 072 071 3.376e-01
N 012 086 098 7.717e-01
N 013 052 006 4.445e-01
N 014 074 004 3.323e-01
N 015 031 045 8.142e-01
N 016 029 021 8.710e-01
N 017 029 072 8.978e-02
N 018 099 007 5.431e-01
N 019 002 075 7.436e-01
E 000 001 1.800e+01
E 000 018 5.280e+01
E 000 013 4.554e+01
E 000 014 4.554e+01
E 000 007 4.119e+01
E 001 002 5.045e+01
E 001 007 4.653e+01
E 001 010 6.000e+00
E 001 013 4.310e+01
E 001 014 5.148e+01
E 001 015 1.844e+01
E 001 018 6.530e+01
E 002 008 7.118e+01
E 002 010 5.445e+01
E 002 013 8.698e+01
E 002 018 8.298e+01
E 002 019 8.006e+01
E 003 005 4.817e+01
E 003 006 1.513e+01
E 003 007 5.376e+01
E 003 009 6.022e+01
E 003 012 7.566e+01
E 003 013 4.383e+01
E 004 017 3.007e+01
E 004 019 4.393e+01
E 004 014 5.738e+01
E 004 006 1.803e+01
E 004 015 3.000e+00
E 005 011 7.211e+00
E 005 012 2.766e+01
E 005 015 4.892e+01
E 005 016 6.824e+01
E 005 018 7.656e+01
E 006 016 3.901e+01
E 006 009 7.142e+01
E 006 018 8.701e+01
E 007 009 1.020e+01
E 007 010 4.965e+01
E 007 015 5.449e+01
E 008 016 4.016e+01
E 008 011 5.727e+01
E 008 013 6.407e+01
E 009 012 8.814e+01
E 009 015 6.103e+01
E 009 016 5.315e+01
E 009 018 1.825e+01
E 010 018 7.000e+01
E 011 017 4.301e+01
E 011 015 4.855e+01
E 012 015 7.638e+01
E 012 018 9.192e+01
E 012 019 8.709e+01
E 013 015 4.429e+01
E 013 017 6.989e+01
E 014 019 1.011e+02
E 014 015 5.941e+01
E 015 016 2.408e+01
E 016 017 5.100e+01
E 017 018 9.552e+01
E 017 019 2.717e+01
