N 000 005 027 6.938e-01
N 001 007 080 4.423e-01
N 002 099 043 4.325e-01
N 003 099 092 9.699e-01
N 004 001 013 6.791e-01
N 005 014 049 3.030e-01
N 006 026 023 6.748e-03
N 007 068 083 4.020e-02
N 008 034 023 1.625e-01
N 009 041 070 8.746e-01
N 010 014 026 2.174e-01
N 011 029 017 8.074e-01
N 012 002 096 7.683e-01
N 013 061 056 2.769e-01
N 014 081 079 9.866e-01
N 015 073 042 2.861e-01
N 016 030 033 3.031e-01
N 017 090 024 1.933e-01
N 018 010 089 6.378e-01
N 019 013 010 7.995e-01
E 000 001 5.304e+01
E 000 003 1.143e+02
E 000 005 2.377e+01
E 000 014 9.209e+01
E 000 015 6.963e+01
E 000 017 8.505e+01
E 000 018 6.220e+01
E 001 004 6.727e+01
E 001 005 3.178e+01
E 001 006 6.008e+01
E 001 013 5.909e+01
E 001 016 5.233e+01
E 001 017 1.001e+02
E 002 006 7.569e+01
E 002 008 6.801e+01
E 002 009 6.398e+01
E 002 011 7.467e+01
E 002 017 2.102e+01
E 002 018 1.002e+02
E 003 016 9.079e+01
E 003 004 1.259e+02
E 003 005 9.526e+01
E 003 014 2.220e+01
E 004 005 3.828e+01
E 004 006 2.693e+01
E 004 008 3.448e+01
E 004 009 6.963e+01
E 004 010 1.838e+01
E 004 011 2.828e+01
E 004 012 8.301e+01
E 004 017 8.968e+01
E 005 006 2.864e+01
E 005 008 3.280e+01
E 005 010 2.300e+01
E 005 013 4.752e+01
E 005 015 5.941e+01
E 005 019 3.901e+01
E 006 015 5.070e+01
E 006 016 1.077e+01
E 006 018 6.791e+01
E 007 016 6.280e+01
E 007 018 5.831e+01
E 007 011 7.666e+01
E 007 013 2.789e+01
E 008 016 1.077e+01
E 008 018 7.023e+01
E 009 010 5.162e+01
E 009 011 5.434e+01
E 009 014 4.100e+01
E 009 016 3.860e+01
E 010 018 6.313e+01
E 010 017 7.603e+01
E 011 014 8.092e+01
E 012 016 6.894e+01
E 012 015 8.920e+01
E 015 017 2.476e+01
E 015 018 7.860e+01
E 016 017 6.067e+01
E 016 018 5.946e+01
E 016 019 2.860e+01
