N 000 008 008 3.850e-02
N 001 047 028 2.935e-01
N 002 015 055 4.346e-01
N 003 018 069 6.325e-01
N 004 032 069 8.912e-01
N 005 039 013 3.249e-01
N 006 037 024 2.267e-03
N 007 056 036 3.071e-02
N 008 095 023 6.577e-02
N 009 092 004 8.915e-01
N 010 072 042 4.183e-01
N 011 033 006 6.255e-02
N 012 062 050 3.360e-01
N 013 047 005 4.634e-01
N 014 028 071 3.692e-01
N 015 015 087 9.143e-01
N 016 046 010 2.772e-02
N 017 002 004 3.310e-01
N 018 001 016 2.037e-01
N 019 091 084 3.157e-01
E 000 001 4.383e+01
E 000 005 3.140e+01
E 000 006 3.312e+01
E 000 008 8.828e+01
E 000 010 7.247e+01
E 000 011 2.508e+01
E 000 015 7.931e+01
E 000 018 1.063e+01
E 001 008 4.826e+01
E 001 013 2.300e+01
E 002 010 5.846e+01
E 002 019 8.134e+01
E 002 004 2.202e+01
E 002 014 2.062e+01
E 002 015 3.200e+01
E 003 004 1.400e+01
E 003 005 5.981e+01
E 003 010 6.037e+01
E 003 011 6.476e+01
E 003 017 6.694e+01
E 003 018 5.566e+01
E 004 005 5.644e+01
E 004 006 4.528e+01
E 004 008 7.801e+01
E 004 010 4.826e+01
E 004 011 6.301e+01
E 004 016 6.064e+01
E 004 018 6.140e+01
E 004 019 6.088e+01
E 005 012 4.357e+01
E 005 014 5.903e+01
E 005 016 7.616e+00
E 005 017 3.808e+01
E 005 018 3.812e+01
E 006 010 3.936e+01
E 006 018 3.688e+01
E 007 008 4.111e+01
E 007 012 1.523e+01
E 007 014 4.482e+01
E 008 014 8.242e+01
E 008 016 5.070e+01
E 009 011 5.903e+01
E 009 012 5.492e+01
E 009 014 9.266e+01
E 010 013 4.465e+01
E 010 014 5.270e+01
E 010 016 4.123e+01
E 011 013 1.404e+01
E 011 014 6.519e+01
E 011 015 8.298e+01
E 011 016 1.360e+01
E 012 015 5.982e+01
E 012 017 7.560e+01
E 013 016 5.099e+00
E 013 015 8.802e+01
E 014 017 7.187e+01
E 015 016 8.301e+01
E 015 018 7.237e+01
E 016 018 4.540e+01
E 017 019 1.197e+02
