N 000 083 039 5.044e-01
N 001 098 073 9.401e-01
N 002 017 050 2.135e-01
N 003 061 005 5.316e-02
N 004 067 064 7.771e-01
N 005 012 031 9.609e-01
N 006 024 087 7.210e-01
N 007 031 030 2.193e-01
N 008 013 055 2.205e-01
N 009 017 050 6.125e-01
N 010 074 058 8.425e-01
N 011 098 058 1.709e-01
N 012 092 041 3.653e-02
N 013 097 033 8.213e-01
N 014 066 021 3.155e-01
N 015 046 098 9.420e-01
N 016 056 097 1.659e-01
N 017 097 018 7.686e-01
N 018 016 071 4.614e-01
N 019 046 017 7.388e-01
E 000 001 3.716e+01
E 000 010 2.102e+01
E 000 013 1.523e+01
E 000 014 2.476e+01
E 001 002 8.420e+01
E 001 013 4.001e+01
E 001 014 6.106e+01
E 001 015 5.770e+01
E 001 019 7.642e+01
E 002 007 2.441e+01
E 002 008 6.403e+00
E 002 011 8.139e+01
E 002 012 7.554e+01
E 002 017 8.616e+01
E 003 004 5.930e+01
E 003 006 8.996e+01
E 004 008 5.474e+01
E 004 011 3.158e+01
E 004 015 3.996e+01
E 004 007 4.952e+01
E 005 006 5.727e+01
E 005 011 9.014e+01
E 005 015 7.513e+01
E 005 016 7.932e+01
E 005 018 4.020e+01
E 005 019 3.677e+01
E 006 007 5.743e+01
E 006 013 9.080e+01
E 006 014 7.823e+01
E 006 016 3.353e+01
E 006 018 1.789e+01
E 007 014 3.614e+01
E 007 010 5.131e+01
E 008 013 8.683e+01
E 008 014 6.297e+01
E 008 015 5.420e+01
E 008 016 6.011e+01
E 008 019 5.033e+01
E 009 016 6.107e+01
E 009 010 5.756e+01
E 009 011 8.139e+01
E 009 012 7.554e+01
E 010 011 2.400e+01
E 010 012 2.476e+01
E 010 013 3.397e+01
E 011 012 1.803e+01
E 011 013 2.502e+01
E 011 018 8.302e+01
E 012 013 9.434e+00
E 012 019 5.188e+01
E 013 014 3.324e+01
E 013 015 8.262e+01
E 013 018 8.947e+01
E 013 019 5.345e+01
E 014 019 2.040e+01
E 015 016 1.005e+01
E 016 017 8.901e+01
E 016 018 4.771e+01
E 016 019 8.062e+01
E 018 019 6.177e+01
