N 000 026 054 7.248e-01
N 001 015 055 6.886e-01
N 002 007 029 5.046e-01
N 003 089 033 6.189e-01
N 004 062 063 2.287e-01
N 005 049 022 4.461e-01
N 006 047 016 1.644e-01
N 007 092 079 1.305e-02
N 008 072 024 5.609e-01
N 009 011 073 7.026e-01
N 010 030 086 6.108e-01
N 011 071 018 4.950e-01
N 012 088 021 8.375e-01
N 013 038 052 8.578e-01
N 014 038 073 3.965e-01
N 015 014 009 2.758e-01
N 016 045 029 6.860e-01
N 017 047 056 8.747e-01
N 018 060 067 8.241e-01
N 019 027 058 3.058e-01
E 000 008 5.492e+01
E 000 001 1.105e+01
E 000 015 4.657e+01
E 000 005 3.941e+01
E 000 009 2.421e+01
E 001 004 4.768e+01
E 001 005 4.738e+01
E 001 007 8.065e+01
E 001 009 1.844e+01
E 001 011 6.712e+01
E 001 017 3.202e+01
E 001 019 1.237e+01
E 002 019 3.523e+01
E 002 017 4.826e+01
E 002 011 6.494e+01
E 002 004 6.466e+01
E 003 015 7.875e+01
E 004 005 4.301e+01
E 004 006 4.934e+01
E 004 007 3.400e+01
E 004 008 4.026e+01
E 004 011 4.589e+01
E 004 014 2.600e+01
E 004 015 7.225e+01
E 004 016 3.801e+01
E 004 017 1.655e+01
E 004 018 4.472e+00
E 004 019 3.536e+01
E 005 007 7.140e+01
E 005 012 3.901e+01
E 005 019 4.219e+01
E 006 010 7.203e+01
E 006 018 5.263e+01
E 006 014 5.771e+01
E 006 015 3.373e+01
E 007 008 5.852e+01
E 007 009 8.122e+01
E 007 011 6.451e+01
E 007 012 5.814e+01
E 007 014 5.433e+01
E 007 015 1.048e+02
E 008 012 1.628e+01
E 008 017 4.061e+01
E 008 018 4.464e+01
E 008 019 5.640e+01
E 009 019 2.193e+01
E 009 014 2.700e+01
E 010 016 5.894e+01
E 011 013 4.738e+01
E 011 016 2.823e+01
E 012 014 7.214e+01
E 013 019 1.253e+01
E 013 017 9.849e+00
E 014 015 6.835e+01
E 014 018 2.280e+01
E 015 016 3.689e+01
E 016 017 2.707e+01
E 016 018 4.085e+01
E 016 019 3.413e+01
E 017 019 2.010e+01
