N 000 005 075 2.495e-01
N 001 092 024 6.416e-01
N 002 041 024 5.395e-01
N 003 027 067 2.753e-01
N 004 027 072 1.585e-01
N 005 072 051 8.563e-01
N 006 006 022 2.717e-01
N 007 006 088 6.874e-01
N 008 077 070 1.778e-01
N 009 037 067 4.068e-01
N 010 061 008 1.522e-01
N 011 063 049 3.752e-01
N 012 056 030 7.061e-01
N 013 066 029 7.380e-01
N 014 017 030 7.319e-01
N 015 062 080 5.971e-01
N 016 052 009 8.347e-01
N 017 089 016 6.703e-01
N 018 065 033 2.586e-01
N 019 099 062 7.913e-01
E 000 019 9.489e+01
E 000 001 1.008e+02
E 000 010 8.732e+01
E 000 003 2.341e+01
E 000 004 2.220e+01
E 001 003 7.794e+01
E 001 006 8.602e+01
E 001 007 1.072e+02
E 001 010 3.489e+01
E 001 014 7.524e+01
E 002 003 4.522e+01
E 002 004 5.000e+01
E 002 005 4.111e+01
E 002 008 5.841e+01
E 002 011 3.330e+01
E 002 015 5.981e+01
E 003 004 5.000e+00
E 003 008 5.009e+01
E 003 010 6.810e+01
E 003 011 4.025e+01
E 003 014 3.833e+01
E 003 015 3.734e+01
E 003 016 6.316e+01
E 003 018 5.099e+01
E 004 009 1.118e+01
E 004 012 5.104e+01
E 004 015 3.590e+01
E 004 017 8.355e+01
E 005 006 7.209e+01
E 005 008 1.965e+01
E 005 013 2.280e+01
E 005 017 3.891e+01
E 005 019 2.915e+01
E 007 018 8.066e+01
E 007 019 9.657e+01
E 007 014 5.903e+01
E 008 010 6.403e+01
E 008 011 2.524e+01
E 008 012 4.518e+01
E 008 015 1.803e+01
E 009 010 6.369e+01
E 009 011 3.162e+01
E 009 012 4.159e+01
E 009 014 4.206e+01
E 009 015 2.818e+01
E 009 018 4.405e+01
E 010 015 7.201e+01
E 010 017 2.912e+01
E 010 018 2.532e+01
E 011 013 2.022e+01
E 011 016 4.148e+01
E 011 018 1.612e+01
E 012 016 2.138e+01
E 012 015 5.036e+01
E 013 016 2.441e+01
E 014 016 4.082e+01
E 014 017 7.335e+01
E 015 019 4.115e+01
E 016 018 2.729e+01
E 016 019 7.084e+01
