N 000 012 017 9.017e-01
N 001 036 055 7.431e-01
N 002 033 048 5.203e-01
N 003 028 076 4.654e-01
N 004 090 087 7.139e-01
N 005 090 013 2.766e-02
N 006 011 011 4.621e-01
N 007 017 093 5.354e-01
N 008 058 083 1.958e-01
N 009 094 042 1.613e-01
N 010 068 039 5.307e-01
N 011 052 044 6.070e-01
N 012 056 027 7.405e-01
N 013 037 037 2.228e-01
N 014 059 056 7.895e-01
N 015 094 031 5.351e-01
N 016 077 036 8.016e-01
N 017 053 031 2.147e-01
N 018 099 085 1.473e-01
N 019 056 034 2.178e-01
E 000 001 4.494e+01
E 000 014 6.107e+01
E 000 011 4.826e+01
E 000 005 7.810e+01
E 000 006 6.083e+00
E 001 002 7.616e+00
E 001 004 6.277e+01
E 001 006 5.061e+01
E 001 009 5.944e+01
E 001 011 1.942e+01
E 001 014 2.302e+01
E 001 015 6.277e+01
E 001 019 2.900e+01
E 002 006 4.305e+01
E 002 011 1.942e+01
E 002 012 3.114e+01
E 002 013 1.170e+01
E 002 017 2.625e+01
E 003 008 3.081e+01
E 003 016 6.325e+01
E 003 004 6.297e+01
E 003 014 3.689e+01
E 003 015 7.988e+01
E 004 009 4.518e+01
E 004 011 5.738e+01
E 004 013 7.286e+01
E 004 015 5.614e+01
E 004 019 6.297e+01
E 005 008 7.697e+01
E 005 016 2.642e+01
E 005 009 2.927e+01
E 006 010 6.351e+01
E 006 011 5.263e+01
E 006 014 6.580e+01
E 006 015 8.538e+01
E 006 017 4.652e+01
E 006 018 1.150e+02
E 007 018 8.239e+01
E 007 019 7.072e+01
E 007 014 5.597e+01
E 008 017 5.224e+01
E 008 013 5.057e+01
E 009 010 2.617e+01
E 009 011 4.205e+01
E 009 012 4.085e+01
E 009 018 4.329e+01
E 010 015 2.720e+01
E 010 016 9.487e+00
E 010 018 5.547e+01
E 010 019 1.300e+01
E 011 014 1.389e+01
E 011 015 4.397e+01
E 011 017 1.304e+01
E 012 016 2.285e+01
E 012 017 5.000e+00
E 013 018 7.841e+01
E 013 015 5.731e+01
E 014 018 4.941e+01
E 015 017 4.100e+01
E 016 018 5.371e+01
