N 000 056 072 6.477e-01
N 001 056 069 9.018e-01
N 002 018 019 5.687e-01
N 003 070 098 1.301e-01
N 004 056 077 7.258e-01
N 005 064 004 8.872e-01
N 006 019 012 8.699e-01
N 007 034 030 7.851e-01
N 008 068 018 8.762e-01
N 009 059 065 4.361e-01
N 010 073 084 3.631e-01
N 011 016 056 5.825e-01
N 012 061 008 7.096e-01
N 013 057 087 1.550e-01
N 014 047 002 3.733e-02
N 015 058 044 4.585e-02
N 016 036 090 3.136e-01
N 017 096 001 3.482e-01
N 018 017 041 9.268e-01
N 019 095 016 8.665e-01
E 000 016 2.691e+01
E 000 010 2.081e+01
E 000 019 6.824e+01
E 000 006 7.049e+01
E 001 011 4.206e+01
E 001 017 7.889e+01
E 001 003 3.220e+01
E 002 005 4.838e+01
E 002 007 1.942e+01
E 002 011 3.705e+01
E 002 014 3.362e+01
E 002 017 8.005e+01
E 002 019 7.706e+01
E 003 004 2.524e+01
E 003 007 7.694e+01
E 003 012 9.045e+01
E 003 015 5.532e+01
E 003 016 3.493e+01
E 003 017 1.004e+02
E 004 015 3.306e+01
E 004 019 7.240e+01
E 004 007 5.189e+01
E 005 007 3.970e+01
E 005 009 6.120e+01
E 005 010 8.050e+01
E 005 012 5.000e+00
E 005 015 4.045e+01
E 006 019 7.611e+01
E 006 010 9.000e+01
E 006 018 2.907e+01
E 006 013 8.408e+01
E 007 008 3.606e+01
E 007 009 4.301e+01
E 007 010 6.661e+01
E 007 012 3.483e+01
E 007 013 6.147e+01
E 007 018 2.025e+01
E 008 017 3.276e+01
E 008 019 2.707e+01
E 008 013 6.987e+01
E 009 011 4.393e+01
E 009 012 5.704e+01
E 009 018 4.837e+01
E 009 019 6.080e+01
E 010 018 7.060e+01
E 011 012 6.580e+01
E 011 014 6.227e+01
E 012 013 7.910e+01
E 012 014 1.523e+01
E 012 015 3.612e+01
E 012 017 3.569e+01
E 012 018 5.500e+01
E 013 015 4.301e+01
E 014 016 8.868e+01
E 014 017 4.901e+01
E 014 018 4.920e+01
E 015 018 4.111e+01
E 015 019 4.640e+01
E 016 018 5.255e+01
E 017 018 8.855e+01
