N 000 015 022 8.090e-01
N 001 069 008 1.954e-02
N 002 080 034 7.327e-01
N 003 064 038 3.815e-02
N 004 043 060 1.963e-01
N 005 050 016 2.694e-01
N 006 093 052 3.406e-01
N 007 054 070 4.611e-01
N 008 076 051 5.718e-01
N 009 043 038 6.123e-01
N 010 042 008 9.089e-01
N 011 044 027 2.906e-01
N 012 086 039 8.934e-01
N 013 027 022 7.517e-01
N 014 083 009 3.669e-01
N 015 040 010 3.717e-01
N 016 069 064 6.888e-01
N 017 010 042 4.269e-01
N 018 041 011 9.410e-01
N 019 040 021 5.966e-01
E 000 008 6.754e+01
E 000 014 6.923e+01
E 000 012 7.301e+01
E 000 005 3.551e+01
E 000 006 8.357e+01
E 001 006 5.012e+01
E 001 009 3.970e+01
E 001 010 2.700e+01
E 001 013 4.427e+01
E 001 014 1.404e+01
E 001 015 2.907e+01
E 001 016 5.600e+01
E 001 019 3.178e+01
E 002 003 1.649e+01
E 002 004 4.522e+01
E 002 007 4.441e+01
E 002 008 1.746e+01
E 002 009 3.722e+01
E 002 010 4.604e+01
E 002 014 2.518e+01
E 002 015 4.665e+01
E 002 016 3.195e+01
E 003 005 2.608e+01
E 003 013 4.031e+01
E 003 014 3.467e+01
E 003 016 2.648e+01
E 003 018 3.547e+01
E 004 009 2.200e+01
E 004 011 3.302e+01
E 005 016 5.162e+01
E 006 008 1.703e+01
E 006 009 5.192e+01
E 006 010 6.736e+01
E 006 014 4.415e+01
E 006 017 8.360e+01
E 006 019 6.140e+01
E 007 016 1.616e+01
E 007 018 6.042e+01
E 007 011 4.415e+01
E 007 010 6.315e+01
E 008 009 3.547e+01
E 008 014 4.258e+01
E 008 019 4.686e+01
E 009 011 1.105e+01
E 009 013 2.263e+01
E 009 017 3.324e+01
E 010 012 5.382e+01
E 010 016 6.217e+01
E 010 017 4.669e+01
E 010 018 3.162e+00
E 012 013 6.140e+01
E 012 014 3.015e+01
E 012 017 7.606e+01
E 012 018 5.300e+01
E 012 019 4.940e+01
E 013 016 5.940e+01
E 014 016 5.675e+01
E 014 017 8.011e+01
E 014 018 4.205e+01
E 016 019 5.187e+01
