N 000 011 004 3.994e-01
N 001 069 060 7.541e-01
N 002 081 016 1.224e-01
N 003 088 031 5.183e-01
N 004 072 032 7.856e-01
N 005 037 020 9.188e-03
N 006 091 089 7.886e-01
N 007 072 021 9.830e-01
N 008 060 055 2.183e-01
N 009 001 037 6.150e-01
N 010 018 011 2.261e-01
N 011 026 088 7.527e-01
N 012 051 091 4.173e-01
N 013 081 054 1.016e-01
N 014 081 086 9.034e-01
N 015 017 028 5.291e-01
N 016 039 053 9.738e-01
N 017 089 087 2.195e-01
N 018 091 082 5.424e-01
N 019 055 062 8.217e-01
E 000 007 6.332e+01
E 000 008 7.072e+01
E 000 010 9.899e+00
E 000 012 9.575e+01
E 000 013 8.602e+01
E 000 014 1.078e+02
E 000 017 1.139e+02
E 001 009 7.178e+01
E 001 002 4.561e+01
E 001 019 1.414e+01
E 001 004 2.816e+01
E 001 014 2.864e+01
E 002 004 1.836e+01
E 002 006 7.368e+01
E 002 009 8.271e+01
E 002 010 6.320e+01
E 002 016 5.597e+01
E 002 017 7.145e+01
E 002 019 5.284e+01
E 003 010 7.280e+01
E 003 019 4.528e+01
E 003 013 2.404e+01
E 003 007 1.887e+01
E 004 005 3.700e+01
E 004 007 1.100e+01
E 004 008 2.594e+01
E 004 016 3.912e+01
E 005 006 8.762e+01
E 005 007 3.501e+01
E 005 010 2.102e+01
E 005 011 6.888e+01
E 005 013 5.561e+01
E 005 014 7.932e+01
E 005 018 8.222e+01
E 005 019 4.569e+01
E 006 013 3.640e+01
E 006 014 1.044e+01
E 006 015 9.590e+01
E 006 018 7.000e+00
E 007 015 5.544e+01
E 008 018 4.111e+01
E 008 019 8.602e+00
E 008 015 5.077e+01
E 009 011 5.680e+01
E 009 012 7.359e+01
E 009 010 3.106e+01
E 010 013 7.628e+01
E 010 015 1.703e+01
E 011 014 5.504e+01
E 011 015 6.067e+01
E 011 016 3.734e+01
E 011 018 6.528e+01
E 011 019 3.895e+01
E 012 018 4.100e+01
E 012 017 3.821e+01
E 013 019 2.720e+01
E 014 017 8.062e+00
E 015 017 9.309e+01
E 016 017 6.046e+01
E 018 019 4.118e+01
