N 000 017 090 8.045e-01
N 001 014 047 7.705e-02
N 002 069 055 6.983e-01
N 003 042 015 1.448e-01
N 004 022 008 1.340e-01
N 005 096 037 6.444e-01
N 006 008 083 4.872e-01
N 007 054 065 9.477e-01
N 008 080 057 2.057e-01
N 009 035 064 6.379e-01
N 010 041 024 5.852e-01
N 011 051 058 3.519e-01
N 012 007 025 5.780e-01
N 013 003 038 9.965e-01
N 014 077 042 6.498e-01
N 015 086 006 9.468e-01
N 016 080 010 8.584e-01
N 017 006 099 6.414e-01
N 018 037 081 5.642e-01
N 019 066 066 5.967e-01
E 000 001 4.310e+01
E 000 003 7.906e+01
E 000 009 3.162e+01
E 000 010 7.023e+01
E 000 011 4.669e+01
E 000 016 1.018e+02
E 000 018 2.193e+01
E 001 004 3.981e+01
E 001 005 8.261e+01
E 001 010 3.547e+01
E 001 011 3.860e+01
E 001 017 5.261e+01
E 002 005 3.245e+01
E 002 007 1.803e+01
E 002 009 3.517e+01
E 002 011 1.825e+01
E 002 012 6.888e+01
E 002 015 5.187e+01
E 002 017 7.684e+01
E 002 018 4.123e+01
E 003 005 5.831e+01
E 003 010 9.055e+00
E 003 011 4.393e+01
E 003 014 4.420e+01
E 003 019 5.636e+01
E 004 008 7.593e+01
E 004 009 5.749e+01
E 004 010 2.484e+01
E 004 013 3.551e+01
E 004 014 6.466e+01
E 004 018 7.453e+01
E 005 010 5.652e+01
E 005 012 8.981e+01
E 005 014 1.965e+01
E 005 015 3.257e+01
E 005 017 1.093e+02
E 005 018 7.360e+01
E 006 010 6.760e+01
E 006 015 1.096e+02
E 006 007 4.940e+01
E 008 016 4.700e+01
E 008 009 4.554e+01
E 008 011 2.902e+01
E 008 017 8.509e+01
E 009 010 4.045e+01
E 009 018 1.712e+01
E 010 014 4.025e+01
E 010 017 8.276e+01
E 010 018 5.714e+01
E 011 014 3.053e+01
E 011 015 6.268e+01
E 011 016 5.608e+01
E 011 017 6.088e+01
E 011 018 2.693e+01
E 012 018 6.353e+01
E 012 015 8.125e+01
E 012 013 1.360e+01
E 014 017 9.105e+01
E 016 019 5.772e+01
E 016 017 1.157e+02
