N 000 009 083 3.986e-01
N 001 021 024 5.550e-01
N 002 043 067 1.551e-03
N 003 065 082 7.197e-01
N 004 062 005 2.068e-02
N 005 065 086 6.770e-01
N 006 030 025 4.445e-02
N 007 027 001 4.720e-01
N 008 059 024 6.491e-02
N 009 024 048 9.971e-01
N 010 092 041 5.803e-01
N 011 063 066 8.618e-01
N 012 067 029 9.023e-01
N 013 055 084 3.052e-01
N 014 039 084 8.212e-01
N 015 044 090 8.052e-01
N 016 074 020 7.813e-01
N 017 082 084 6.994e-01
N 018 045 033 3.006e-01
N 019 066 007 3.258e-01
E 000 005 5.608e+01
E 000 013 4.601e+01
E 000 014 3.002e+01
E 000 015 3.569e+01
E 000 018 6.161e+01
E 000 019 9.500e+01
E 001 008 3.800e+01
E 001 003 7.280e+01
E 001 004 4.519e+01
E 001 013 6.896e+01
E 001 007 2.377e+01
E 002 017 4.254e+01
E 002 018 3.406e+01
E 002 012 4.494e+01
E 003 016 6.265e+01
E 003 019 7.501e+01
E 003 017 1.712e+01
E 003 015 2.247e+01
E 004 005 8.106e+01
E 004 008 1.924e+01
E 004 014 8.228e+01
E 004 015 8.688e+01
E 004 018 3.276e+01
E 005 007 9.311e+01
E 005 008 6.229e+01
E 005 011 2.010e+01
E 005 012 5.704e+01
E 005 019 7.901e+01
E 006 008 2.902e+01
E 006 015 6.649e+01
E 006 012 3.722e+01
E 006 013 6.408e+01
E 006 007 2.419e+01
E 007 009 4.710e+01
E 007 010 7.632e+01
E 007 011 7.430e+01
E 007 014 8.386e+01
E 007 018 3.672e+01
E 007 019 3.946e+01
E 008 016 1.552e+01
E 008 017 6.426e+01
E 009 016 5.731e+01
E 009 017 6.826e+01
E 009 012 4.701e+01
E 010 017 4.415e+01
E 010 018 4.768e+01
E 010 011 3.829e+01
E 011 012 3.722e+01
E 011 014 3.000e+01
E 011 016 4.730e+01
E 012 013 5.629e+01
E 012 018 2.236e+01
E 012 019 2.202e+01
E 013 014 1.600e+01
E 013 018 5.197e+01
E 014 018 5.135e+01
E 015 019 8.587e+01
E 016 017 6.450e+01
E 017 018 6.301e+01
E 017 019 7.864e+01
