N 000 018 096 6.977e-01
N 001 075 096 7.899e-02
N 002 088 091 6.994e-01
N 003 084 040 1.584e-01
N 004 090 012 6.386e-01
N 005 039 067 8.382e-01
N 006 022 080 9.597e-01
N 007 042 080 2.994e-01
N 008 081 048 1.209e-01
N 009 081 079 6.777e-01
N 010 053 074 2.804e-01
N 011 030 006 1.410e-01
N 012 004 004 5.274e-01
N 013 094 046 6.737e-03
N 014 099 079 8.193e-01
N 015 067 067 4.348e-01
N 016 029 048 1.580e-01
N 017 070 019 2.261e-01
N 018 055 036 8.366e-01
N 019 087 083 9.663e-01
E 000 003 8.656e+01
E 000 004 1.106e+02
E 000 009 6.525e+01
E 000 014 8.276e+01
E 000 016 4.924e+01
E 000 017 9.291e+01
E 000 019 7.021e+01
E 001 018 6.325e+01
E 001 011 1.006e+02
E 001 004 8.533e+01
E 001 014 2.941e+01
E 001 006 5.536e+01
E 002 008 4.357e+01
E 002 013 4.540e+01
E 002 015 3.189e+01
E 003 005 5.248e+01
E 003 007 5.800e+01
E 003 008 8.544e+00
E 003 012 8.773e+01
E 003 014 4.179e+01
E 004 005 7.501e+01
E 004 010 7.220e+01
E 004 015 5.962e+01
E 004 016 7.083e+01
E 005 008 4.610e+01
E 005 009 4.368e+01
E 005 015 2.800e+01
E 005 016 2.147e+01
E 005 017 5.714e+01
E 005 018 3.489e+01
E 006 011 7.443e+01
E 006 012 7.810e+01
E 006 013 7.962e+01
E 006 016 3.276e+01
E 006 018 5.500e+01
E 006 019 6.507e+01
E 007 013 6.213e+01
E 008 013 1.315e+01
E 008 016 5.200e+01
E 008 018 2.864e+01
E 009 017 6.100e+01
E 009 018 5.025e+01
E 009 014 1.800e+01
E 010 017 5.757e+01
E 010 011 7.178e+01
E 011 012 2.608e+01
E 011 015 7.134e+01
E 011 018 3.905e+01
E 012 019 1.146e+02
E 012 014 1.210e+02
E 013 016 6.503e+01
E 013 017 3.612e+01
E 013 019 3.766e+01
E 014 018 6.152e+01
E 015 016 4.249e+01
E 015 017 4.809e+01
E 015 019 2.561e+01
E 016 017 5.022e+01
E 016 019 6.774e+01
E 017 018 2.267e+01
