N 000 010 026 3.212e-01
N 001 032 002 9.028e-01
N 002 004 056 3.939e-01
N 003 055 038 1.166e-01
N 004 017 076 4.141e-01
N 005 010 058 3.225e-02
N 006 083 022 2.124e-01
N 007 000 052 1.758e-01
N 008 019 049 1.531e-03
N 009 013 088 4.528e-01
N 010 051 054 9.820e-01
N 011 075 017 3.959e-01
N 012 068 036 2.619e-01
N 013 001 034 7.477e-01
N 014 088 094 6.256e-01
N 015 077 005 3.539e-01
N 016 033 008 6.027e-01
N 017 023 081 2.611e-01
N 018 023 005 4.863e-01
N 019 098 025 5.581e-01
E 000 008 2.470e+01
E 000 016 2.921e+01
E 000 010 4.965e+01
E 000 004 5.049e+01
E 000 018 2.470e+01
E 001 002 6.083e+01
E 001 006 5.478e+01
E 001 009 8.807e+01
E 001 010 5.536e+01
E 001 013 4.455e+01
E 001 014 1.077e+02
E 001 019 6.989e+01
E 002 005 6.325e+00
E 002 006 8.601e+01
E 002 010 4.704e+01
E 002 011 8.101e+01
E 002 019 9.898e+01
E 003 005 4.924e+01
E 003 006 3.225e+01
E 003 008 3.764e+01
E 003 013 5.415e+01
E 003 014 6.500e+01
E 003 017 5.360e+01
E 003 018 4.597e+01
E 004 013 4.494e+01
E 004 006 8.528e+01
E 005 007 1.166e+01
E 005 009 3.015e+01
E 005 010 4.119e+01
E 005 011 7.685e+01
E 005 014 8.591e+01
E 005 018 5.457e+01
E 006 007 8.826e+01
E 006 011 9.434e+00
E 006 019 1.530e+01
E 007 008 1.924e+01
E 007 009 3.828e+01
E 007 011 8.276e+01
E 008 010 3.239e+01
E 008 011 6.450e+01
E 008 018 4.418e+01
E 008 019 8.257e+01
E 009 010 5.099e+01
E 009 017 1.221e+01
E 010 011 4.410e+01
E 010 012 2.476e+01
E 010 015 5.547e+01
E 010 016 4.940e+01
E 010 017 3.890e+01
E 010 018 5.644e+01
E 011 016 4.295e+01
E 011 017 8.246e+01
E 012 016 4.482e+01
E 012 017 6.364e+01
E 012 013 6.703e+01
E 013 017 5.189e+01
E 014 016 1.021e+02
E 015 017 9.323e+01
E 015 018 5.400e+01
E 018 019 7.762e+01
