N 000 066 034 3.157e-01
N 001 063 096 9.963e-02
N 002 077 066 5.021e-01
N 003 077 009 6.523e-01
N 004 065 015 1.939e-01
N 005 056 058 5.472e-01
N 006 062 081 9.674e-01
N 007 035 005 3.473e-01
N 008 011 043 8.390e-01
N 009 023 061 9.471e-02
N 010 096 070 5.949e-02
N 011 040 041 9.197e-01
N 012 047 019 4.496e-01
N 013 007 044 3.661e-01
N 014 065 007 9.947e-01
N 015 065 057 1.219e-01
N 016 046 072 2.116e-01
N 017 071 010 5.566e-01
N 018 040 037 2.099e-01
N 019 098 054 3.089e-01
E 000 008 5.573e+01
E 000 002 3.384e+01
E 000 018 2.617e+01
E 000 013 5.984e+01
E 001 002 3.311e+01
E 001 004 8.102e+01
E 001 008 7.425e+01
E 001 012 7.864e+01
E 001 014 8.902e+01
E 001 018 6.332e+01
E 002 003 5.700e+01
E 002 005 2.247e+01
E 002 006 2.121e+01
E 002 007 7.406e+01
E 002 012 5.576e+01
E 002 018 4.701e+01
E 002 019 2.419e+01
E 003 007 4.219e+01
E 003 008 7.424e+01
E 003 010 6.389e+01
E 003 014 1.217e+01
E 003 016 7.021e+01
E 003 018 4.640e+01
E 004 016 6.008e+01
E 004 019 5.109e+01
E 004 012 1.844e+01
E 005 007 5.701e+01
E 005 011 2.335e+01
E 005 013 5.096e+01
E 005 014 5.179e+01
E 005 015 9.055e+00
E 005 016 1.720e+01
E 005 017 5.029e+01
E 005 018 2.640e+01
E 006 008 6.360e+01
E 006 017 7.157e+01
E 006 019 4.500e+01
E 007 009 5.727e+01
E 007 010 8.914e+01
E 007 014 3.007e+01
E 007 018 3.239e+01
E 008 014 6.490e+01
E 009 017 7.004e+01
E 009 019 7.533e+01
E 009 012 4.837e+01
E 010 012 7.072e+01
E 010 016 5.004e+01
E 010 017 6.500e+01
E 010 018 6.500e+01
E 011 017 4.384e+01
E 011 019 5.944e+01
E 011 013 3.314e+01
E 012 013 4.717e+01
E 012 016 5.301e+01
E 012 017 2.563e+01
E 013 014 6.880e+01
E 013 019 9.155e+01
E 015 017 4.738e+01
E 016 017 6.685e+01
E 018 019 6.044e+01
