N 000 091 064 8.779e-01
N 001 015 082 5.409e-02
N 002 055 067 4.519e-01
N 003 048 010 3.278e-01
N 004 045 049 1.127e-01
N 005 065 004 3.152e-01
N 006 038 005 4.663e-01
N 007 013 062 8.552e-01
N 008 097 058 7.185e-01
N 009 046 077 5.545e-01
N 010 004 018 6.827e-01
N 011 037 066 1.253e-01
N 012 043 095 3.277e-01
N 013 013 032 3.817e-01
N 014 057 075 1.310e-01
N 015 076 072 4.166e-02
N 016 076 022 3.504e-01
N 017 043 079 9.272e-01
N 018 037 063 8.080e-01
N 019 039 029 2.589e-01
E 000 003 6.903e+01
E 000 008 8.485e+00
E 000 011 5.404e+01
E 000 012 5.714e+01
E 000 013 8.431e+01
E 000 019 6.268e+01
E 001 006 8.036e+01
E 001 011 2.720e+01
E 001 012 3.087e+01
E 001 016 8.556e+01
E 001 017 2.816e+01
E 001 019 5.818e+01
E 002 019 4.123e+01
E 002 015 2.159e+01
E 002 012 3.046e+01
E 002 007 4.230e+01
E 003 016 3.046e+01
E 003 017 6.918e+01
E 003 015 6.803e+01
E 004 009 2.802e+01
E 004 012 4.604e+01
E 004 007 3.454e+01
E 005 006 2.702e+01
E 005 007 7.790e+01
E 005 008 6.277e+01
E 005 009 7.543e+01
E 005 010 6.259e+01
E 005 011 6.803e+01
E 005 015 6.888e+01
E 005 016 2.110e+01
E 006 007 6.224e+01
E 006 008 7.931e+01
E 006 012 9.014e+01
E 006 013 3.680e+01
E 006 015 7.703e+01
E 006 016 4.163e+01
E 007 010 4.491e+01
E 007 013 3.000e+01
E 007 017 3.448e+01
E 008 016 4.168e+01
E 008 011 6.053e+01
E 009 011 1.421e+01
E 009 014 1.118e+01
E 009 015 3.041e+01
E 009 016 6.265e+01
E 010 011 5.825e+01
E 011 015 3.946e+01
E 011 018 3.000e+00
E 012 014 2.441e+01
E 012 015 4.022e+01
E 012 016 8.011e+01
E 012 018 3.256e+01
E 012 019 6.612e+01
E 013 018 3.920e+01
E 013 014 6.152e+01
E 015 016 5.000e+01
E 015 017 3.373e+01
E 015 019 5.673e+01
E 016 017 6.586e+01
E 016 018 5.659e+01
