N 000 090 001 3.379e-01
N 001 048 026 1.563e-01
N 002 087 014 3.818e-01
N 003 032 015 8.379e-01
N 004 035 065 8.446e-01
N 005 043 070 8.328e-01
N 006 013 021 3.203e-01
N 007 065 084 5.274e-01
N 008 055 079 9.061e-01
N 009 044 060 3.206e-01
N 010 023 019 3.346e-02
N 011 099 068 3.347e-03
N 012 014 062 7.729e-01
N 013 020 053 5.285e-01
N 014 063 068 6.948e-01
N 015 081 035 8.108e-01
N 016 036 084 1.726e-01
N 017 009 059 7.496e-02
N 018 062 018 3.143e-01
N 019 051 083 3.936e-01
E 000 008 8.549e+01
E 000 012 9.745e+01
E 000 010 6.938e+01
E 000 011 6.760e+01
E 000 004 8.439e+01
E 001 003 1.942e+01
E 001 005 4.428e+01
E 001 009 3.423e+01
E 001 012 4.952e+01
E 001 016 5.923e+01
E 001 019 5.708e+01
E 002 003 5.501e+01
E 002 005 7.122e+01
E 002 009 6.297e+01
E 002 013 7.752e+01
E 002 016 8.661e+01
E 002 019 7.783e+01
E 003 006 1.992e+01
E 003 009 4.657e+01
E 003 010 9.849e+00
E 003 012 5.033e+01
E 003 019 7.060e+01
E 004 008 2.441e+01
E 004 017 2.668e+01
E 004 006 4.919e+01
E 004 016 1.903e+01
E 005 008 1.500e+01
E 005 010 5.478e+01
E 005 012 3.008e+01
E 005 014 2.010e+01
E 005 015 5.166e+01
E 005 016 1.565e+01
E 005 019 1.526e+01
E 006 009 4.982e+01
E 006 014 6.862e+01
E 007 009 3.189e+01
E 007 013 5.464e+01
E 008 010 6.800e+01
E 008 014 1.360e+01
E 008 017 5.016e+01
E 008 018 6.140e+01
E 009 011 5.558e+01
E 009 014 2.062e+01
E 009 015 4.465e+01
E 010 014 6.325e+01
E 010 015 6.017e+01
E 010 016 6.629e+01
E 010 018 3.901e+01
E 010 019 6.986e+01
E 011 013 8.041e+01
E 011 017 9.045e+01
E 012 015 7.224e+01
E 012 019 4.254e+01
E 013 018 5.467e+01
E 014 015 3.759e+01
E 015 019 5.660e+01
E 016 017 3.680e+01
E 016 018 7.094e+01
E 017 018 6.701e+01
E 018 019 6.592e+01
