N 000 075 092 5.304e-01
N 001 084 079 6.696e-01
N 002 059 031 6.587e-01
N 003 020 022 4.835e-01
N 004 093 021 6.386e-01
N 005 068 008 1.925e-01
N 006 048 038 3.733e-01
N 007 073 069 4.031e-01
N 008 053 007 5.872e-01
N 009 035 011 3.978e-01
N 010 036 009 7.135e-01
N 011 051 031 7.429e-01
N 012 083 046 5.710e-01
N 013 066 043 9.569e-01
N 014 025 072 7.012e-01
N 015 082 060 2.442e-01
N 016 041 092 1.037e-01
N 017 098 086 4.295e-01
N 018 067 035 7.469e-01
N 019 065 048 8.561e-01
E 000 004 7.325e+01
E 000 005 8.429e+01
E 000 010 9.171e+01
E 000 012 4.669e+01
E 000 013 4.982e+01
E 000 018 5.756e+01
E 000 019 4.512e+01
E 001 008 7.839e+01
E 001 017 1.565e+01
E 001 002 5.412e+01
E 001 014 5.941e+01
E 001 007 1.487e+01
E 002 007 4.050e+01
E 002 009 3.124e+01
E 002 010 3.183e+01
E 002 013 1.389e+01
E 002 014 5.326e+01
E 002 015 3.701e+01
E 002 018 8.944e+00
E 003 005 5.000e+01
E 003 008 3.625e+01
E 003 011 3.228e+01
E 003 015 7.272e+01
E 003 016 7.308e+01
E 003 017 1.009e+02
E 003 019 5.197e+01
E 004 008 4.238e+01
E 004 019 3.890e+01
E 004 005 2.818e+01
E 004 015 4.052e+01
E 005 007 6.120e+01
E 005 010 3.202e+01
E 005 011 2.860e+01
E 005 015 5.385e+01
E 005 018 2.702e+01
E 006 009 2.997e+01
E 007 016 3.941e+01
E 008 010 1.712e+01
E 008 012 4.920e+01
E 008 014 7.077e+01
E 009 017 9.795e+01
E 009 011 2.561e+01
E 009 018 4.000e+01
E 010 012 5.982e+01
E 010 014 6.395e+01
E 010 017 9.886e+01
E 011 013 1.921e+01
E 011 014 4.855e+01
E 011 018 1.649e+01
E 011 019 2.202e+01
E 012 014 6.356e+01
E 012 017 4.272e+01
E 012 019 1.811e+01
E 013 015 2.335e+01
E 013 018 8.062e+00
E 013 019 5.099e+00
E 014 017 7.433e+01
E 014 018 5.597e+01
E 014 019 4.665e+01
E 016 018 6.265e+01
