N 000 067 058 4.650e-01
N 001 069 009 6.527e-01
N 002 061 061 6.729e-02
N 003 033 013 4.477e-01
N 004 027 084 2.491e-02
N 005 016 068 4.606e-01
N 006 091 017 4.034e-01
N 007 067 003 1.683e-01
N 008 082 068 8.345e-01
N 009 060 013 8.076e-01
N 010 046 072 2.084e-01
N 011 041 073 4.199e-01
N 012 022 002 6.281e-02
N 013 048 001 2.007e-01
N 014 078 066 7.634e-01
N 015 019 025 5.797e-01
N 016 087 012 3.019e-01
N 017 067 077 5.842e-01
N 018 087 074 3.588e-01
N 019 069 065 5.378e-01
E 000 004 4.771e+01
E 000 005 5.197e+01
E 000 006 4.751e+01
E 000 007 5.500e+01
E 000 013 6.008e+01
E 000 014 1.360e+01
E 000 018 2.561e+01
E 000 019 7.280e+00
E 001 008 6.042e+01
E 001 010 6.707e+01
E 001 011 6.986e+01
E 001 005 7.931e+01
E 001 007 6.325e+00
E 002 008 2.214e+01
E 002 016 5.547e+01
E 002 003 5.557e+01
E 002 013 6.139e+01
E 002 017 1.709e+01
E 003 004 7.125e+01
E 003 005 5.757e+01
E 003 007 3.544e+01
E 003 010 6.042e+01
E 003 011 6.053e+01
E 003 012 1.556e+01
E 003 015 1.844e+01
E 003 018 8.147e+01
E 003 019 6.325e+01
E 004 007 9.034e+01
E 004 010 2.247e+01
E 004 012 8.215e+01
E 004 015 5.954e+01
E 004 018 6.083e+01
E 005 006 9.070e+01
E 005 008 6.600e+01
E 005 009 7.043e+01
E 006 008 5.179e+01
E 006 014 5.070e+01
E 007 008 6.671e+01
E 007 013 1.910e+01
E 008 010 3.622e+01
E 008 012 8.920e+01
E 008 016 5.622e+01
E 009 016 2.702e+01
E 009 011 6.294e+01
E 009 014 5.597e+01
E 010 013 7.103e+01
E 010 014 3.256e+01
E 010 016 7.267e+01
E 011 012 7.350e+01
E 011 013 7.234e+01
E 011 014 3.766e+01
E 011 016 7.640e+01
E 012 015 2.319e+01
E 012 017 8.746e+01
E 012 018 9.700e+01
E 013 015 3.764e+01
E 013 018 8.276e+01
E 014 016 5.474e+01
E 015 017 7.077e+01
E 015 018 8.382e+01
