N 000 077 032 9.386e-01
N 001 023 036 2.001e-01
N 002 083 009 7.006e-01
N 003 066 036 3.848e-01
N 004 022 087 6.842e-01
N 005 026 092 4.083e-01
N 006 057 083 9.500e-01
N 007 085 057 7.951e-01
N 008 011 030 5.717e-01
N 009 025 022 3.180e-01
N 010 043 035 6.823e-01
N 011 083 046 3.870e-01
N 012 078 018 5.007e-01
N 013 079 027 3.903e-01
N 014 013 064 4.118e-01
N 015 041 006 6.000e-01
N 016 001 044 6.698e-01
N 017 067 081 5.517e-02
N 018 086 044 4.722e-01
N 019 080 052 9.995e-01
E 000 007 2.625e+01
E 000 008 6.603e+01
E 000 010 3.413e+01
E 000 011 1.523e+01
E 000 012 1.404e+01
E 000 013 5.385e+00
E 000 014 7.155e+01
E 000 017 5.001e+01
E 000 018 1.500e+01
E 001 008 1.342e+01
E 001 009 1.414e+01
E 001 004 5.101e+01
E 001 006 5.801e+01
E 002 011 3.700e+01
E 002 017 7.376e+01
E 002 003 3.191e+01
E 002 012 1.030e+01
E 002 015 4.211e+01
E 003 006 4.785e+01
E 003 015 3.905e+01
E 004 009 6.507e+01
E 004 010 5.608e+01
E 004 014 2.470e+01
E 004 015 8.320e+01
E 004 018 7.710e+01
E 005 009 7.001e+01
E 005 010 5.948e+01
E 005 011 7.325e+01
E 005 012 9.044e+01
E 005 015 8.730e+01
E 005 016 5.412e+01
E 006 012 6.831e+01
E 007 013 3.059e+01
E 008 009 1.612e+01
E 008 010 3.239e+01
E 008 011 7.376e+01
E 008 012 6.807e+01
E 008 015 3.842e+01
E 008 016 1.720e+01
E 008 017 7.574e+01
E 008 018 7.630e+01
E 008 019 7.242e+01
E 009 011 6.277e+01
E 009 012 5.315e+01
E 009 013 5.423e+01
E 009 015 2.263e+01
E 010 016 4.295e+01
E 011 012 2.844e+01
E 011 014 7.228e+01
E 011 019 6.708e+00
E 012 013 9.055e+00
E 012 015 3.890e+01
E 013 016 7.983e+01
E 014 015 6.440e+01
E 014 018 7.569e+01
E 014 019 6.807e+01
E 015 016 5.517e+01
E 016 018 8.500e+01
E 016 019 7.940e+01
E 017 019 3.178e+01
