N 000 096 003 6.656e-01
N 001 089 040 8.771e-01
N 002 057 043 5.026e-01
N 003 034 003 5.195e-01
N 004 059 093 1.858e-01
N 005 006 057 9.543e-02
N 006 065 075 9.429e-01
N 007 086 030 3.700e-01
N 008 044 041 8.403e-01
N 009 027 030 7.067e-01
N 010 014 018 2.495e-01
N 011 036 009 4.317e-01
N 012 040 029 2.050e-01
N 013 066 049 7.669e-01
N 014 072 064 8.945e-01
N 015 051 002 5.102e-01
N 016 083 005 6.146e-02
N 017 047 021 3.282e-01
N 018 008 082 5.870e-01
N 019 070 080 3.115e-01
E 000 003 6.200e+01
E 000 004 9.731e+01
E 000 005 1.050e+02
E 000 007 2.879e+01
E 000 009 7.409e+01
E 000 010 8.336e+01
E 000 015 4.501e+01
E 001 004 6.090e+01
E 001 007 1.044e+01
E 001 009 6.280e+01
E 001 013 2.470e+01
E 001 014 2.941e+01
E 001 016 3.551e+01
E 002 017 2.417e+01
E 002 011 3.996e+01
E 003 005 6.083e+01
E 003 007 5.859e+01
E 003 010 2.500e+01
E 003 017 2.220e+01
E 003 018 8.317e+01
E 004 005 6.407e+01
E 004 007 6.854e+01
E 004 010 8.746e+01
E 004 013 4.455e+01
E 004 014 3.178e+01
E 004 017 7.299e+01
E 004 019 1.703e+01
E 005 009 3.421e+01
E 005 010 3.981e+01
E 005 011 5.660e+01
E 005 014 6.637e+01
E 006 016 7.228e+01
E 006 009 5.890e+01
E 006 012 5.235e+01
E 006 015 7.433e+01
E 007 008 4.342e+01
E 007 010 7.299e+01
E 007 016 2.518e+01
E 007 017 4.002e+01
E 007 018 9.374e+01
E 008 009 2.025e+01
E 008 018 5.456e+01
E 008 015 3.962e+01
E 009 012 1.304e+01
E 009 013 4.338e+01
E 009 018 5.536e+01
E 010 013 6.054e+01
E 010 014 7.403e+01
E 010 016 7.021e+01
E 010 018 6.428e+01
E 011 017 1.628e+01
E 011 019 7.872e+01
E 012 016 4.924e+01
E 013 016 4.717e+01
E 014 016 6.002e+01
E 014 017 4.974e+01
E 014 018 6.648e+01
E 015 016 3.214e+01
E 017 018 7.240e+01
E 017 019 6.332e+01
