N 000 094 087 6.218e-01
N 001 064 080 9.841e-01
N 002 042 088 9.409e-01
N 003 065 017 7.255e-01
N 004 085 059 1.066e-01
N 005 035 087 7.773e-01
N 006 021 015 8.850e-01
N 007 017 080 1.675e-01
N 008 025 052 3.420e-01
N 009 068 072 8.268e-01
N 010 026 070 2.168e-01
N 011 075 047 7.997e-01
N 012 011 073 9.341e-01
N 013 000 027 8.646e-01
N 014 073 036 2.942e-01
N 015 071 018 3.925e-01
N 016 026 094 4.958e-01
N 017 071 097 8.343e-01
N 018 096 035 7.980e-01
N 019 003 044 2.801e-01
E 000 008 7.737e+01
E 000 018 5.204e+01
E 000 019 1.006e+02
E 001 003 6.301e+01
E 001 007 4.700e+01
E 001 008 4.801e+01
E 001 010 3.929e+01
E 001 017 1.838e+01
E 001 018 5.522e+01
E 001 019 7.083e+01
E 002 003 7.463e+01
E 002 004 5.187e+01
E 002 010 2.408e+01
E 002 014 6.054e+01
E 002 015 7.577e+01
E 002 016 1.709e+01
E 002 018 7.566e+01
E 003 005 7.616e+01
E 003 007 7.920e+01
E 003 010 6.580e+01
E 003 016 8.631e+01
E 004 006 7.767e+01
E 004 010 6.002e+01
E 004 011 1.562e+01
E 004 013 9.082e+01
E 004 016 6.860e+01
E 004 017 4.050e+01
E 004 018 2.640e+01
E 005 006 7.335e+01
E 005 007 1.931e+01
E 005 010 1.924e+01
E 005 013 6.946e+01
E 005 014 6.360e+01
E 005 018 8.016e+01
E 005 019 5.360e+01
E 006 007 6.512e+01
E 006 008 3.722e+01
E 006 014 5.608e+01
E 006 018 7.762e+01
E 006 019 3.413e+01
E 007 008 2.912e+01
E 007 014 7.122e+01
E 007 016 1.664e+01
E 008 015 5.720e+01
E 008 016 4.201e+01
E 008 019 2.341e+01
E 009 019 7.077e+01
E 010 012 1.530e+01
E 010 015 6.877e+01
E 010 017 5.248e+01
E 012 018 9.311e+01
E 012 013 4.730e+01
E 012 015 8.139e+01
E 013 014 7.355e+01
E 013 015 7.157e+01
E 013 018 9.633e+01
E 015 016 8.832e+01
E 015 018 3.023e+01
E 015 019 7.280e+01
E 017 019 8.621e+01
