N 000 011 012 9.045e-01
N 001 042 074 7.755e-01
N 002 010 059 9.180e-01
N 003 094 007 1.601e-01
N 004 041 032 8.598e-01
N 005 071 025 3.530e-01
N 006 020 035 2.924e-01
N 007 067 064 1.058e-01
N 008 007 071 3.561e-01
N 009 045 056 2.530e-01
N 010 090 081 4.782e-01
N 011 027 068 8.553e-01
N 012 018 089 5.880e-01
N 013 027 072 1.349e-01
N 014 050 071 6.080e-01
N 015 075 010 2.047e-01
N 016 090 079 6.046e-01
N 017 075 078 2.097e-02
N 018 016 055 6.339e-01
N 019 094 053 9.437e-01
E 000 002 4.701e+01
E 000 011 5.824e+01
E 000 012 7.732e+01
E 000 013 6.210e+01
E 000 015 6.403e+01
E 000 019 9.257e+01
E 001 017 3.324e+01
E 001 004 4.201e+01
E 001 005 5.694e+01
E 001 014 8.544e+00
E 001 015 7.201e+01
E 002 009 3.513e+01
E 002 018 7.211e+00
E 002 014 4.176e+01
E 002 016 8.246e+01
E 003 009 6.930e+01
E 003 010 7.411e+01
E 003 019 4.600e+01
E 003 004 5.860e+01
E 003 015 1.924e+01
E 004 005 3.081e+01
E 004 007 4.123e+01
E 004 011 3.863e+01
E 004 015 4.050e+01
E 005 006 5.197e+01
E 005 008 7.882e+01
E 005 009 4.046e+01
E 005 012 8.310e+01
E 005 016 5.725e+01
E 006 009 3.265e+01
E 006 010 8.376e+01
E 006 019 7.616e+01
E 006 013 3.766e+01
E 007 008 6.041e+01
E 007 012 5.501e+01
E 007 018 5.179e+01
E 007 016 2.746e+01
E 008 009 4.085e+01
E 008 011 2.022e+01
E 008 012 2.110e+01
E 009 010 5.148e+01
E 009 011 2.163e+01
E 009 013 2.408e+01
E 009 014 1.581e+01
E 009 015 5.492e+01
E 010 011 6.433e+01
E 010 019 2.828e+01
E 011 016 6.395e+01
E 012 013 1.924e+01
E 012 015 9.742e+01
E 012 019 8.410e+01
E 013 014 2.302e+01
E 013 015 7.841e+01
E 013 019 6.964e+01
E 015 018 7.420e+01
E 015 019 4.701e+01
E 016 017 1.503e+01
E 016 018 7.779e+01
E 016 019 2.631e+01
E 017 018 6.332e+01
