N 000 057 047 6.815e-01
N 001 097 096 5.671e-02
N 002 018 000 1.751e-01
N 003 003 037 2.475e-01
N 004 028 009 2.510e-01
N 005 030 013 2.557e-01
N 006 033 041 6.872e-01
N 007 050 067 7.450e-01
N 008 091 086 4.104e-01
N 009 097 067 7.766e-02
N 010 097 054 6.948e-01
N 011 054 005 5.289e-02
N 012 098 048 5.638e-01
N 013 043 015 8.582e-01
N 014 045 097 7.948e-01
N 015 022 031 5.258e-01
N 016 092 068 6.991e-01
N 017 072 068 9.672e-01
N 018 090 096 9.039e-01
N 019 027 003 8.746e-01
E 000 016 4.082e+01
E 000 009 4.472e+01
E 000 019 5.325e+01
E 000 005 4.342e+01
E 001 008 1.166e+01
E 001 009 2.900e+01
E 001 010 4.200e+01
E 001 015 9.925e+01
E 001 016 2.844e+01
E 001 018 7.000e+00
E 002 006 4.366e+01
E 002 007 7.425e+01
E 002 008 1.128e+02
E 002 012 9.330e+01
E 002 014 1.007e+02
E 002 016 1.005e+02
E 002 017 8.683e+01
E 003 008 1.007e+02
E 003 017 7.564e+01
E 003 010 9.552e+01
E 003 015 1.992e+01
E 004 008 9.949e+01
E 004 016 8.705e+01
E 004 014 8.963e+01
E 004 007 6.203e+01
E 005 008 9.513e+01
E 005 015 1.970e+01
E 005 014 8.533e+01
E 005 007 5.758e+01
E 006 008 7.341e+01
E 006 009 6.908e+01
E 006 011 4.168e+01
E 006 013 2.786e+01
E 006 016 6.488e+01
E 007 009 4.700e+01
E 007 011 6.213e+01
E 007 014 3.041e+01
E 007 016 4.201e+01
E 008 010 3.256e+01
E 008 011 8.905e+01
E 008 013 8.570e+01
E 008 019 1.048e+02
E 009 012 1.903e+01
E 009 014 6.003e+01
E 010 016 1.487e+01
E 011 017 6.552e+01
E 011 018 9.786e+01
E 012 016 2.088e+01
E 012 013 6.414e+01
E 012 017 3.280e+01
E 013 015 2.640e+01
E 013 016 7.218e+01
E 013 018 9.365e+01
E 014 016 5.523e+01
E 014 018 4.501e+01
E 014 019 9.571e+01
E 015 018 9.407e+01
E 015 019 2.844e+01
E 016 017 2.000e+01
E 017 019 7.906e+01
