N 000 065 010 3.685e-01
N 001 007 023 6.862e-01
N 002 044 014 9.669e-01
N 003 058 011 7.544e-01
N 004 074 022 6.698e-01
N 005 012 043 6.398e-01
N 006 025 031 5.438e-01
N 007 006 084 2.517e-01
N 008 039 021 4.199e-01
N 009 016 027 4.882e-01
N 010 087 085 2.969e-01
N 011 094 039 7.286e-01
N 012 042 078 2.023e-01
N 013 084 091 9.793e-01
N 014 071 051 6.702e-01
N 015 013 006 9.589e-01
N 016 048 008 8.274e-01
N 017 017 060 3.150e-01
N 018 044 035 8.988e-01
N 019 081 087 4.700e-01
E 000 001 5.944e+01
E 000 019 7.864e+01
E 000 004 1.500e+01
E 000 005 6.243e+01
E 000 009 5.187e+01
E 001 003 5.239e+01
E 001 004 6.701e+01
E 001 006 1.970e+01
E 001 008 3.206e+01
E 001 015 1.803e+01
E 002 010 8.301e+01
E 002 018 2.100e+01
E 002 012 6.403e+01
E 002 005 4.319e+01
E 002 014 4.580e+01
E 003 008 2.147e+01
E 003 019 7.940e+01
E 003 006 3.859e+01
E 003 015 4.528e+01
E 004 006 4.982e+01
E 004 010 6.433e+01
E 004 011 2.625e+01
E 004 015 6.306e+01
E 004 016 2.953e+01
E 005 007 4.144e+01
E 005 008 3.483e+01
E 005 009 1.649e+01
E 005 013 8.653e+01
E 005 017 1.772e+01
E 006 007 5.630e+01
E 006 011 6.946e+01
E 006 014 5.016e+01
E 006 015 2.773e+01
E 006 019 7.920e+01
E 007 010 8.101e+01
E 007 015 7.831e+01
E 007 016 8.683e+01
E 007 017 2.640e+01
E 007 019 7.506e+01
E 008 011 5.787e+01
E 008 013 8.322e+01
E 008 017 4.478e+01
E 008 019 7.823e+01
E 009 010 9.168e+01
E 009 011 7.892e+01
E 009 014 6.001e+01
E 009 016 3.722e+01
E 009 018 2.912e+01
E 010 014 3.758e+01
E 010 015 1.082e+02
E 010 018 6.595e+01
E 011 013 5.295e+01
E 011 016 5.547e+01
E 012 016 7.026e+01
E 012 019 4.002e+01
E 013 014 4.206e+01
E 014 019 3.736e+01
E 015 016 3.506e+01
E 015 019 1.058e+02
E 016 017 6.054e+01
