N 000 004 024 4.983e-01
N 001 081 026 9.728e-01
N 002 086 011 1.653e-01
N 003 016 058 1.287e-01
N 004 020 043 1.202e-01
N 005 071 057 5.738e-01
N 006 000 034 5.652e-01
N 007 087 035 2.899e-01
N 008 052 032 2.428e-01
N 009 034 034 1.397e-01
N 010 060 092 8.587e-02
N 011 012 083 7.476e-02
N 012 064 082 4.770e-02
N 013 026 033 4.756e-01
N 014 074 092 8.199e-01
N 015 042 057 3.078e-01
N 016 038 013 4.194e-02
N 017 052 082 3.581e-01
N 018 052 051 4.842e-01
N 019 083 073 4.378e-01
E 000 001 7.703e+01
E 000 003 3.606e+01
E 000 006 1.077e+01
E 000 011 5.954e+01
E 000 012 8.345e+01
E 000 014 9.759e+01
E 000 015 5.033e+01
E 000 017 7.529e+01
E 000 018 5.507e+01
E 001 004 6.332e+01
E 001 011 8.950e+01
E 001 013 5.544e+01
E 001 016 4.492e+01
E 001 017 6.306e+01
E 001 019 4.704e+01
E 002 015 6.366e+01
E 002 003 8.431e+01
E 002 004 7.335e+01
E 002 007 2.402e+01
E 003 004 1.552e+01
E 003 008 4.441e+01
E 003 009 3.000e+01
E 003 012 5.367e+01
E 003 015 2.602e+01
E 003 016 5.009e+01
E 004 015 2.608e+01
E 005 011 6.447e+01
E 006 016 4.342e+01
E 006 010 8.345e+01
E 006 013 2.602e+01
E 006 015 4.789e+01
E 007 010 6.307e+01
E 007 012 5.233e+01
E 007 013 6.103e+01
E 007 014 5.846e+01
E 007 015 5.009e+01
E 007 017 5.860e+01
E 007 018 3.848e+01
E 007 019 3.821e+01
E 008 016 2.360e+01
E 009 010 6.356e+01
E 009 012 5.660e+01
E 009 013 8.062e+00
E 009 014 7.046e+01
E 009 017 5.126e+01
E 010 012 1.077e+01
E 010 016 8.201e+01
E 010 019 2.983e+01
E 012 018 3.324e+01
E 013 014 7.606e+01
E 013 017 5.547e+01
E 013 018 3.162e+01
E 013 019 6.963e+01
E 014 017 2.417e+01
E 014 018 4.653e+01
E 015 019 4.401e+01
E 016 017 7.041e+01
E 016 018 4.050e+01
E 016 019 7.500e+01
E 017 019 3.228e+01
