N 000 094 034 3.956e-01
N 001 012 071 4.627e-01
N 002 006 050 9.560e-01
N 003 096 083 6.201e-01
N 004 011 046 4.679e-01
N 005 087 002 5.063e-01
N 006 068 046 8.408e-01
N 007 081 008 8.771e-02
N 008 044 083 5.776e-02
N 009 015 090 7.359e-01
N 010 088 055 2.987e-01
N 011 040 068 5.594e-01
N 012 003 007 5.824e-01
N 013 025 095 8.115e-01
N 014 003 065 4.764e-01
N 015 051 052 2.382e-01
N 016 068 065 4.614e-01
N 017 061 091 5.614e-01
N 018 040 016 1.711e-01
N 019 027 079 1.904e-01
E 000 003 4.904e+01
E 000 004 8.386e+01
E 000 007 2.907e+01
E 000 008 7.001e+01
E 000 010 2.184e+01
E 000 011 6.381e+01
E 000 012 9.492e+01
E 001 011 2.816e+01
E 001 003 8.485e+01
E 001 012 6.463e+01
E 001 005 1.019e+02
E 001 014 1.082e+01
E 002 003 9.586e+01
E 002 008 5.033e+01
E 002 012 4.310e+01
E 002 016 6.379e+01
E 002 017 6.860e+01
E 002 019 3.581e+01
E 003 005 8.150e+01
E 003 008 5.200e+01
E 003 010 2.912e+01
E 003 014 9.473e+01
E 004 005 8.782e+01
E 004 008 4.958e+01
E 004 009 4.418e+01
E 004 011 3.640e+01
E 004 015 4.045e+01
E 004 016 6.008e+01
E 005 007 8.485e+00
E 005 008 9.171e+01
E 005 009 1.137e+02
E 005 010 5.301e+01
E 005 015 6.161e+01
E 006 016 1.900e+01
E 006 009 6.888e+01
E 006 010 2.193e+01
E 006 017 4.554e+01
E 007 008 8.363e+01
E 007 010 4.752e+01
E 007 013 1.035e+02
E 007 017 8.538e+01
E 008 011 1.552e+01
E 008 018 6.712e+01
E 009 010 8.096e+01
E 009 013 1.118e+01
E 009 014 2.773e+01
E 009 015 5.235e+01
E 009 016 5.860e+01
E 009 017 4.601e+01
E 010 012 9.762e+01
E 010 014 8.559e+01
E 010 017 4.500e+01
E 011 014 3.712e+01
E 011 016 2.816e+01
E 011 017 3.114e+01
E 012 017 1.021e+02
E 013 015 5.025e+01
E 014 016 6.500e+01
E 014 017 6.356e+01
E 016 018 5.644e+01
