N 000 089 090 8.226e-01
N 001 018 019 8.694e-01
N 002 009 014 5.301e-01
N 003 075 034 3.975e-01
N 004 071 039 7.471e-01
N 005 077 000 7.676e-01
N 006 084 081 1.604e-01
N 007 093 043 4.097e-02
N 008 040 093 6.545e-01
N 009 027 097 1.282e-01
N 010 074 097 2.913e-01
N 011 067 079 5.600e-01
N 012 040 008 1.402e-01
N 013 033 014 7.978e-01
N 014 001 036 2.804e-01
N 015 070 083 4.133e-01
N 016 069 068 1.463e-02
N 017 037 057 7.563e-01
N 018 073 064 5.689e-01
N 019 084 018 9.184e-01
E 000 001 1.004e+02
E 000 019 7.217e+01
E 001 003 5.894e+01
E 001 004 5.665e+01
E 001 005 6.198e+01
E 001 009 7.852e+01
E 001 011 7.747e+01
E 001 012 2.460e+01
E 001 015 8.246e+01
E 001 017 4.249e+01
E 001 018 7.106e+01
E 002 008 8.486e+01
E 002 016 8.072e+01
E 002 013 2.400e+01
E 003 005 3.406e+01
E 003 011 4.571e+01
E 003 012 4.360e+01
E 003 016 3.453e+01
E 003 017 4.442e+01
E 003 018 3.007e+01
E 004 009 7.280e+01
E 004 017 3.847e+01
E 004 014 7.006e+01
E 004 007 2.236e+01
E 005 006 8.130e+01
E 005 012 3.785e+01
E 005 013 4.617e+01
E 005 018 6.412e+01
E 006 007 3.905e+01
E 006 008 4.561e+01
E 006 011 1.712e+01
E 006 012 8.523e+01
E 006 013 8.420e+01
E 006 014 9.441e+01
E 006 015 1.414e+01
E 007 013 6.664e+01
E 007 015 4.614e+01
E 007 016 3.466e+01
E 007 018 2.900e+01
E 008 009 1.360e+01
E 008 013 7.931e+01
E 008 014 6.907e+01
E 008 017 3.612e+01
E 009 013 8.322e+01
E 009 017 4.123e+01
E 010 016 2.943e+01
E 010 018 3.302e+01
E 010 019 7.963e+01
E 011 012 7.596e+01
E 011 013 7.336e+01
E 011 016 1.118e+01
E 013 015 7.829e+01
E 013 017 4.319e+01
E 013 018 6.403e+01
E 013 019 5.116e+01
E 014 016 7.515e+01
E 014 019 8.493e+01
E 015 018 1.924e+01
E 017 019 6.107e+01
E 018 019 4.730e+01
