N 000 019 049 5.850e-02
N 001 008 063 5.206e-01
N 002 066 056 3.347e-01
N 003 024 003 4.439e-01
N 004 059 065 2.770e-01
N 005 012 056 2.728e-01
N 006 039 093 4.357e-01
N 007 037 029 5.409e-01
N 008 052 056 8.122e-01
N 009 049 059 2.890e-01
N 010 038 017 1.643e-01
N 011 096 024 7.763e-01
N 012 088 038 6.326e-01
N 013 066 091 7.910e-01
N 014 070 097 8.208e-01
N 015 051 069 4.361e-01
N 016 080 056 7.758e-01
N 017 027 010 3.660e-01
N 018 042 027 8.947e-01
N 019 037 035 2.197e-01
E 000 006 4.833e+01
E 000 008 3.373e+01
E 000 012 6.987e+01
E 000 015 3.774e+01
E 000 017 3.981e+01
E 000 018 3.183e+01
E 001 002 5.842e+01
E 001 003 6.210e+01
E 001 005 8.062e+00
E 001 007 4.469e+01
E 001 008 4.455e+01
E 001 009 4.119e+01
E 001 014 7.071e+01
E 001 016 7.234e+01
E 001 018 4.952e+01
E 002 008 1.400e+01
E 002 010 4.801e+01
E 002 012 2.843e+01
E 002 009 1.726e+01
E 003 009 6.133e+01
E 003 012 7.295e+01
E 003 014 1.047e+02
E 003 016 7.710e+01
E 003 018 3.000e+01
E 003 019 3.454e+01
E 004 006 3.441e+01
E 004 008 1.140e+01
E 004 009 1.166e+01
E 004 010 5.239e+01
E 004 012 3.962e+01
E 004 014 3.384e+01
E 004 018 4.163e+01
E 005 016 6.800e+01
E 005 012 7.810e+01
E 005 013 6.435e+01
E 005 007 3.680e+01
E 006 007 6.403e+01
E 006 011 8.950e+01
E 006 012 7.366e+01
E 006 013 2.707e+01
E 006 014 3.126e+01
E 006 018 6.607e+01
E 007 008 3.089e+01
E 007 012 5.179e+01
E 008 012 4.025e+01
E 008 014 4.478e+01
E 008 017 5.235e+01
E 009 012 4.429e+01
E 009 014 4.342e+01
E 009 015 1.020e+01
E 009 018 3.276e+01
E 010 019 1.803e+01
E 010 013 7.912e+01
E 010 015 5.360e+01
E 011 013 7.341e+01
E 012 014 6.168e+01
E 012 016 1.970e+01
E 013 018 6.835e+01
E 014 015 3.384e+01
E 015 019 3.677e+01
