N 000 033 025 3.544e-02
N 001 063 016 5.724e-01
N 002 004 032 4.406e-01
N 003 082 031 3.731e-01
N 004 078 007 2.803e-01
N 005 024 034 9.761e-01
N 006 082 028 4.930e-01
N 007 036 040 2.143e-01
N 008 097 087 3.327e-01
N 009 066 071 5.650e-01
N 010 059 006 9.503e-01
N 011 091 047 5.390e-01
N 012 056 085 1.838e-01
N 013 091 094 7.876e-01
N 014 026 042 6.352e-02
N 015 091 062 2.986e-01
N 016 029 050 1.690e-01
N 017 005 098 7.527e-01
N 018 011 042 7.912e-01
N 019 058 090 5.212e-01
E 000 001 3.132e+01
E 000 003 4.937e+01
E 000 004 4.847e+01
E 000 005 1.273e+01
E 000 007 1.530e+01
E 000 014 1.838e+01
E 000 017 7.819e+01
E 000 019 6.964e+01
E 001 002 6.113e+01
E 001 003 2.421e+01
E 001 005 4.295e+01
E 001 009 5.508e+01
E 001 011 4.177e+01
E 001 013 8.287e+01
E 001 015 5.385e+01
E 001 016 4.808e+01
E 002 018 1.221e+01
E 002 014 2.417e+01
E 002 015 9.203e+01
E 003 005 5.808e+01
E 003 007 4.687e+01
E 003 009 4.308e+01
E 003 013 6.364e+01
E 003 017 1.021e+02
E 004 008 8.223e+01
E 004 018 7.559e+01
E 004 005 6.037e+01
E 004 006 2.138e+01
E 005 007 1.342e+01
E 005 013 8.994e+01
E 005 016 1.676e+01
E 005 018 1.526e+01
E 005 019 6.551e+01
E 006 007 4.754e+01
E 006 009 4.588e+01
E 006 011 2.102e+01
E 006 014 5.772e+01
E 006 016 5.738e+01
E 006 019 6.648e+01
E 007 014 1.020e+01
E 007 016 1.221e+01
E 007 019 5.463e+01
E 008 009 3.489e+01
E 008 011 4.045e+01
E 008 014 8.406e+01
E 009 011 3.466e+01
E 009 012 1.720e+01
E 009 013 3.397e+01
E 009 019 2.062e+01
E 011 014 6.519e+01
E 011 016 6.207e+01
E 012 016 4.420e+01
E 012 018 6.224e+01
E 012 019 5.385e+00
E 013 015 3.200e+01
E 013 016 7.603e+01
E 013 017 8.609e+01
E 013 019 3.324e+01
E 014 019 5.769e+01
E 017 018 5.632e+01
