N 000 089 023 3.877e-01
N 001 059 024 1.207e-01
N 002 031 043 2.548e-01
N 003 089 077 5.408e-01
N 004 008 053 7.841e-01
N 005 069 089 4.868e-01
N 006 091 068 4.408e-01
N 007 062 045 5.125e-01
N 008 029 009 4.338e-01
N 009 082 070 7.468e-01
N 010 064 053 9.257e-01
N 011 042 064 2.163e-01
N 012 026 000 7.027e-01
N 013 025 025 1.933e-01
N 014 096 016 1.361e-01
N 015 047 091 8.409e-01
N 016 029 084 9.301e-01
N 017 051 091 9.812e-01
N 018 068 006 1.559e-01
N 019 077 042 6.631e-01
E 000 009 4.752e+01
E 000 012 6.707e+01
E 000 014 9.899e+00
E 000 006 4.504e+01
E 001 016 6.708e+01
E 001 018 2.012e+01
E 001 013 3.401e+01
E 001 014 3.785e+01
E 001 007 2.121e+01
E 002 005 5.967e+01
E 002 006 6.500e+01
E 002 008 3.406e+01
E 002 011 2.371e+01
E 002 013 1.897e+01
E 002 014 7.038e+01
E 002 016 4.105e+01
E 002 019 4.601e+01
E 003 016 6.041e+01
E 003 010 3.466e+01
E 003 006 9.220e+00
E 004 017 5.738e+01
E 004 014 9.546e+01
E 004 007 5.459e+01
E 005 007 4.455e+01
E 005 013 7.767e+01
E 005 014 7.783e+01
E 005 016 4.031e+01
E 005 019 4.768e+01
E 006 007 3.701e+01
E 006 015 4.965e+01
E 006 017 4.614e+01
E 006 018 6.613e+01
E 006 019 2.953e+01
E 007 013 4.206e+01
E 007 017 4.730e+01
E 008 009 8.081e+01
E 008 011 5.652e+01
E 008 013 1.649e+01
E 008 014 6.736e+01
E 008 015 8.395e+01
E 008 018 3.912e+01
E 008 019 5.825e+01
E 009 010 2.476e+01
E 009 014 5.579e+01
E 009 015 4.082e+01
E 010 016 4.675e+01
E 010 013 4.801e+01
E 010 014 4.892e+01
E 011 014 7.225e+01
E 012 017 9.437e+01
E 012 013 2.502e+01
E 012 014 7.181e+01
E 013 014 7.157e+01
E 013 016 5.914e+01
E 013 017 7.094e+01
E 014 015 8.959e+01
E 014 016 9.546e+01
E 014 017 8.746e+01
E 015 017 4.000e+00
E 016 019 6.378e+01
