N 000 088 085 3.039e-01
N 001 037 022 2.611e-01
N 002 085 064 3.186e-01
N 003 042 039 4.506e-01
N 004 033 033 6.528e-01
N 005 085 039 7.663e-01
N 006 092 042 5.442e-01
N 007 063 039 3.744e-01
N 008 006 057 5.352e-01
N 009 040 039 8.048e-01
N 010 029 097 7.338e-01
N 011 061 086 8.935e-01
N 012 092 067 4.852e-02
N 013 025 099 5.854e-02
N 014 018 098 8.250e-01
N 015 091 040 6.571e-01
N 016 014 048 8.645e-01
N 017 029 080 4.840e-01
N 018 062 079 6.430e-01
N 019 072 039 8.481e-01
E 000 001 8.106e+01
E 000 011 2.702e+01
E 000 012 1.844e+01
E 000 005 4.610e+01
E 000 015 4.510e+01
E 001 016 3.471e+01
E 001 010 7.543e+01
E 001 018 6.224e+01
E 002 005 2.500e+01
E 002 010 6.500e+01
E 002 013 6.946e+01
E 002 016 7.278e+01
E 002 018 2.746e+01
E 002 019 2.818e+01
E 003 006 5.009e+01
E 003 010 5.944e+01
E 003 011 5.070e+01
E 003 013 6.236e+01
E 003 014 6.369e+01
E 003 015 4.901e+01
E 003 017 4.301e+01
E 003 019 3.000e+01
E 004 013 6.648e+01
E 004 007 3.059e+01
E 005 008 8.102e+01
E 005 011 5.277e+01
E 005 012 2.886e+01
E 005 013 8.485e+01
E 005 019 1.300e+01
E 006 011 5.382e+01
E 006 017 7.357e+01
E 006 019 2.022e+01
E 007 019 9.000e+00
E 007 017 5.326e+01
E 007 010 6.723e+01
E 007 011 4.704e+01
E 008 017 3.253e+01
E 008 018 6.017e+01
E 008 015 8.668e+01
E 009 010 5.903e+01
E 009 019 3.200e+01
E 009 015 5.101e+01
E 010 011 3.384e+01
E 010 012 6.978e+01
E 010 014 1.105e+01
E 011 013 3.828e+01
E 011 014 4.464e+01
E 011 015 5.492e+01
E 011 016 6.044e+01
E 011 017 3.256e+01
E 011 019 4.827e+01
E 012 018 3.231e+01
E 013 014 7.071e+00
E 013 015 8.853e+01
E 013 017 1.942e+01
E 013 019 7.622e+01
E 014 015 9.324e+01
E 017 018 3.302e+01
E 017 019 5.941e+01
E 018 019 4.123e+01
