N 000 042 048 1.734e-01
N 001 058 096 9.949e-01
N 002 013 021 5.320e-01
N 003 025 035 4.857e-01
N 004 085 038 3.098e-01
N 005 068 098 2.688e-01
N 006 004 040 5.312e-01
N 007 097 050 2.515e-01
N 008 078 093 3.135e-01
N 009 011 093 2.739e-01
N 010 007 046 8.482e-01
N 011 028 092 7.066e-01
N 012 014 097 8.868e-01
N 013 030 011 9.991e-01
N 014 034 024 6.277e-02
N 015 014 025 8.147e-01
N 016 023 085 2.620e-01
N 017 046 099 8.424e-01
N 018 065 049 9.646e-01
N 019 067 054 7.085e-01
E 000 019 2.571e+01
E 000 017 5.116e+01
E 000 002 3.962e+01
E 000 003 2.140e+01
E 001 002 8.746e+01
E 001 003 6.935e+01
E 001 005 1.020e+01
E 001 009 4.710e+01
E 001 011 3.027e+01
E 001 016 3.669e+01
E 002 004 7.398e+01
E 002 008 9.700e+01
E 002 011 7.257e+01
E 002 012 7.601e+01
E 002 014 2.121e+01
E 002 015 4.123e+00
E 002 017 8.469e+01
E 002 019 6.329e+01
E 003 009 5.967e+01
E 003 011 5.708e+01
E 003 013 2.452e+01
E 003 014 1.421e+01
E 003 015 1.487e+01
E 004 009 9.220e+01
E 004 005 6.236e+01
E 004 013 6.127e+01
E 005 008 1.118e+01
E 005 011 4.045e+01
E 005 007 5.608e+01
E 006 016 4.885e+01
E 006 009 5.346e+01
E 006 018 6.166e+01
E 006 015 1.803e+01
E 006 007 9.354e+01
E 007 008 4.701e+01
E 007 012 9.538e+01
E 007 014 6.815e+01
E 007 017 7.072e+01
E 008 016 5.558e+01
E 008 013 9.502e+01
E 009 010 4.717e+01
E 009 011 1.703e+01
E 009 014 7.273e+01
E 010 019 6.053e+01
E 010 012 5.148e+01
E 010 014 3.483e+01
E 010 017 6.580e+01
E 011 014 6.826e+01
E 011 017 1.931e+01
E 012 013 8.748e+01
E 012 014 7.569e+01
E 012 016 1.500e+01
E 012 019 6.825e+01
E 013 014 1.360e+01
E 013 016 7.433e+01
E 013 019 5.673e+01
E 015 019 6.042e+01
E 015 018 5.636e+01
E 016 019 5.382e+01
E 017 018 5.349e+01
