N 000 028 022 5.906e-01
N 001 015 087 3.836e-01
N 002 062 006 8.291e-02
N 003 001 016 9.120e-01
N 004 090 076 8.342e-01
N 005 082 090 6.569e-01
N 006 070 037 6.517e-01
N 007 057 026 9.371e-01
N 008 086 047 2.245e-01
N 009 053 005 8.910e-01
N 010 074 026 2.722e-01
N 011 081 012 1.385e-01
N 012 002 065 7.447e-01
N 013 090 009 1.923e-01
N 014 041 070 4.404e-01
N 015 068 042 7.533e-01
N 016 030 097 6.380e-01
N 017 062 090 7.193e-01
N 018 038 058 1.290e-01
N 019 070 083 5.576e-01
E 000 002 3.758e+01
E 000 009 3.023e+01
E 000 010 4.617e+01
E 000 012 5.025e+01
E 000 013 6.335e+01
E 000 017 7.603e+01
E 000 018 3.736e+01
E 000 019 7.406e+01
E 001 002 9.365e+01
E 001 004 7.580e+01
E 001 012 2.555e+01
E 001 014 3.106e+01
E 001 016 1.803e+01
E 001 018 3.701e+01
E 002 015 3.650e+01
E 002 017 8.400e+01
E 002 007 2.062e+01
E 003 016 8.603e+01
E 003 017 9.590e+01
E 003 005 1.097e+02
E 003 013 8.927e+01
E 004 015 4.050e+01
E 004 009 8.006e+01
E 004 007 5.991e+01
E 005 006 5.434e+01
E 005 007 6.871e+01
E 005 010 6.450e+01
E 005 013 8.139e+01
E 005 017 2.000e+01
E 005 019 1.389e+01
E 006 018 3.828e+01
E 006 019 4.600e+01
E 006 015 5.385e+00
E 007 010 1.700e+01
E 007 011 2.778e+01
E 007 012 6.742e+01
E 007 017 6.420e+01
E 007 018 3.722e+01
E 008 009 5.341e+01
E 008 010 2.419e+01
E 008 015 1.868e+01
E 008 017 4.924e+01
E 008 018 4.924e+01
E 008 019 3.940e+01
E 009 011 2.886e+01
E 009 014 6.610e+01
E 009 017 8.548e+01
E 009 018 5.508e+01
E 010 014 5.500e+01
E 010 019 5.714e+01
E 011 015 3.270e+01
E 012 019 7.034e+01
E 012 013 1.043e+02
E 013 014 7.824e+01
E 014 015 3.890e+01
E 014 017 2.900e+01
E 014 018 1.237e+01
E 015 016 6.685e+01
E 015 019 4.105e+01
E 017 019 1.063e+01
