N 000 058 085 1.822e-01
N 001 000 020 5.885e-01
N 002 048 097 4.399e-01
N 003 006 016 9.855e-01
N 004 039 036 4.636e-01
N 005 040 036 4.920e-01
N 006 075 046 6.879e-01
N 007 074 003 3.139e-01
N 008 049 093 4.526e-01
N 009 026 067 9.347e-01
N 010 054 026 8.080e-01
N 011 095 016 9.760e-01
N 012 093 035 4.684e-01
N 013 018 061 5.743e-01
N 014 023 099 6.208e-01
N 015 048 049 3.814e-01
N 016 033 016 3.327e-01
N 017 035 045 8.999e-01
N 018 064 099 1.222e-01
N 019 050 072 3.402e-01
E 000 001 8.711e+01
E 000 004 5.255e+01
E 000 012 6.103e+01
E 000 013 4.665e+01
E 000 016 7.339e+01
E 000 017 4.614e+01
E 001 003 7.211e+00
E 001 004 4.215e+01
E 001 012 9.420e+01
E 001 013 4.478e+01
E 001 014 8.228e+01
E 001 015 5.608e+01
E 001 016 3.324e+01
E 002 010 7.125e+01
E 002 015 4.800e+01
E 002 018 1.612e+01
E 002 006 5.771e+01
E 002 007 9.753e+01
E 003 018 1.013e+02
E 003 011 8.900e+01
E 003 005 3.945e+01
E 003 017 4.101e+01
E 004 006 3.736e+01
E 004 007 4.810e+01
E 004 009 3.362e+01
E 004 012 5.401e+01
E 004 014 6.500e+01
E 004 017 9.849e+00
E 005 011 5.852e+01
E 005 009 3.401e+01
E 005 012 5.301e+01
E 005 007 4.738e+01
E 006 009 5.331e+01
E 006 019 3.607e+01
E 006 013 5.894e+01
E 007 008 9.341e+01
E 007 014 1.087e+02
E 007 015 5.284e+01
E 007 016 4.301e+01
E 007 017 5.731e+01
E 007 018 9.652e+01
E 008 016 7.864e+01
E 008 009 3.471e+01
E 008 019 2.102e+01
E 008 013 4.455e+01
E 009 011 8.580e+01
E 009 014 3.214e+01
E 009 016 5.148e+01
E 010 019 4.617e+01
E 011 015 5.743e+01
E 011 016 6.200e+01
E 011 017 6.664e+01
E 011 019 7.184e+01
E 012 015 4.713e+01
E 013 016 4.743e+01
E 013 019 3.384e+01
E 014 015 5.590e+01
E 014 016 8.360e+01
E 014 018 4.100e+01
E 017 018 6.129e+01
