N 000 065 004 9.976e-01
N 001 009 012 8.162e-01
N 002 063 065 7.626e-01
N 003 032 081 8.913e-01
N 004 015 036 3.376e-01
N 005 050 003 9.093e-01
N 006 092 034 2.107e-01
N 007 003 030 7.948e-03
N 008 007 040 7.883e-01
N 009 008 025 3.609e-01
N 010 010 007 3.304e-01
N 011 064 042 1.685e-01
N 012 012 078 9.527e-02
N 013 088 084 5.787e-01
N 014 081 024 1.491e-01
N 015 028 099 6.165e-01
N 016 045 032 7.748e-01
N 017 070 043 2.777e-01
N 018 067 024 7.117e-01
N 019 035 062 5.371e-01
E 000 018 2.010e+01
E 000 003 8.377e+01
E 000 012 9.102e+01
E 000 013 8.324e+01
E 000 006 4.036e+01
E 001 017 6.843e+01
E 001 010 5.099e+00
E 001 004 2.474e+01
E 002 004 5.608e+01
E 002 005 6.335e+01
E 002 008 6.133e+01
E 002 012 5.263e+01
E 002 013 3.140e+01
E 002 015 4.880e+01
E 002 017 2.309e+01
E 003 009 6.093e+01
E 003 010 7.720e+01
E 004 006 7.703e+01
E 004 008 8.944e+00
E 004 010 2.943e+01
E 004 015 6.433e+01
E 004 018 5.337e+01
E 005 008 5.673e+01
E 005 009 4.741e+01
E 005 011 4.144e+01
E 005 014 3.744e+01
E 005 015 9.849e+01
E 006 008 8.521e+01
E 006 010 8.633e+01
E 006 012 9.130e+01
E 006 014 1.487e+01
E 006 015 9.122e+01
E 007 017 6.825e+01
E 008 012 3.833e+01
E 008 013 9.218e+01
E 008 014 7.571e+01
E 009 012 5.315e+01
E 009 014 7.301e+01
E 010 011 6.435e+01
E 010 012 7.103e+01
E 010 015 9.374e+01
E 010 016 4.301e+01
E 010 017 6.997e+01
E 010 018 5.948e+01
E 011 017 6.083e+00
E 011 018 1.825e+01
E 011 014 2.476e+01
E 012 016 5.661e+01
E 012 017 6.774e+01
E 012 018 7.708e+01
E 012 019 2.802e+01
E 013 014 6.041e+01
E 013 016 6.748e+01
E 014 016 3.688e+01
E 014 018 1.400e+01
E 014 019 5.967e+01
E 015 018 8.453e+01
E 017 018 1.924e+01
E 017 019 3.982e+01
E 018 019 4.968e+01
