N 000 026 000 2.432e-01
N 001 022 066 3.201e-01
N 002 053 015 1.439e-01
N 003 063 060 6.066e-01
N 004 053 025 3.837e-02
N 005 084 040 9.596e-01
N 006 056 060 6.294e-01
N 007 080 028 7.533e-01
N 008 006 071 7.419e-01
N 009 069 023 6.118e-01
N 010 042 075 6.893e-01
N 011 030 082 3.737e-01
N 012 002 006 4.855e-01
N 013 026 012 1.564e-01
N 014 047 029 7.568e-01
N 015 068 017 6.788e-02
N 016 019 006 4.599e-01
N 017 022 031 9.714e-01
N 018 042 040 7.494e-01
N 019 066 073 1.428e-01
E 000 016 9.220e+00
E 000 011 8.210e+01
E 000 014 3.581e+01
E 000 007 6.083e+01
E 001 003 4.144e+01
E 001 005 6.723e+01
E 001 007 6.934e+01
E 001 014 4.465e+01
E 001 015 6.721e+01
E 001 016 6.007e+01
E 001 017 3.500e+01
E 001 019 4.455e+01
E 002 005 3.982e+01
E 002 010 6.100e+01
E 002 012 5.179e+01
E 002 016 3.517e+01
E 002 017 3.489e+01
E 002 018 2.731e+01
E 003 016 6.966e+01
E 003 019 1.334e+01
E 003 005 2.900e+01
E 003 007 3.624e+01
E 004 008 6.576e+01
E 004 010 5.120e+01
E 004 012 5.442e+01
E 004 015 1.700e+01
E 004 016 3.895e+01
E 004 018 1.860e+01
E 004 019 4.973e+01
E 005 015 2.802e+01
E 005 007 1.265e+01
E 006 008 5.120e+01
E 006 019 1.640e+01
E 006 010 2.052e+01
E 006 011 3.406e+01
E 006 013 5.660e+01
E 007 011 7.359e+01
E 007 014 3.302e+01
E 008 010 3.622e+01
E 008 011 2.640e+01
E 008 013 6.230e+01
E 008 014 5.869e+01
E 008 016 6.629e+01
E 009 016 5.281e+01
E 009 018 3.191e+01
E 010 011 1.389e+01
E 010 013 6.500e+01
E 010 014 4.627e+01
E 010 015 6.356e+01
E 011 012 8.099e+01
E 011 014 5.566e+01
E 012 013 2.474e+01
E 012 016 1.700e+01
E 012 019 9.266e+01
E 013 019 7.295e+01
E 014 017 2.508e+01
E 015 016 5.022e+01
E 015 019 5.604e+01
E 017 018 2.193e+01
E 018 019 4.080e+01
