N 000 057 047 6.895e-01
N 001 032 081 5.184e-01
N 002 022 085 2.907e-01
N 003 015 042 4.509e-01
N 004 085 020 3.694e-01
N 005 022 006 9.986e-01
N 006 035 066 1.632e-01
N 007 001 022 3.119e-01
N 008 080 074 8.412e-01
N 009 019 066 3.639e-01
N 010 082 025 5.105e-01
N 011 097 056 6.154e-01
N 012 099 040 9.796e-01
N 013 019 054 6.991e-01
N 014 044 063 3.928e-01
N 015 082 036 8.882e-01
N 016 014 032 4.968e-01
N 017 011 072 6.554e-01
N 018 006 055 2.292e-01
N 019 020 007 3.715e-01
E 000 001 4.220e+01
E 000 006 2.907e+01
E 000 008 3.547e+01
E 000 009 4.249e+01
E 000 012 4.258e+01
E 000 015 2.731e+01
E 001 009 1.985e+01
E 001 015 6.727e+01
E 001 005 7.566e+01
E 001 007 6.665e+01
E 002 003 4.357e+01
E 002 004 9.052e+01
E 002 006 2.302e+01
E 002 007 6.641e+01
E 002 008 5.903e+01
E 002 009 1.924e+01
E 002 014 3.111e+01
E 002 017 1.703e+01
E 003 009 2.433e+01
E 003 015 6.727e+01
E 003 016 1.005e+01
E 003 017 3.027e+01
E 003 018 1.581e+01
E 004 008 5.423e+01
E 004 016 7.201e+01
E 004 012 2.441e+01
E 005 006 6.139e+01
E 005 009 6.007e+01
E 005 010 6.294e+01
E 005 013 4.809e+01
E 005 017 6.691e+01
E 006 008 4.571e+01
E 006 009 1.600e+01
E 006 011 6.280e+01
E 006 018 3.102e+01
E 007 008 9.458e+01
E 008 009 6.152e+01
E 008 013 6.420e+01
E 008 016 7.823e+01
E 008 017 6.903e+01
E 008 018 7.640e+01
E 009 014 2.518e+01
E 009 015 6.978e+01
E 009 016 3.437e+01
E 009 017 1.000e+01
E 010 018 8.171e+01
E 010 012 2.267e+01
E 010 014 5.374e+01
E 011 014 5.346e+01
E 011 013 7.803e+01
E 012 014 5.962e+01
E 013 016 2.256e+01
E 013 019 4.701e+01
E 014 015 4.662e+01
E 014 016 4.314e+01
E 014 018 3.883e+01
E 015 016 6.812e+01
E 015 018 7.834e+01
E 015 019 6.845e+01
E 018 019 5.000e+01
