N 000 054 072 1.313e-01
N 001 076 036 2.899e-01
N 002 014 027 1.469e-01
N 003 043 043 1.602e-01
N 004 060 082 3.970e-01
N 005 089 084 1.307e-01
N 006 099 022 7.905e-01
N 007 040 042 2.476e-01
N 008 001 094 6.293e-01
N 009 099 085 9.868e-01
N 010 069 014 5.809e-01
N 011 035 060 2.195e-01
N 012 083 007 5.486e-01
N 013 065 028 6.283e-01
N 014 079 093 4.890e-01
N 015 014 085 4.098e-01
N 016 056 021 6.673e-01
N 017 083 080 8.922e-01
N 018 085 090 4.610e-01
N 019 082 070 4.710e-01
E 000 002 6.021e+01
E 000 003 3.102e+01
E 000 004 1.166e+01
E 000 006 6.727e+01
E 000 007 3.311e+01
E 000 009 4.684e+01
E 000 010 5.991e+01
E 000 013 4.535e+01
E 000 016 5.104e+01
E 001 002 6.265e+01
E 001 004 4.870e+01
E 001 007 3.650e+01
E 001 011 4.751e+01
E 001 013 1.360e+01
E 001 016 2.500e+01
E 001 018 5.474e+01
E 001 019 3.453e+01
E 002 003 3.312e+01
E 002 006 8.515e+01
E 002 010 5.652e+01
E 002 016 4.243e+01
E 002 019 8.045e+01
E 003 016 2.555e+01
E 003 011 1.879e+01
E 004 005 2.907e+01
E 004 011 3.330e+01
E 004 013 5.423e+01
E 004 014 2.195e+01
E 004 016 6.113e+01
E 004 018 2.625e+01
E 005 006 6.280e+01
E 005 007 6.454e+01
E 005 017 7.211e+00
E 005 018 7.211e+00
E 005 019 1.565e+01
E 006 008 1.216e+02
E 006 015 1.058e+02
E 006 018 6.943e+01
E 006 019 5.092e+01
E 007 009 7.301e+01
E 007 010 4.031e+01
E 007 013 2.865e+01
E 007 015 5.025e+01
E 007 018 6.580e+01
E 007 019 5.048e+01
E 008 010 1.050e+02
E 008 012 1.196e+02
E 008 015 1.581e+01
E 010 012 1.565e+01
E 010 017 6.747e+01
E 011 016 4.429e+01
E 011 014 5.500e+01
E 012 014 8.609e+01
E 012 015 1.041e+02
E 012 018 8.302e+01
E 012 019 6.301e+01
E 013 019 4.531e+01
E 015 016 7.655e+01
E 016 018 7.485e+01
E 017 018 1.020e+01
