N 000 014 067 5.332e-01
N 001 061 087 6.672e-02
N 002 030 008 4.789e-01
N 003 019 031 8.866e-01
N 004 088 064 8.598e-01
N 005 016 030 5.247e-01
N 006 062 092 1.072e-01
N 007 080 004 9.216e-01
N 008 008 021 4.219e-01
N 009 029 020 8.441e-01
N 010 098 006 9.856e-01
N 011 060 099 2.994e-01
N 012 087 023 4.435e-01
N 013 015 086 3.728e-01
N 014 050 035 2.150e-01
N 015 043 025 5.462e-01
N 016 019 091 3.573e-01
N 017 015 054 9.200e-01
N 018 059 025 9.985e-01
N 019 011 015 3.787e-01
E 000 003 3.635e+01
E 000 005 3.705e+01
E 000 008 4.639e+01
E 000 013 1.903e+01
E 000 014 4.817e+01
E 000 017 1.304e+01
E 001 007 8.515e+01
E 001 009 7.425e+01
E 001 010 8.905e+01
E 001 011 1.204e+01
E 001 012 6.908e+01
E 001 014 5.315e+01
E 001 015 6.456e+01
E 001 017 5.661e+01
E 001 019 8.766e+01
E 002 017 4.838e+01
E 002 004 8.062e+01
E 002 006 8.989e+01
E 003 009 1.487e+01
E 003 019 1.789e+01
E 003 014 3.126e+01
E 004 006 3.821e+01
E 004 008 9.082e+01
E 004 011 4.482e+01
E 004 015 5.955e+01
E 004 019 9.127e+01
E 005 008 1.204e+01
E 005 017 2.402e+01
E 005 016 6.107e+01
E 005 015 2.746e+01
E 006 007 8.982e+01
E 006 009 7.920e+01
E 006 013 4.738e+01
E 006 014 5.825e+01
E 006 017 6.044e+01
E 006 019 9.236e+01
E 007 008 7.398e+01
E 007 011 9.708e+01
E 007 015 4.254e+01
E 007 017 8.201e+01
E 007 019 6.987e+01
E 008 014 4.427e+01
E 008 018 5.116e+01
E 009 016 7.170e+01
E 009 010 7.041e+01
E 010 011 1.005e+02
E 010 012 2.025e+01
E 010 013 1.153e+02
E 010 016 1.160e+02
E 010 017 9.588e+01
E 011 015 7.593e+01
E 011 017 6.364e+01
E 012 013 9.567e+01
E 013 014 6.185e+01
E 014 018 1.345e+01
E 014 019 4.383e+01
E 015 019 3.353e+01
E 016 019 7.642e+01
E 016 018 7.718e+01
E 017 018 5.270e+01
