N 000 007 029 2.574e-01
N 001 071 098 2.458e-01
N 002 048 010 9.932e-01
N 003 025 080 2.607e-01
N 004 067 052 9.450e-01
N 005 001 064 4.722e-01
N 006 089 050 8.766e-01
N 007 094 081 9.136e-01
N 008 054 098 7.077e-01
N 009 085 038 7.992e-01
N 010 044 073 5.775e-01
N 011 009 046 2.895e-01
N 012 094 009 2.417e-01
N 013 028 032 8.373e-01
N 014 093 057 3.357e-01
N 015 074 012 7.795e-01
N 016 041 074 3.980e-01
N 017 024 095 4.524e-01
N 018 052 041 2.643e-01
N 019 097 030 2.784e-01
E 000 001 9.411e+01
E 000 002 4.519e+01
E 000 004 6.426e+01
E 000 010 5.749e+01
E 000 009 7.852e+01
E 001 003 4.940e+01
E 001 004 4.617e+01
E 001 006 5.126e+01
E 001 017 4.710e+01
E 001 018 6.008e+01
E 001 019 7.280e+01
E 002 004 4.610e+01
E 002 006 5.728e+01
E 002 011 5.308e+01
E 002 012 4.601e+01
E 002 013 2.973e+01
E 002 014 6.507e+01
E 002 017 8.832e+01
E 002 018 3.126e+01
E 003 004 5.048e+01
E 003 006 7.068e+01
E 003 009 7.324e+01
E 003 010 2.025e+01
E 003 011 3.758e+01
E 003 014 7.178e+01
E 003 015 8.382e+01
E 003 017 1.503e+01
E 004 007 3.962e+01
E 004 008 4.780e+01
E 004 010 3.114e+01
E 004 017 6.081e+01
E 005 016 4.123e+01
E 005 010 4.393e+01
E 005 012 1.080e+02
E 005 013 4.187e+01
E 005 015 8.963e+01
E 006 008 5.941e+01
E 006 010 5.054e+01
E 006 011 8.010e+01
E 006 013 6.360e+01
E 007 009 4.393e+01
E 007 018 5.800e+01
E 007 014 2.402e+01
E 007 012 7.200e+01
E 008 012 9.758e+01
E 008 014 5.659e+01
E 008 015 8.829e+01
E 008 016 2.729e+01
E 008 018 5.704e+01
E 009 016 5.685e+01
E 009 013 5.731e+01
E 010 012 8.122e+01
E 011 019 8.944e+01
E 012 013 6.989e+01
E 012 018 5.280e+01
E 014 018 4.401e+01
E 014 019 2.729e+01
E 015 017 9.690e+01
E 016 017 2.702e+01
E 017 019 9.774e+01
