N 000 091 053 4.158e-01
N 001 032 084 2.196e-01
N 002 079 045 6.034e-01
N 003 065 012 1.479e-01
N 004 033 017 2.960e-01
N 005 057 012 2.469e-01
N 006 071 019 6.112e-01
N 007 030 077 1.273e-01
N 008 024 057 8.078e-01
N 009 010 063 1.778e-01
N 010 022 031 6.921e-01
N 011 041 054 1.467e-01
N 012 088 058 2.486e-01
N 013 098 007 2.473e-01
N 014 095 098 8.862e-01
N 015 091 081 9.854e-01
N 016 020 032 5.522e-01
N 017 022 036 4.507e-01
N 018 018 027 4.561e-02
N 019 011 014 6.983e-01
E 000 004 6.826e+01
E 000 005 5.326e+01
E 000 006 3.945e+01
E 000 009 8.161e+01
E 000 011 5.001e+01
E 000 013 4.653e+01
E 000 014 4.518e+01
E 000 016 7.404e+01
E 001 003 7.920e+01
E 001 005 7.622e+01
E 001 006 7.580e+01
E 001 008 2.816e+01
E 001 009 3.041e+01
E 001 010 5.394e+01
E 001 012 6.174e+01
E 001 016 5.337e+01
E 002 015 3.795e+01
E 002 003 3.585e+01
E 002 012 1.581e+01
E 002 007 5.852e+01
E 003 005 8.000e+00
E 003 006 9.220e+00
E 003 008 6.088e+01
E 003 010 4.701e+01
E 003 013 3.338e+01
E 003 018 4.934e+01
E 003 019 5.404e+01
E 004 006 3.805e+01
E 005 006 1.565e+01
E 005 012 5.547e+01
E 005 014 9.402e+01
E 005 018 4.179e+01
E 006 010 5.045e+01
E 006 015 6.515e+01
E 007 008 2.088e+01
E 007 019 6.580e+01
E 007 018 5.142e+01
E 007 015 6.113e+01
E 008 010 2.608e+01
E 008 018 3.059e+01
E 009 010 3.418e+01
E 009 011 3.228e+01
E 009 012 7.816e+01
E 009 013 1.043e+02
E 009 015 8.298e+01
E 009 017 2.955e+01
E 010 012 7.131e+01
E 010 014 9.909e+01
E 011 012 4.717e+01
E 011 013 7.388e+01
E 011 015 5.682e+01
E 011 017 2.617e+01
E 011 019 5.000e+01
E 012 015 2.319e+01
E 012 019 8.868e+01
E 013 015 7.433e+01
E 013 019 8.728e+01
E 015 016 8.627e+01
E 015 017 8.238e+01
E 016 017 4.472e+00
