N 000 018 025 2.203e-01
N 001 098 095 8.198e-02
N 002 005 027 8.781e-01
N 003 029 062 9.435e-01
N 004 083 044 8.767e-01
N 005 066 076 7.834e-02
N 006 068 092 5.840e-01
N 007 042 083 2.154e-01
N 008 061 085 3.132e-01
N 009 045 067 9.363e-01
N 010 024 056 7.484e-01
N 011 070 093 9.110e-02
N 012 005 098 1.979e-01
N 013 079 073 6.439e-01
N 014 082 015 6.210e-01
N 015 056 006 8.898e-01
N 016 042 005 8.656e-01
N 017 060 088 5.281e-01
N 018 042 016 3.509e-01
N 019 045 082 9.810e-01
E 000 017 7.572e+01
E 000 011 8.560e+01
E 000 013 7.762e+01
E 000 015 4.249e+01
E 001 003 7.649e+01
E 001 005 3.722e+01
E 001 006 3.015e+01
E 001 013 2.907e+01
E 001 014 8.158e+01
E 001 015 9.841e+01
E 001 016 1.060e+02
E 001 018 9.683e+01
E 001 019 5.457e+01
E 002 010 3.467e+01
E 002 006 9.052e+01
E 002 007 6.712e+01
E 003 004 5.692e+01
E 003 007 2.470e+01
E 003 008 3.941e+01
E 003 012 4.327e+01
E 003 013 5.120e+01
E 004 005 3.624e+01
E 004 008 4.653e+01
E 004 009 4.442e+01
E 004 010 6.021e+01
E 004 012 9.487e+01
E 004 014 2.902e+01
E 004 018 4.965e+01
E 005 007 2.500e+01
E 005 008 1.030e+01
E 005 010 4.652e+01
E 005 014 6.306e+01
E 006 011 2.236e+00
E 006 014 7.826e+01
E 006 007 2.751e+01
E 007 010 3.245e+01
E 007 011 2.973e+01
E 007 019 3.162e+00
E 008 014 7.308e+01
E 008 017 3.162e+00
E 008 019 1.628e+01
E 009 017 2.581e+01
E 009 011 3.607e+01
E 009 015 6.198e+01
E 010 015 5.936e+01
E 010 016 5.408e+01
E 010 017 4.817e+01
E 010 018 4.386e+01
E 011 015 8.812e+01
E 011 016 9.235e+01
E 011 017 1.118e+01
E 011 018 8.193e+01
E 011 019 2.731e+01
E 012 016 1.001e+02
E 012 017 5.590e+01
E 013 018 6.796e+01
E 013 019 3.517e+01
E 014 015 2.751e+01
E 014 018 4.001e+01
E 017 018 7.422e+01
