N 000 021 030 7.007e-01
N 001 069 091 8.035e-01
N 002 098 068 3.020e-01
N 003 060 065 9.453e-01
N 004 043 014 1.456e-01
N 005 001 080 9.136e-01
N 006 056 095 5.740e-01
N 007 036 090 3.292e-01
N 008 075 047 3.431e-01
N 009 066 019 3.342e-01
N 010 068 050 2.175e-01
N 011 006 039 9.132e-01
N 012 024 017 8.931e-01
N 013 003 081 1.690e-01
N 014 014 043 9.879e-01
N 015 098 019 6.420e-01
N 016 033 020 6.054e-01
N 017 070 010 5.343e-01
N 018 000 091 7.291e-01
N 019 023 047 6.408e-01
E 000 008 5.661e+01
E 000 009 4.632e+01
E 000 014 1.476e+01
E 000 015 7.778e+01
E 000 018 6.451e+01
E 000 019 1.712e+01
E 001 006 1.360e+01
E 001 007 3.302e+01
E 001 011 8.169e+01
E 001 013 6.675e+01
E 001 014 7.300e+01
E 001 015 7.762e+01
E 001 018 6.900e+01
E 001 019 6.366e+01
E 002 005 9.774e+01
E 002 006 4.993e+01
E 002 008 3.114e+01
E 002 012 8.987e+01
E 002 014 8.764e+01
E 002 017 6.440e+01
E 002 018 1.007e+02
E 003 009 4.639e+01
E 004 018 8.819e+01
E 004 014 4.101e+01
E 005 007 3.640e+01
E 005 010 7.341e+01
E 005 016 6.800e+01
E 005 017 9.829e+01
E 005 018 1.105e+01
E 005 019 3.966e+01
E 006 008 5.162e+01
E 006 011 7.507e+01
E 006 018 5.614e+01
E 007 009 7.708e+01
E 007 015 9.426e+01
E 007 016 7.006e+01
E 007 017 8.693e+01
E 007 018 3.601e+01
E 008 009 2.941e+01
E 008 012 5.917e+01
E 009 016 3.302e+01
E 009 018 9.767e+01
E 010 016 4.610e+01
E 010 011 6.297e+01
E 010 014 5.445e+01
E 010 013 7.201e+01
E 011 014 8.944e+00
E 011 015 9.415e+01
E 011 016 3.302e+01
E 011 019 1.879e+01
E 012 016 9.487e+00
E 013 015 1.134e+02
E 013 016 6.798e+01
E 013 017 9.762e+01
E 013 018 1.044e+01
E 014 016 2.983e+01
E 014 017 6.500e+01
E 014 018 5.000e+01
E 015 016 6.501e+01
E 017 018 1.071e+02
