N 000 041 035 4.221e-01
N 001 088 088 4.430e-01
N 002 069 060 5.172e-01
N 003 003 088 9.387e-01
N 004 029 061 6.541e-01
N 005 063 079 2.310e-01
N 006 030 064 7.848e-01
N 007 076 055 3.593e-01
N 008 079 009 5.954e-01
N 009 026 087 6.630e-01
N 010 085 044 5.561e-02
N 011 058 024 8.459e-01
N 012 060 068 6.044e-02
N 013 078 067 6.177e-01
N 014 078 068 9.570e-01
N 015 001 005 8.228e-01
N 016 082 065 3.864e-01
N 017 062 084 5.476e-01
N 018 080 064 8.494e-01
N 019 003 060 8.987e-01
E 000 001 7.084e+01
E 000 004 2.864e+01
E 000 005 4.919e+01
E 000 006 3.102e+01
E 000 008 4.604e+01
E 000 013 4.892e+01
E 000 014 4.958e+01
E 000 016 5.080e+01
E 000 017 5.331e+01
E 000 019 4.549e+01
E 001 002 3.384e+01
E 001 008 7.951e+01
E 001 011 7.068e+01
E 001 014 2.236e+01
E 001 015 1.202e+02
E 002 004 4.001e+01
E 002 005 1.992e+01
E 002 009 5.077e+01
E 002 010 2.263e+01
E 002 011 3.764e+01
E 002 012 1.204e+01
E 002 019 6.600e+01
E 003 009 2.302e+01
E 003 017 5.914e+01
E 003 005 6.067e+01
E 003 015 8.302e+01
E 004 007 4.738e+01
E 004 010 5.852e+01
E 004 015 6.261e+01
E 004 016 5.315e+01
E 004 017 4.022e+01
E 004 018 5.109e+01
E 005 008 7.181e+01
E 005 012 1.140e+01
E 005 015 9.654e+01
E 005 017 5.099e+00
E 005 018 2.267e+01
E 006 007 4.687e+01
E 006 010 5.852e+01
E 006 011 4.883e+01
E 006 013 4.809e+01
E 006 018 5.000e+01
E 007 018 9.849e+00
E 007 019 7.317e+01
E 007 014 1.315e+01
E 008 014 5.901e+01
E 008 016 5.608e+01
E 009 019 3.547e+01
E 009 017 3.612e+01
E 010 019 8.355e+01
E 010 014 2.500e+01
E 012 017 1.612e+01
E 012 019 5.756e+01
E 013 016 4.472e+00
E 013 018 3.606e+00
E 013 017 2.335e+01
E 014 018 4.472e+00
E 014 019 7.543e+01
E 015 019 5.504e+01
E 017 019 6.369e+01
