N 000 033 082 1.623e-01
N 001 072 030 7.139e-01
N 002 024 000 1.593e-02
N 003 082 098 6.271e-01
N 004 080 069 3.546e-01
N 005 069 049 7.955e-03
N 006 008 083 2.838e-01
N 007 008 006 7.919e-01
N 008 004 011 1.038e-01
N 009 037 086 9.607e-01
N 010 014 081 9.053e-01
N 011 065 069 1.096e-01
N 012 081 005 9.815e-01
N 013 070 001 1.896e-01
N 014 087 021 4.781e-01
N 015 081 020 1.873e-01
N 016 025 064 1.890e-01
N 017 089 033 2.470e-01
N 018 069 060 3.072e-01
N 019 020 044 4.104e-01
E 000 001 6.500e+01
E 000 003 5.155e+01
E 000 005 4.884e+01
E 000 015 7.841e+01
E 000 018 4.219e+01
E 000 019 4.016e+01
E 001 002 5.660e+01
E 001 003 6.873e+01
E 001 007 6.835e+01
E 001 008 7.060e+01
E 001 015 1.345e+01
E 001 017 1.726e+01
E 001 019 5.385e+01
E 002 016 6.401e+01
E 002 010 8.161e+01
E 002 011 8.026e+01
E 003 011 3.362e+01
E 003 015 7.801e+01
E 004 005 2.283e+01
E 004 006 7.335e+01
E 004 007 9.567e+01
E 004 013 6.873e+01
E 004 014 4.851e+01
E 004 019 6.500e+01
E 005 009 4.892e+01
E 005 010 6.363e+01
E 005 006 6.984e+01
E 006 007 7.700e+01
E 006 010 6.325e+00
E 006 011 5.869e+01
E 006 013 1.028e+02
E 006 019 4.080e+01
E 007 011 8.496e+01
E 007 013 6.220e+01
E 007 014 8.041e+01
E 007 015 7.433e+01
E 007 018 8.147e+01
E 007 019 3.985e+01
E 008 009 8.194e+01
E 008 010 7.071e+01
E 008 011 8.417e+01
E 008 012 7.723e+01
E 008 019 3.667e+01
E 009 019 4.531e+01
E 009 013 9.118e+01
E 010 012 1.013e+02
E 010 014 9.449e+01
E 010 017 8.904e+01
E 011 016 4.031e+01
E 012 018 5.629e+01
E 013 014 2.625e+01
E 013 017 3.722e+01
E 014 015 6.083e+00
E 014 017 1.217e+01
E 015 018 4.176e+01
E 015 019 6.555e+01
E 016 017 7.111e+01
E 017 018 3.360e+01
E 017 019 6.987e+01
E 018 019 5.155e+01
