N 000 089 001 9.258e-02
N 001 075 077 1.576e-01
N 002 028 058 3.633e-01
N 003 015 004 5.240e-01
N 004 020 066 9.677e-01
N 005 055 068 2.509e-01
N 006 011 088 1.616e-01
N 007 016 020 6.433e-02
N 008 095 044 4.582e-01
N 009 097 093 6.943e-01
N 010 075 014 9.101e-01
N 011 053 077 5.632e-01
N 012 021 087 2.327e-01
N 013 039 077 9.585e-02
N 014 026 062 5.647e-01
N 015 078 055 8.486e-01
N 016 064 049 5.120e-01
N 017 058 077 8.633e-01
N 018 056 012 2.824e-01
N 019 004 065 5.653e-01
E 000 001 7.728e+01
E 000 003 7.406e+01
E 000 005 7.513e+01
E 000 008 4.342e+01
E 000 009 9.235e+01
E 000 011 8.410e+01
E 000 013 9.097e+01
E 000 015 5.511e+01
E 000 016 5.412e+01
E 000 017 8.208e+01
E 001 005 2.193e+01
E 001 007 8.204e+01
E 001 010 6.300e+01
E 001 011 2.200e+01
E 001 013 3.600e+01
E 002 016 3.711e+01
E 002 009 7.737e+01
E 002 017 3.551e+01
E 002 014 4.472e+00
E 002 007 3.985e+01
E 003 019 6.198e+01
E 003 012 8.322e+01
E 003 005 7.547e+01
E 003 014 5.903e+01
E 004 010 7.569e+01
E 004 013 2.195e+01
E 004 007 4.617e+01
E 005 011 9.220e+00
E 005 012 3.895e+01
E 005 014 2.961e+01
E 005 015 2.642e+01
E 006 007 6.818e+01
E 006 009 8.615e+01
E 006 011 4.342e+01
E 006 012 1.005e+01
E 006 013 3.008e+01
E 006 014 3.002e+01
E 006 016 6.580e+01
E 007 010 5.930e+01
E 007 012 6.719e+01
E 007 014 4.317e+01
E 008 009 4.904e+01
E 008 011 5.341e+01
E 008 013 6.500e+01
E 008 014 7.131e+01
E 008 018 5.045e+01
E 009 011 4.682e+01
E 009 012 7.624e+01
E 009 013 6.017e+01
E 010 012 9.080e+01
E 011 014 3.089e+01
E 011 016 3.008e+01
E 011 018 6.507e+01
E 011 019 5.045e+01
E 012 013 2.059e+01
E 013 018 6.719e+01
E 014 017 3.534e+01
E 014 019 2.220e+01
E 015 016 1.523e+01
E 017 018 6.503e+01
