N 000 010 047 8.258e-01
N 001 002 037 8.922e-01
N 002 009 072 8.501e-01
N 003 097 015 5.906e-01
N 004 045 096 3.762e-01
N 005 050 078 9.482e-01
N 006 032 022 4.750e-01
N 007 056 055 2.858e-01
N 008 063 011 3.511e-03
N 009 050 098 8.153e-01
N 010 096 026 5.277e-01
N 011 045 006 8.108e-01
N 012 064 090 9.743e-01
N 013 092 049 5.404e-01
N 014 064 069 2.128e-01
N 015 073 012 1.773e-01
N 016 014 018 5.511e-01
N 017 030 015 5.378e-02
N 018 049 069 3.021e-01
N 019 020 087 2.180e-01
E 000 001 1.281e+01
E 000 003 9.270e+01
E 000 004 6.022e+01
E 000 007 4.669e+01
E 000 008 6.407e+01
E 000 010 8.853e+01
E 000 011 5.391e+01
E 000 012 6.903e+01
E 000 014 5.831e+01
E 000 017 3.774e+01
E 000 018 4.478e+01
E 000 019 4.123e+01
E 001 004 7.301e+01
E 001 005 6.313e+01
E 001 006 3.354e+01
E 001 011 5.301e+01
E 001 013 9.080e+01
E 001 015 7.527e+01
E 002 019 1.860e+01
E 002 018 4.011e+01
E 002 003 1.048e+02
E 002 004 4.327e+01
E 002 007 4.998e+01
E 003 007 5.728e+01
E 003 014 6.329e+01
E 003 015 2.419e+01
E 003 016 8.305e+01
E 003 019 1.054e+02
E 004 008 8.688e+01
E 004 009 5.385e+00
E 004 011 9.000e+01
E 004 012 1.992e+01
E 004 019 2.657e+01
E 005 008 6.825e+01
E 005 012 1.844e+01
E 005 014 1.664e+01
E 005 009 2.000e+01
E 006 007 4.080e+01
E 006 011 2.062e+01
E 006 015 4.220e+01
E 006 016 1.844e+01
E 006 017 7.280e+00
E 006 018 4.998e+01
E 007 012 3.590e+01
E 007 013 3.650e+01
E 007 015 4.624e+01
E 008 010 3.625e+01
E 008 013 4.780e+01
E 008 014 5.801e+01
E 008 019 8.732e+01
E 009 017 8.538e+01
E 009 018 2.902e+01
E 009 011 9.214e+01
E 010 012 7.155e+01
E 010 014 5.360e+01
E 010 015 2.693e+01
E 011 018 6.313e+01
E 014 016 7.142e+01
E 016 017 1.628e+01
E 017 019 7.269e+01
