N 000 018 036 2.707e-01
N 001 070 041 2.824e-01
N 002 040 034 7.459e-01
N 003 029 097 7.415e-01
N 004 066 044 9.480e-01
N 005 070 005 1.444e-01
N 006 003 023 7.505e-01
N 007 023 063 8.315e-01
N 008 068 012 2.048e-01
N 009 057 015 3.679e-01
N 010 047 088 7.988e-01
N 011 036 026 8.367e-01
N 012 022 082 9.291e-01
N 013 026 016 7.557e-01
N 014 085 081 8.205e-01
N 015 014 099 7.640e-01
N 016 029 068 9.704e-01
N 017 069 069 3.875e-01
N 018 095 082 1.809e-01
N 019 092 044 5.872e-01
E 000 002 2.209e+01
E 000 004 4.866e+01
E 000 005 6.054e+01
E 000 007 2.746e+01
E 000 012 4.617e+01
E 000 016 3.384e+01
E 000 017 6.075e+01
E 001 002 3.081e+01
E 001 005 3.600e+01
E 001 006 6.938e+01
E 001 008 2.907e+01
E 001 010 5.233e+01
E 001 018 4.802e+01
E 002 003 6.395e+01
E 002 004 2.786e+01
E 002 005 4.173e+01
E 002 006 3.860e+01
E 002 007 3.362e+01
E 002 014 6.507e+01
E 002 015 7.001e+01
E 002 016 3.574e+01
E 003 006 7.843e+01
E 003 009 8.665e+01
E 003 011 7.134e+01
E 003 014 5.824e+01
E 003 015 1.513e+01
E 003 017 4.883e+01
E 003 018 6.768e+01
E 003 019 8.233e+01
E 004 009 3.036e+01
E 004 012 5.814e+01
E 004 015 7.569e+01
E 004 016 4.410e+01
E 005 009 1.640e+01
E 005 013 4.535e+01
E 005 015 1.094e+02
E 006 011 3.314e+01
E 006 016 5.197e+01
E 006 018 1.093e+02
E 007 008 6.801e+01
E 007 011 3.922e+01
E 007 013 4.710e+01
E 007 016 7.810e+00
E 007 017 4.639e+01
E 007 019 7.157e+01
E 008 010 7.885e+01
E 008 011 3.493e+01
E 008 014 7.106e+01
E 008 017 5.701e+01
E 009 013 3.102e+01
E 009 014 7.169e+01
E 009 017 5.532e+01
E 010 019 6.294e+01
E 010 014 3.864e+01
E 011 018 8.134e+01
E 012 017 4.876e+01
E 012 019 7.965e+01
E 013 016 5.209e+01
E 016 018 6.747e+01
E 017 018 2.907e+01
