N 000 039 088 8.440e-01
N 001 023 011 1.116e-02
N 002 094 019 7.670e-01
N 003 063 088 6.105e-01
N 004 064 063 2.403e-01
N 005 080 011 7.483e-01
N 006 058 028 9.028e-01
N 007 016 057 4.271e-01
N 008 099 053 6.630e-01
N 009 086 023 6.387e-01
N 010 051 098 6.891e-01
N 011 045 009 3.720e-01
N 012 019 014 8.499e-01
N 013 015 095 5.942e-01
N 014 002 057 6.796e-01
N 015 094 069 4.033e-01
N 016 043 063 9.145e-01
N 017 013 044 7.400e-01
N 018 084 046 9.926e-01
N 019 016 085 1.696e-01
E 000 008 6.946e+01
E 000 018 6.155e+01
E 000 015 5.819e+01
E 000 007 3.860e+01
E 001 009 6.413e+01
E 001 013 8.438e+01
E 001 015 9.168e+01
E 002 010 8.994e+01
E 002 006 3.711e+01
E 002 007 8.676e+01
E 003 004 2.502e+01
E 003 008 5.021e+01
E 003 010 1.562e+01
E 003 014 6.843e+01
E 003 015 3.636e+01
E 003 018 4.696e+01
E 003 019 4.710e+01
E 004 011 5.725e+01
E 004 012 6.653e+01
E 004 013 5.852e+01
E 004 017 5.442e+01
E 004 019 5.280e+01
E 005 008 4.610e+01
E 005 009 1.342e+01
E 005 011 3.506e+01
E 005 012 6.107e+01
E 005 014 9.055e+01
E 005 016 6.382e+01
E 005 018 3.523e+01
E 006 008 4.802e+01
E 006 011 2.302e+01
E 006 013 7.961e+01
E 006 015 5.456e+01
E 007 008 8.310e+01
E 007 010 5.391e+01
E 007 013 3.801e+01
E 007 014 1.400e+01
E 007 016 2.766e+01
E 008 010 6.580e+01
E 008 012 8.900e+01
E 008 014 9.708e+01
E 008 019 8.896e+01
E 009 010 8.276e+01
E 009 012 6.760e+01
E 009 018 2.309e+01
E 009 019 9.351e+01
E 011 012 2.648e+01
E 011 016 5.404e+01
E 011 017 4.742e+01
E 012 014 4.624e+01
E 012 015 9.301e+01
E 012 016 5.456e+01
E 013 014 4.016e+01
E 013 018 8.463e+01
E 013 019 1.005e+01
E 014 016 4.144e+01
E 014 019 3.130e+01
E 015 017 8.477e+01
E 016 017 3.551e+01
E 018 019 7.839e+01
