N 000 059 063 1.137e-02
N 001 075 040 3.677e-01
N 002 030 070 2.452e-01
N 003 029 099 2.792e-01
N 004 052 043 3.966e-01
N 005 072 059 3.930e-02
N 006 065 038 3.665e-01
N 007 010 067 5.267e-01
N 008 038 061 6.514e-01
N 009 056 017 2.395e-01
N 010 027 079 7.228e-01
N 011 092 052 2.999e-01
N 012 001 009 8.449e-01
N 013 031 001 9.839e-01
N 014 046 052 3.447e-01
N 015 094 029 3.982e-01
N 016 003 027 1.365e-01
N 017 004 003 4.939e-01
N 018 044 089 4.879e-01
N 019 018 009 5.171e-01
E 000 002 2.983e+01
E 000 006 2.571e+01
E 000 012 7.925e+01
E 000 013 6.803e+01
E 000 015 4.880e+01
E 000 019 6.780e+01
E 001 009 2.983e+01
E 001 018 5.798e+01
E 001 012 8.023e+01
E 001 017 8.006e+01
E 001 015 2.195e+01
E 002 004 3.483e+01
E 002 006 4.742e+01
E 002 007 2.022e+01
E 002 010 9.487e+00
E 002 016 5.077e+01
E 003 016 7.655e+01
E 003 009 8.633e+01
E 003 018 1.803e+01
E 003 015 9.552e+01
E 003 007 3.722e+01
E 004 010 4.383e+01
E 005 017 8.809e+01
E 005 010 4.924e+01
E 005 019 7.359e+01
E 005 012 8.684e+01
E 005 015 3.720e+01
E 006 010 5.590e+01
E 006 012 7.026e+01
E 006 013 5.025e+01
E 006 016 6.297e+01
E 007 010 2.081e+01
E 007 012 5.869e+01
E 007 013 6.926e+01
E 007 015 9.220e+01
E 007 017 6.428e+01
E 007 019 5.855e+01
E 008 009 4.754e+01
E 008 010 2.110e+01
E 008 011 5.474e+01
E 008 012 6.382e+01
E 008 013 6.041e+01
E 008 014 1.204e+01
E 008 016 4.880e+01
E 008 019 5.571e+01
E 009 010 6.845e+01
E 009 016 5.394e+01
E 010 011 7.038e+01
E 010 015 8.360e+01
E 010 019 7.058e+01
E 011 012 1.006e+02
E 011 015 2.309e+01
E 011 016 9.244e+01
E 011 018 6.061e+01
E 012 018 9.082e+01
E 012 019 1.700e+01
E 014 017 6.454e+01
E 014 015 5.323e+01
E 015 018 7.810e+01
E 016 017 2.402e+01
