N 000 088 079 8.860e-01
N 001 040 005 5.939e-01
N 002 012 063 5.945e-01
N 003 087 004 8.411e-01
N 004 098 046 1.181e-01
N 005 079 073 4.961e-01
N 006 011 084 6.880e-01
N 007 090 074 1.597e-01
N 008 023 006 9.163e-01
N 009 046 061 7.285e-01
N 010 002 007 3.288e-01
N 011 055 066 8.519e-01
N 012 023 015 5.830e-01
N 013 035 095 9.927e-01
N 014 057 054 7.102e-01
N 015 017 023 3.113e-01
N 016 031 040 1.028e-03
N 017 008 062 8.664e-01
N 018 028 011 5.097e-01
N 019 033 026 1.725e-01
E 000 004 3.448e+01
E 000 008 9.774e+01
E 000 009 4.569e+01
E 000 010 1.122e+02
E 000 012 9.122e+01
E 000 015 9.043e+01
E 000 017 8.179e+01
E 000 019 7.638e+01
E 001 003 4.701e+01
E 001 005 7.839e+01
E 001 006 8.415e+01
E 001 015 2.921e+01
E 001 017 6.537e+01
E 001 018 1.342e+01
E 002 016 2.983e+01
E 002 010 5.689e+01
E 002 019 4.254e+01
E 002 018 5.441e+01
E 002 014 4.589e+01
E 003 007 7.006e+01
E 003 008 6.403e+01
E 003 011 6.977e+01
E 003 012 6.494e+01
E 003 016 6.657e+01
E 003 017 9.801e+01
E 004 005 3.302e+01
E 004 013 7.981e+01
E 005 006 6.888e+01
E 005 007 1.105e+01
E 005 008 8.732e+01
E 005 009 3.511e+01
E 005 012 8.062e+01
E 005 016 5.825e+01
E 006 008 7.892e+01
E 006 012 7.004e+01
E 006 016 4.833e+01
E 006 018 7.495e+01
E 006 019 6.203e+01
E 007 008 9.546e+01
E 007 011 3.590e+01
E 007 017 8.287e+01
E 008 010 2.102e+01
E 009 016 2.581e+01
E 009 010 6.966e+01
E 009 013 3.574e+01
E 010 011 7.931e+01
E 010 013 9.398e+01
E 011 012 6.021e+01
E 011 015 5.738e+01
E 011 017 4.717e+01
E 012 016 2.625e+01
E 012 018 6.403e+00
E 012 019 1.487e+01
E 013 019 6.903e+01
E 013 017 4.264e+01
E 014 017 4.965e+01
E 015 016 2.202e+01
E 015 018 1.628e+01
E 015 019 1.628e+01
E 018 019 1.581e+01
