N 000 068 058 8.270e-01
N 001 052 001 9.113e-01
N 002 013 015 7.116e-01
N 003 039 094 2.638e-01
N 004 087 011 2.736e-01
N 005 055 093 2.532e-01
N 006 026 084 9.865e-01
N 007 019 031 8.808e-01
N 008 030 005 3.437e-01
N 009 000 061 6.315e-01
N 010 006 014 9.573e-01
N 011 011 050 9.486e-01
N 012 015 020 5.626e-01
N 013 057 020 8.478e-01
N 014 080 034 8.816e-01
N 015 000 023 7.274e-01
N 016 052 048 7.845e-01
N 017 010 067 1.675e-02
N 018 082 062 6.134e-01
N 019 052 066 2.853e-01
E 000 001 5.920e+01
E 000 010 7.603e+01
E 000 011 5.756e+01
E 000 018 1.456e+01
E 000 015 7.648e+01
E 001 003 9.390e+01
E 001 004 3.640e+01
E 001 011 6.389e+01
E 001 012 4.159e+01
E 001 014 4.328e+01
E 001 015 5.646e+01
E 002 016 5.109e+01
E 002 018 8.349e+01
E 002 013 4.428e+01
E 002 014 6.964e+01
E 002 007 1.709e+01
E 003 010 8.654e+01
E 003 011 5.215e+01
E 003 006 1.640e+01
E 003 009 5.109e+01
E 004 005 8.802e+01
E 004 010 8.106e+01
E 004 014 2.404e+01
E 004 015 8.782e+01
E 004 017 9.521e+01
E 005 007 7.169e+01
E 005 011 6.152e+01
E 005 016 4.510e+01
E 005 018 4.111e+01
E 005 019 2.717e+01
E 006 017 2.335e+01
E 006 013 7.111e+01
E 006 007 5.346e+01
E 007 009 3.551e+01
E 007 012 1.170e+01
E 007 015 2.062e+01
E 007 019 4.810e+01
E 008 017 6.515e+01
E 008 018 7.716e+01
E 008 011 4.885e+01
E 008 012 2.121e+01
E 008 013 3.089e+01
E 009 010 4.738e+01
E 009 015 3.800e+01
E 009 016 5.360e+01
E 009 017 1.166e+01
E 009 019 5.224e+01
E 010 011 3.635e+01
E 010 016 5.720e+01
E 011 013 5.492e+01
E 011 017 1.703e+01
E 012 013 4.200e+01
E 012 014 6.649e+01
E 012 015 1.530e+01
E 012 017 4.727e+01
E 012 018 7.908e+01
E 012 019 5.903e+01
E 014 017 7.739e+01
E 014 019 4.252e+01
E 017 019 4.201e+01
