N 000 006 024 5.549e-01
N 001 008 040 6.003e-01
N 002 083 023 8.018e-01
N 003 026 019 2.167e-01
N 004 046 022 7.835e-01
N 005 066 077 7.902e-01
N 006 033 065 7.072e-02
N 007 045 093 6.918e-02
N 008 085 095 8.893e-01
N 009 088 025 2.400e-01
N 010 073 095 7.558e-01
N 011 032 036 5.833e-01
N 012 092 004 6.364e-01
N 013 038 086 4.567e-01
N 014 061 049 8.740e-01
N 015 064 072 8.425e-01
N 016 052 041 1.452e-01
N 017 006 018 4.649e-01
N 018 034 067 3.450e-02
N 019 022 036 3.351e-02
E 000 003 2.062e+01
E 000 004 4.005e+01
E 000 005 8.006e+01
E 000 007 7.926e+01
E 000 008 1.062e+02
E 000 009 8.201e+01
E 000 010 9.762e+01
E 000 018 5.131e+01
E 000 019 2.000e+01
E 001 002 7.690e+01
E 001 010 8.515e+01
E 001 005 6.880e+01
E 002 003 5.714e+01
E 002 005 5.661e+01
E 002 006 6.530e+01
E 002 013 7.742e+01
E 002 019 6.237e+01
E 003 004 2.022e+01
E 003 008 9.621e+01
E 003 011 1.803e+01
E 003 013 6.807e+01
E 003 014 4.610e+01
E 003 017 2.002e+01
E 004 013 6.450e+01
E 004 014 3.089e+01
E 004 015 5.314e+01
E 004 017 4.020e+01
E 004 018 4.657e+01
E 004 019 2.778e+01
E 005 007 2.640e+01
E 005 009 5.646e+01
E 005 014 2.844e+01
E 006 007 3.046e+01
E 006 011 2.902e+01
E 006 012 8.486e+01
E 006 015 3.178e+01
E 006 017 5.420e+01
E 006 018 2.236e+00
E 007 017 8.453e+01
E 007 011 5.846e+01
E 008 010 1.200e+01
E 008 013 4.785e+01
E 008 014 5.188e+01
E 008 019 8.631e+01
E 009 010 7.159e+01
E 009 012 2.138e+01
E 009 016 3.940e+01
E 009 019 6.691e+01
E 010 018 4.801e+01
E 010 019 7.799e+01
E 011 014 3.178e+01
E 012 019 7.697e+01
E 012 014 5.464e+01
E 012 017 8.713e+01
E 013 015 2.953e+01
E 013 016 4.713e+01
E 013 019 5.250e+01
E 015 017 7.925e+01
E 016 017 5.143e+01
E 017 018 5.644e+01
