N 000 015 084 3.235e-01
N 001 055 022 4.594e-01
N 002 066 037 6.840e-01
N 003 045 081 9.365e-03
N 004 059 013 8.595e-01
N 005 012 067 9.267e-01
N 006 056 001 1.229e-01
N 007 022 041 5.797e-01
N 008 046 042 3.209e-01
N 009 032 063 1.462e-01
N 010 099 002 8.534e-02
N 011 045 080 4.667e-03
N 012 028 076 9.344e-01
N 013 023 036 6.793e-01
N 014 096 094 4.601e-01
N 015 045 026 3.695e-01
N 016 009 076 5.790e-01
N 017 012 063 2.123e-01
N 018 076 075 4.692e-01
N 019 004 061 6.609e-01
E 000 001 7.378e+01
E 000 006 9.257e+01
E 000 017 2.121e+01
E 001 002 1.860e+01
E 001 004 9.849e+00
E 001 005 6.224e+01
E 001 006 2.102e+01
E 001 010 4.833e+01
E 001 013 3.493e+01
E 001 016 7.094e+01
E 001 017 5.941e+01
E 002 005 6.177e+01
E 002 006 3.736e+01
E 002 009 4.280e+01
E 002 010 4.810e+01
E 002 012 5.445e+01
E 002 017 5.993e+01
E 003 008 3.901e+01
E 003 009 2.220e+01
E 003 019 4.562e+01
E 003 012 1.772e+01
E 003 013 5.009e+01
E 004 019 7.300e+01
E 004 015 1.910e+01
E 004 009 5.682e+01
E 005 007 2.786e+01
E 005 009 2.040e+01
E 005 010 1.086e+02
E 005 014 8.823e+01
E 005 018 6.450e+01
E 006 007 5.250e+01
E 006 008 4.220e+01
E 006 011 7.976e+01
E 006 012 8.006e+01
E 006 015 2.731e+01
E 006 017 7.603e+01
E 006 019 7.940e+01
E 007 010 8.631e+01
E 007 012 3.551e+01
E 007 014 9.102e+01
E 007 015 2.746e+01
E 007 019 2.691e+01
E 008 011 3.801e+01
E 008 015 1.603e+01
E 008 018 4.460e+01
E 008 019 4.610e+01
E 009 013 2.846e+01
E 009 019 2.807e+01
E 010 013 8.326e+01
E 010 014 9.205e+01
E 010 017 1.063e+02
E 011 019 4.519e+01
E 012 014 7.034e+01
E 012 019 2.830e+01
E 013 015 2.417e+01
E 014 019 9.774e+01
E 015 018 5.798e+01
E 015 019 5.391e+01
E 016 018 6.701e+01
E 016 017 1.334e+01
