N 000 040 048 7.058e-01
N 001 028 051 8.844e-01
N 002 016 033 4.624e-01
N 003 084 069 4.561e-01
N 004 043 057 8.861e-01
N 005 057 040 7.916e-01
N 006 052 034 4.176e-01
N 007 076 030 3.374e-01
N 008 005 078 5.589e-01
N 009 055 067 5.013e-01
N 010 082 093 1.108e-01
N 011 028 095 7.831e-01
N 012 009 057 8.542e-01
N 013 066 066 7.488e-02
N 014 061 000 2.921e-01
N 015 031 097 1.530e-02
N 016 075 086 7.872e-01
N 017 035 005 4.741e-01
N 018 035 094 9.982e-01
N 019 049 040 2.731e-01
E 000 012 3.228e+01
E 000 018 4.627e+01
E 000 004 9.487e+00
E 000 006 1.844e+01
E 001 002 2.163e+01
E 001 003 5.882e+01
E 001 007 5.239e+01
E 001 009 3.138e+01
E 001 012 1.992e+01
E 001 014 6.075e+01
E 002 004 3.612e+01
E 002 010 8.920e+01
E 002 011 6.315e+01
E 002 014 5.580e+01
E 002 017 3.384e+01
E 002 018 6.389e+01
E 003 004 4.272e+01
E 003 007 3.981e+01
E 003 009 2.907e+01
E 003 010 2.408e+01
E 003 012 7.595e+01
E 003 016 1.924e+01
E 003 018 5.501e+01
E 004 006 2.470e+01
E 004 009 1.562e+01
E 004 011 4.085e+01
E 004 013 2.470e+01
E 004 017 5.261e+01
E 004 019 1.803e+01
E 005 009 2.707e+01
E 005 019 8.000e+00
E 005 012 5.092e+01
E 005 013 2.751e+01
E 005 014 4.020e+01
E 006 009 3.314e+01
E 006 018 6.236e+01
E 006 007 2.433e+01
E 007 009 4.254e+01
E 007 012 7.224e+01
E 007 015 8.071e+01
E 007 017 4.802e+01
E 008 016 7.046e+01
E 008 010 7.845e+01
E 008 011 2.860e+01
E 008 014 9.602e+01
E 008 015 3.220e+01
E 009 010 3.748e+01
E 009 011 3.890e+01
E 009 012 4.707e+01
E 010 011 5.404e+01
E 010 013 3.138e+01
E 011 015 3.606e+00
E 011 018 7.071e+00
E 012 014 7.716e+01
E 013 014 6.619e+01
E 013 015 4.675e+01
E 013 019 3.106e+01
E 014 018 9.753e+01
E 015 017 9.209e+01
E 015 018 5.000e+00
