N 000 060 090 6.218e-02
N 001 041 065 2.023e-01
N 002 061 041 8.258e-02
N 003 080 052 2.815e-01
N 004 014 062 4.532e-01
N 005 002 026 7.097e-01
N 006 082 006 2.869e-01
N 007 040 040 4.581e-01
N 008 077 099 5.237e-01
N 009 069 017 4.061e-01
N 010 034 092 6.527e-02
N 011 031 069 9.505e-01
N 012 095 078 5.845e-01
N 013 076 016 2.966e-01
N 014 028 039 3.348e-01
N 015 074 003 5.543e-01
N 016 080 013 2.415e-01
N 017 084 025 8.476e-01
N 018 006 044 6.184e-01
N 019 026 000 6.916e-01
E 000 009 7.355e+01
E 000 018 7.094e+01
E 000 013 7.571e+01
E 001 018 4.082e+01
E 001 019 6.671e+01
E 001 005 5.515e+01
E 001 006 7.185e+01
E 001 013 6.022e+01
E 002 005 6.088e+01
E 002 006 4.082e+01
E 002 007 2.102e+01
E 002 008 6.017e+01
E 002 011 4.104e+01
E 002 017 2.802e+01
E 003 007 4.176e+01
E 003 013 3.622e+01
E 003 015 4.937e+01
E 003 016 3.900e+01
E 003 018 7.443e+01
E 003 019 7.497e+01
E 004 017 7.918e+01
E 004 019 6.315e+01
E 004 014 2.693e+01
E 004 015 8.415e+01
E 005 008 1.047e+02
E 005 009 6.760e+01
E 005 010 7.335e+01
E 005 012 1.066e+02
E 005 013 7.467e+01
E 005 015 7.558e+01
E 006 017 1.910e+01
E 006 015 8.544e+00
E 007 008 6.964e+01
E 007 009 3.701e+01
E 007 010 5.235e+01
E 007 011 3.036e+01
E 007 013 4.327e+01
E 007 019 4.238e+01
E 008 009 8.239e+01
E 008 016 8.605e+01
E 008 017 7.433e+01
E 009 010 8.276e+01
E 009 015 1.487e+01
E 009 016 1.170e+01
E 009 018 6.854e+01
E 010 012 6.259e+01
E 010 014 5.334e+01
E 010 015 9.758e+01
E 010 018 5.557e+01
E 010 019 9.235e+01
E 011 015 7.877e+01
E 011 013 6.953e+01
E 012 015 7.788e+01
E 012 013 6.485e+01
E 013 014 5.323e+01
E 014 018 2.256e+01
E 014 015 5.841e+01
E 015 017 2.417e+01
E 016 018 8.023e+01
E 017 018 8.028e+01
