N 000 029 094 9.174e-01
N 001 059 018 3.867e-02
N 002 066 000 3.005e-01
N 003 019 097 6.958e-01
N 004 021 013 4.125e-01
N 005 066 079 1.475e-01
N 006 066 061 2.744e-01
N 007 036 009 7.646e-01
N 008 018 072 7.286e-01
N 009 077 062 1.209e-01
N 010 024 096 2.810e-01
N 011 055 094 3.361e-01
N 012 037 095 6.633e-02
N 013 063 070 8.679e-01
N 014 040 028 4.676e-01
N 015 089 048 5.761e-01
N 016 066 005 3.010e-01
N 017 008 039 9.144e-01
N 018 046 006 7.981e-01
N 019 059 002 9.994e-01
E 000 001 8.171e+01
E 000 002 1.010e+02
E 000 003 1.044e+01
E 000 005 3.992e+01
E 000 008 2.460e+01
E 000 009 5.769e+01
E 000 010 5.385e+00
E 000 012 8.062e+00
E 000 014 6.691e+01
E 000 017 5.887e+01
E 001 005 6.140e+01
E 001 007 2.470e+01
E 001 008 6.780e+01
E 001 014 2.147e+01
E 001 016 1.476e+01
E 002 005 7.900e+01
E 002 006 6.100e+01
E 002 007 3.132e+01
E 002 008 8.653e+01
E 002 011 9.464e+01
E 002 016 5.000e+00
E 002 017 6.989e+01
E 002 019 7.280e+00
E 003 008 2.502e+01
E 003 013 5.162e+01
E 004 016 4.571e+01
E 004 009 7.441e+01
E 004 018 2.596e+01
E 004 006 6.580e+01
E 004 007 1.552e+01
E 005 009 2.025e+01
E 005 012 3.312e+01
E 005 013 9.487e+00
E 005 016 7.400e+01
E 005 019 7.732e+01
E 006 018 5.852e+01
E 006 010 5.467e+01
E 006 007 6.003e+01
E 007 009 6.701e+01
E 007 016 3.027e+01
E 007 018 1.044e+01
E 008 009 5.984e+01
E 008 012 2.983e+01
E 008 013 4.504e+01
E 008 014 4.919e+01
E 008 017 3.448e+01
E 008 018 7.169e+01
E 009 018 6.401e+01
E 010 019 1.003e+02
E 010 011 3.106e+01
E 011 017 7.235e+01
E 011 019 9.209e+01
E 011 013 2.530e+01
E 013 015 3.406e+01
E 013 018 6.622e+01
E 013 019 6.812e+01
E 014 015 5.292e+01
E 015 018 6.011e+01
E 015 019 5.492e+01
E 016 018 2.002e+01
