N 000 073 035 6.250e-01
N 001 091 033 8.114e-01
N 002 072 044 7.613e-01
N 003 063 089 8.857e-01
N 004 055 099 6.766e-02
N 005 046 027 7.548e-01
N 006 091 054 7.224e-01
N 007 013 004 9.969e-01
N 008 003 085 5.575e-01
N 009 074 094 8.634e-01
N 010 067 023 6.289e-01
N 011 050 076 4.704e-01
N 012 097 024 3.547e-01
N 013 052 088 8.529e-01
N 014 012 025 8.025e-01
N 015 072 076 2.206e-01
N 016 039 093 9.794e-01
N 017 016 073 2.925e-01
N 018 044 020 4.563e-01
N 019 088 001 3.019e-01
E 000 004 6.648e+01
E 000 005 2.816e+01
E 000 009 5.901e+01
E 000 012 2.640e+01
E 000 014 6.181e+01
E 000 016 6.723e+01
E 000 017 6.851e+01
E 000 018 3.265e+01
E 000 019 3.716e+01
E 001 003 6.261e+01
E 001 004 7.518e+01
E 001 013 6.742e+01
E 002 003 4.589e+01
E 002 004 5.757e+01
E 002 009 5.004e+01
E 002 010 2.159e+01
E 002 011 3.883e+01
E 002 012 3.202e+01
E 002 013 4.833e+01
E 002 014 6.294e+01
E 002 017 6.306e+01
E 002 018 3.688e+01
E 002 019 4.588e+01
E 003 007 9.862e+01
E 003 008 6.013e+01
E 003 009 1.208e+01
E 003 012 7.336e+01
E 003 014 8.184e+01
E 003 015 1.581e+01
E 003 016 2.433e+01
E 003 018 7.157e+01
E 003 019 9.148e+01
E 004 010 7.694e+01
E 004 013 1.140e+01
E 004 015 2.860e+01
E 005 017 5.492e+01
E 005 010 2.138e+01
E 005 011 4.916e+01
E 006 011 4.653e+01
E 006 012 3.059e+01
E 006 014 8.415e+01
E 007 017 6.907e+01
E 007 013 9.261e+01
E 007 014 2.102e+01
E 008 011 4.785e+01
E 008 017 1.769e+01
E 008 018 7.685e+01
E 008 015 6.958e+01
E 009 011 3.000e+01
E 009 017 6.168e+01
E 010 011 5.566e+01
E 010 014 5.504e+01
E 011 012 7.009e+01
E 011 013 1.217e+01
E 011 017 3.413e+01
E 011 019 8.408e+01
E 012 016 9.014e+01
E 015 016 3.712e+01
E 015 017 5.608e+01
E 017 018 5.994e+01
