N 000 049 058 4.369e-01
N 001 096 094 6.240e-01
N 002 055 053 7.324e-01
N 003 073 067 9.573e-01
N 004 008 046 8.321e-01
N 005 041 033 5.267e-01
N 006 082 048 4.855e-01
N 007 036 098 8.693e-01
N 008 095 054 4.685e-01
N 009 007 093 3.271e-01
N 010 089 087 5.081e-01
N 011 057 029 6.797e-01
N 012 049 051 8.408e-02
N 013 034 018 4.419e-01
N 014 077 066 8.736e-01
N 015 086 060 8.333e-01
N 016 077 093 3.330e-01
N 017 096 014 7.143e-01
N 018 099 071 9.805e-01
N 019 065 016 6.706e-01
E 000 002 7.810e+00
E 000 003 2.563e+01
E 000 004 4.272e+01
E 000 009 5.467e+01
E 000 011 3.008e+01
E 000 014 2.912e+01
E 000 016 4.482e+01
E 000 018 5.166e+01
E 001 006 4.808e+01
E 001 012 6.370e+01
E 001 014 3.384e+01
E 001 015 3.544e+01
E 001 016 1.903e+01
E 001 019 8.393e+01
E 002 003 2.280e+01
E 002 007 4.885e+01
E 002 009 6.248e+01
E 002 011 2.408e+01
E 002 013 4.082e+01
E 003 007 4.827e+01
E 003 010 2.561e+01
E 003 012 2.884e+01
E 003 013 6.263e+01
E 003 015 1.476e+01
E 004 005 3.547e+01
E 004 006 7.403e+01
E 004 010 9.079e+01
E 004 014 7.184e+01
E 004 015 7.925e+01
E 004 017 9.364e+01
E 004 019 6.441e+01
E 005 008 5.794e+01
E 005 019 2.941e+01
E 005 013 1.655e+01
E 006 013 5.660e+01
E 006 009 8.746e+01
E 007 008 7.360e+01
E 007 009 2.943e+01
E 007 011 7.212e+01
E 007 012 4.876e+01
E 007 017 1.032e+02
E 008 009 9.625e+01
E 008 014 2.163e+01
E 008 015 1.082e+01
E 008 019 4.841e+01
E 009 013 7.971e+01
E 009 019 9.640e+01
E 010 011 6.624e+01
E 010 014 2.419e+01
E 010 015 2.717e+01
E 010 016 1.342e+01
E 010 018 1.887e+01
E 011 017 4.179e+01
E 013 017 6.213e+01
E 013 019 3.106e+01
E 014 015 1.082e+01
E 014 016 2.700e+01
E 014 019 5.142e+01
E 015 016 3.421e+01
E 017 019 3.106e+01
