N 000 084 065 8.398e-01
N 001 024 060 8.313e-01
N 002 063 082 3.963e-01
N 003 029 060 6.346e-01
N 004 073 058 8.126e-01
N 005 067 071 7.895e-01
N 006 024 003 2.536e-01
N 007 011 053 7.000e-02
N 008 086 068 8.548e-02
N 009 021 034 9.519e-01
N 010 033 006 5.273e-01
N 011 021 009 5.095e-01
N 012 036 044 4.561e-01
N 013 084 082 7.500e-01
N 014 064 068 7.663e-01
N 015 083 014 5.979e-01
N 016 032 069 4.022e-01
N 017 030 034 5.801e-01
N 018 058 096 9.298e-01
N 019 066 034 5.642e-01
E 000 016 5.215e+01
E 000 010 7.799e+01
E 000 004 1.304e+01
E 000 006 8.628e+01
E 000 007 7.398e+01
E 001 002 4.478e+01
E 001 007 1.476e+01
E 001 011 5.109e+01
E 001 012 2.000e+01
E 001 015 7.481e+01
E 001 017 2.668e+01
E 002 003 4.050e+01
E 002 004 2.600e+01
E 002 015 7.088e+01
E 002 017 5.825e+01
E 002 019 4.809e+01
E 003 004 4.405e+01
E 003 008 5.756e+01
E 003 010 5.415e+01
E 003 011 5.162e+01
E 003 013 5.924e+01
E 003 015 7.094e+01
E 003 018 4.623e+01
E 003 019 4.522e+01
E 004 005 1.432e+01
E 004 006 7.366e+01
E 004 009 5.727e+01
E 004 010 6.560e+01
E 005 019 3.701e+01
E 005 011 7.720e+01
E 005 006 8.045e+01
E 005 007 5.882e+01
E 006 009 3.114e+01
E 006 010 9.487e+00
E 006 014 7.632e+01
E 007 010 5.189e+01
E 007 011 4.512e+01
E 007 012 2.657e+01
E 008 010 8.157e+01
E 008 012 5.546e+01
E 008 013 1.414e+01
E 008 015 5.408e+01
E 008 017 6.551e+01
E 009 012 1.803e+01
E 009 011 2.500e+01
E 009 017 9.000e+00
E 010 019 4.328e+01
E 011 012 3.808e+01
E 011 013 9.643e+01
E 011 014 7.301e+01
E 011 019 5.148e+01
E 012 014 3.688e+01
E 014 016 3.202e+01
E 014 018 2.864e+01
E 014 019 3.406e+01
E 015 017 5.665e+01
E 015 019 2.625e+01
E 016 017 3.506e+01
E 017 019 3.600e+01
E 018 019 6.251e+01
