N 000 010 038 6.101e-01
N 001 026 095 8.573e-01
N 002 078 044 9.838e-01
N 003 011 039 9.911e-01
N 004 095 017 3.421e-01
N 005 064 093 4.049e-01
N 006 004 086 9.019e-01
N 007 068 014 1.960e-01
N 008 084 062 3.387e-01
N 009 045 090 2.962e-01
N 010 000 022 6.946e-01
N 011 069 048 1.432e-01
N 012 047 051 4.671e-01
N 013 095 028 5.313e-01
N 014 077 042 5.741e-01
N 015 008 073 3.889e-01
N 016 072 058 4.667e-01
N 017 066 004 1.640e-01
N 018 020 072 8.731e-01
N 019 050 069 9.209e-02
E 000 003 1.414e+00
E 000 005 7.708e+01
E 000 006 4.837e+01
E 000 007 6.277e+01
E 000 008 7.779e+01
E 000 009 6.268e+01
E 000 014 6.712e+01
E 000 016 6.515e+01
E 001 004 1.041e+02
E 001 005 3.805e+01
E 001 007 9.124e+01
E 001 010 7.749e+01
E 001 012 4.875e+01
E 001 013 9.618e+01
E 001 014 7.355e+01
E 001 015 2.843e+01
E 001 018 2.377e+01
E 002 008 1.897e+01
E 002 015 7.577e+01
E 003 008 7.654e+01
E 003 010 2.025e+01
E 003 012 3.795e+01
E 003 014 6.607e+01
E 003 017 6.519e+01
E 004 006 1.142e+02
E 004 007 2.717e+01
E 004 010 9.513e+01
E 004 014 3.081e+01
E 004 015 1.035e+02
E 004 017 3.178e+01
E 005 018 4.875e+01
E 005 007 7.910e+01
E 006 008 8.352e+01
E 006 009 4.119e+01
E 006 011 7.529e+01
E 006 015 1.360e+01
E 006 017 1.028e+02
E 006 019 4.904e+01
E 007 008 5.060e+01
E 007 012 4.254e+01
E 007 013 3.041e+01
E 007 018 7.529e+01
E 008 014 2.119e+01
E 008 015 7.679e+01
E 008 017 6.073e+01
E 008 018 6.478e+01
E 009 010 8.154e+01
E 009 012 3.905e+01
E 010 012 5.523e+01
E 010 014 7.956e+01
E 010 016 8.050e+01
E 011 016 1.044e+01
E 011 018 5.456e+01
E 011 015 6.592e+01
E 012 018 3.421e+01
E 013 016 3.780e+01
E 013 018 8.695e+01
E 014 015 7.564e+01
E 014 019 3.818e+01
E 016 017 5.433e+01
