N 000 063 032 2.687e-01
N 001 083 048 4.893e-01
N 002 011 009 6.334e-01
N 003 013 061 6.679e-01
N 004 034 057 6.260e-01
N 005 099 092 3.862e-01
N 006 061 047 5.832e-01
N 007 097 081 9.660e-01
N 008 022 059 8.585e-01
N 009 020 035 2.489e-01
N 010 004 065 2.713e-01
N 011 019 003 3.369e-01
N 012 041 013 2.840e-01
N 013 049 091 9.719e-01
N 014 000 088 5.328e-02
N 015 072 038 9.503e-01
N 016 033 091 5.428e-01
N 017 084 005 3.753e-01
N 018 072 023 2.176e-01
N 019 079 047 1.659e-01
E 000 004 3.829e+01
E 000 005 6.997e+01
E 000 011 5.270e+01
E 000 016 6.619e+01
E 000 018 1.273e+01
E 000 019 2.193e+01
E 001 016 6.595e+01
E 001 017 4.301e+01
E 001 002 8.188e+01
E 001 018 2.731e+01
E 001 005 4.682e+01
E 002 006 6.280e+01
E 002 008 5.120e+01
E 002 009 2.751e+01
E 002 012 3.027e+01
E 002 013 9.038e+01
E 002 014 7.976e+01
E 002 016 8.490e+01
E 002 017 7.311e+01
E 003 008 9.220e+00
E 003 017 9.043e+01
E 003 012 5.557e+01
E 003 006 5.000e+01
E 003 015 6.332e+01
E 004 008 1.217e+01
E 004 009 2.608e+01
E 004 010 3.105e+01
E 004 012 4.455e+01
E 004 014 4.601e+01
E 004 016 3.401e+01
E 004 019 4.610e+01
E 005 007 1.118e+01
E 005 008 8.377e+01
E 005 011 1.197e+02
E 005 013 5.001e+01
E 005 014 9.908e+01
E 006 013 4.561e+01
E 006 007 4.952e+01
E 007 008 7.816e+01
E 007 009 8.969e+01
E 007 011 1.103e+02
E 007 014 9.725e+01
E 007 017 7.710e+01
E 007 019 3.847e+01
E 008 009 2.408e+01
E 008 012 4.977e+01
E 008 014 3.640e+01
E 008 019 5.825e+01
E 009 017 7.068e+01
E 010 012 6.382e+01
E 010 018 7.992e+01
E 010 011 6.379e+01
E 011 016 8.911e+01
E 011 017 6.503e+01
E 012 015 3.982e+01
E 012 019 5.099e+01
E 013 017 9.285e+01
E 013 015 5.778e+01
E 014 018 9.700e+01
E 017 018 2.163e+01
