N 000 011 044 7.585e-02
N 001 000 005 4.622e-01
N 002 089 023 2.571e-01
N 003 034 021 5.004e-01
N 004 054 077 7.628e-01
N 005 019 028 8.084e-01
N 006 087 010 2.732e-01
N 007 004 051 3.187e-01
N 008 022 053 8.179e-01
N 009 061 002 7.416e-01
N 010 069 035 2.149e-01
N 011 091 000 7.819e-01
N 012 084 025 5.070e-01
N 013 021 026 1.903e-02
N 014 004 013 6.118e-01
N 015 041 062 3.155e-01
N 016 076 081 5.706e-01
N 017 036 004 7.824e-01
N 018 065 041 7.860e-02
N 019 055 005 7.999e-01
E 000 003 3.253e+01
E 000 005 1.789e+01
E 000 008 1.421e+01
E 000 012 7.543e+01
E 000 013 2.059e+01
E 000 016 7.479e+01
E 001 002 9.080e+01
E 001 004 9.000e+01
E 001 009 6.107e+01
E 001 012 8.635e+01
E 001 015 7.021e+01
E 001 019 5.500e+01
E 002 018 3.000e+01
E 002 013 6.807e+01
E 003 004 5.946e+01
E 003 005 1.655e+01
E 003 006 5.413e+01
E 003 009 3.302e+01
E 003 015 4.159e+01
E 003 016 7.324e+01
E 003 017 1.712e+01
E 003 018 3.689e+01
E 004 008 4.000e+01
E 004 009 7.533e+01
E 004 011 8.543e+01
E 004 016 2.236e+01
E 004 017 7.519e+01
E 004 018 3.764e+01
E 004 019 7.201e+01
E 005 007 2.746e+01
E 006 008 7.794e+01
E 006 011 1.077e+01
E 006 014 8.305e+01
E 006 015 6.943e+01
E 006 017 5.135e+01
E 006 018 3.801e+01
E 007 009 7.517e+01
E 007 012 8.412e+01
E 007 014 3.800e+01
E 007 016 7.800e+01
E 007 017 5.686e+01
E 008 010 5.033e+01
E 008 011 8.701e+01
E 008 014 4.386e+01
E 008 015 2.102e+01
E 008 019 5.825e+01
E 009 012 3.253e+01
E 010 016 4.653e+01
E 010 018 7.211e+00
E 010 011 4.134e+01
E 011 018 4.855e+01
E 012 013 6.301e+01
E 012 015 5.673e+01
E 012 016 5.657e+01
E 012 018 2.484e+01
E 013 016 7.778e+01
E 013 018 4.649e+01
E 014 016 9.904e+01
E 014 017 3.324e+01
E 016 019 7.885e+01
