N 000 001 015 6.892e-01
N 001 091 056 7.805e-01
N 002 078 036 8.756e-01
N 003 085 026 4.833e-01
N 004 033 023 6.876e-01
N 005 034 041 7.611e-01
N 006 014 008 3.935e-02
N 007 062 071 6.685e-01
N 008 087 069 8.056e-02
N 009 025 021 4.816e-01
N 010 074 085 7.803e-01
N 011 074 007 5.497e-01
N 012 092 038 9.881e-01
N 013 003 063 6.714e-01
N 014 038 088 9.207e-01
N 015 094 019 7.620e-01
N 016 076 005 5.407e-01
N 017 086 051 7.904e-01
N 018 080 067 6.598e-01
N 019 076 063 3.317e-01
E 000 009 2.474e+01
E 000 003 8.472e+01
E 000 006 1.476e+01
E 001 002 2.385e+01
E 001 003 3.059e+01
E 001 008 1.360e+01
E 001 010 3.362e+01
E 001 015 3.712e+01
E 001 018 1.556e+01
E 001 019 1.655e+01
E 002 006 6.986e+01
E 002 007 3.848e+01
E 002 009 5.508e+01
E 002 010 4.916e+01
E 002 011 2.927e+01
E 002 018 3.106e+01
E 002 019 2.707e+01
E 003 004 5.209e+01
E 003 006 7.325e+01
E 003 008 4.305e+01
E 003 010 6.002e+01
E 003 014 7.780e+01
E 003 017 2.502e+01
E 004 018 6.438e+01
E 004 005 1.803e+01
E 004 006 2.421e+01
E 004 015 6.113e+01
E 005 008 5.994e+01
E 005 016 5.532e+01
E 005 013 3.801e+01
E 005 014 4.717e+01
E 006 009 1.703e+01
E 006 012 8.357e+01
E 006 015 8.075e+01
E 006 018 8.853e+01
E 007 019 1.612e+01
E 007 018 1.844e+01
E 007 015 6.106e+01
E 008 016 6.494e+01
E 009 010 8.060e+01
E 009 011 5.096e+01
E 009 013 4.741e+01
E 009 017 6.798e+01
E 010 013 7.433e+01
E 010 014 3.612e+01
E 010 017 3.606e+01
E 011 016 2.828e+00
E 011 012 3.585e+01
E 011 015 2.332e+01
E 012 013 9.244e+01
E 012 014 7.359e+01
E 012 017 1.432e+01
E 012 018 3.138e+01
E 012 019 2.968e+01
E 013 014 4.301e+01
E 013 016 9.324e+01
E 014 017 6.061e+01
E 015 016 2.280e+01
E 016 018 6.213e+01
E 018 019 5.657e+00
