N 000 005 091 1.311e-01
N 001 024 046 7.483e-01
N 002 039 043 6.374e-01
N 003 032 078 2.947e-01
N 004 018 034 5.767e-01
N 005 051 007 1.904e-01
N 006 097 090 7.920e-01
N 007 019 036 2.534e-01
N 008 018 029 8.970e-01
N 009 033 039 4.740e-01
N 010 088 095 9.029e-01
N 011 075 053 4.418e-01
N 012 059 061 5.951e-01
N 013 038 031 1.194e-01
N 014 043 073 5.127e-01
N 015 027 084 7.375e-01
N 016 071 068 1.529e-01
N 017 055 084 1.504e-01
N 018 010 015 6.820e-01
N 019 082 003 4.238e-01
E 000 018 7.616e+01
E 000 005 9.577e+01
E 001 008 1.803e+01
E 001 010 8.060e+01
E 001 011 5.148e+01
E 001 012 3.808e+01
E 001 013 2.052e+01
E 002 006 7.465e+01
E 002 007 2.119e+01
E 002 012 2.691e+01
E 002 013 1.204e+01
E 002 014 3.027e+01
E 002 019 5.873e+01
E 003 008 5.096e+01
E 003 018 6.673e+01
E 003 019 9.014e+01
E 003 004 4.617e+01
E 004 005 4.264e+01
E 004 007 2.236e+00
E 004 008 5.000e+00
E 004 010 9.285e+01
E 004 013 2.022e+01
E 004 015 5.080e+01
E 004 017 6.220e+01
E 005 006 9.489e+01
E 005 009 3.672e+01
E 005 010 9.546e+01
E 005 011 5.188e+01
E 005 013 2.729e+01
E 005 015 8.065e+01
E 006 009 8.184e+01
E 006 015 7.026e+01
E 006 007 9.487e+01
E 007 019 7.112e+01
E 008 012 5.201e+01
E 008 016 6.580e+01
E 008 019 6.908e+01
E 009 012 3.406e+01
E 009 015 4.540e+01
E 010 013 8.122e+01
E 010 014 5.009e+01
E 010 015 6.198e+01
E 010 018 1.117e+02
E 011 019 5.049e+01
E 011 017 3.689e+01
E 011 015 5.714e+01
E 012 013 3.662e+01
E 012 014 2.000e+01
E 012 015 3.941e+01
E 012 019 6.239e+01
E 013 014 4.230e+01
E 013 016 4.958e+01
E 014 015 1.942e+01
E 014 017 1.628e+01
E 014 018 6.673e+01
E 015 016 4.682e+01
E 016 017 2.263e+01
E 016 019 6.592e+01
E 017 018 8.238e+01
E 018 019 7.299e+01
