N 000 095 055 7.280e-01
N 001 010 013 7.148e-02
N 002 079 035 7.939e-01
N 003 060 077 9.784e-01
N 004 049 048 5.618e-01
N 005 034 084 5.102e-01
N 006 000 050 4.489e-01
N 007 018 000 9.258e-01
N 008 010 000 9.788e-01
N 009 023 090 5.599e-02
N 010 086 049 3.677e-01
N 011 061 015 4.119e-01
N 012 058 023 9.814e-01
N 013 057 028 9.841e-01
N 014 041 028 4.675e-02
N 015 061 044 3.717e-01
N 016 052 075 4.511e-01
N 017 065 021 5.937e-01
N 018 063 003 7.729e-01
N 019 020 064 8.369e-01
E 000 001 9.481e+01
E 000 006 9.513e+01
E 000 012 4.892e+01
E 000 014 6.037e+01
E 000 015 3.574e+01
E 000 019 7.554e+01
E 001 005 7.495e+01
E 001 007 1.526e+01
E 001 009 7.809e+01
E 001 013 4.934e+01
E 001 014 3.444e+01
E 002 003 4.610e+01
E 002 005 6.653e+01
E 002 010 1.565e+01
E 002 013 2.309e+01
E 002 015 2.012e+01
E 002 016 4.826e+01
E 003 005 2.693e+01
E 003 007 8.771e+01
E 003 010 3.821e+01
E 003 012 5.404e+01
E 003 015 3.302e+01
E 003 019 4.206e+01
E 004 005 3.900e+01
E 004 006 4.904e+01
E 004 007 5.714e+01
E 004 008 6.185e+01
E 004 010 3.701e+01
E 004 011 3.511e+01
E 004 015 1.265e+01
E 005 006 4.808e+01
E 005 010 6.268e+01
E 005 015 4.826e+01
E 005 016 2.012e+01
E 005 017 7.021e+01
E 005 018 8.603e+01
E 006 011 7.033e+01
E 006 012 6.398e+01
E 006 014 4.653e+01
E 006 015 6.129e+01
E 007 014 3.624e+01
E 007 009 9.014e+01
E 008 017 5.887e+01
E 008 010 9.043e+01
E 008 018 5.308e+01
E 009 016 3.265e+01
E 009 010 7.517e+01
E 009 018 9.575e+01
E 010 013 3.581e+01
E 010 016 4.280e+01
E 010 019 6.768e+01
E 011 016 6.067e+01
E 012 014 1.772e+01
E 012 015 2.121e+01
E 012 017 7.280e+00
E 013 015 1.649e+01
E 014 015 2.561e+01
E 015 016 3.228e+01
E 015 019 4.562e+01
E 018 019 7.463e+01
