N 000 019 093 5.255e-01
N 001 005 060 5.490e-01
N 002 061 019 1.718e-01
N 003 055 089 4.783e-01
N 004 073 082 1.465e-02
N 005 088 033 9.520e-01
N 006 022 090 1.359e-01
N 007 023 014 4.258e-01
N 008 043 096 3.635e-01
N 009 072 086 9.720e-01
N 010 003 015 5.304e-01
N 011 078 006 7.883e-01
N 012 038 072 4.523e-01
N 013 043 023 8.374e-01
N 014 093 046 6.312e-02
N 015 093 018 8.530e-02
N 016 008 087 1.884e-01
N 017 051 006 5.526e-01
N 018 019 039 4.301e-01
N 019 038 048 4.270e-01
E 000 004 5.511e+01
E 000 006 4.243e+00
E 000 010 7.962e+01
E 000 014 8.766e+01
E 000 016 1.253e+01
E 000 017 9.270e+01
E 000 019 4.885e+01
E 001 003 5.780e+01
E 001 004 7.147e+01
E 001 010 4.504e+01
E 001 012 3.511e+01
E 001 013 5.304e+01
E 001 016 2.717e+01
E 002 003 7.026e+01
E 002 005 3.041e+01
E 002 007 3.833e+01
E 002 008 7.908e+01
E 002 013 1.844e+01
E 002 014 4.187e+01
E 002 015 3.202e+01
E 002 016 8.621e+01
E 003 014 5.738e+01
E 004 005 5.124e+01
E 004 007 8.440e+01
E 004 012 3.640e+01
E 004 014 4.118e+01
E 004 017 7.912e+01
E 004 018 6.903e+01
E 005 006 8.721e+01
E 005 008 7.742e+01
E 005 014 1.393e+01
E 005 016 9.652e+01
E 005 018 6.926e+01
E 005 019 5.220e+01
E 006 010 7.737e+01
E 006 012 2.408e+01
E 006 013 7.021e+01
E 006 016 1.432e+01
E 006 019 4.494e+01
E 007 009 8.709e+01
E 007 013 2.193e+01
E 008 009 3.068e+01
E 008 010 9.034e+01
E 008 012 2.452e+01
E 008 015 9.265e+01
E 009 017 8.271e+01
E 009 011 8.022e+01
E 010 014 9.519e+01
E 010 015 9.005e+01
E 012 014 6.084e+01
E 012 017 6.727e+01
E 012 018 3.808e+01
E 013 019 2.550e+01
E 014 015 2.800e+01
E 014 018 7.433e+01
E 014 019 5.504e+01
E 016 017 9.171e+01
E 017 018 4.597e+01
E 017 019 4.397e+01
E 018 019 2.102e+01
