N 000 091 010 1.736e-01
N 001 017 062 3.019e-01
N 002 062 097 1.531e-01
N 003 024 052 6.773e-01
N 004 040 088 6.426e-01
N 005 029 024 4.673e-02
N 006 083 062 3.986e-01
N 007 041 060 3.360e-01
N 008 022 021 7.811e-01
N 009 088 028 6.889e-01
N 010 067 026 5.594e-01
N 011 016 038 9.395e-01
N 012 086 024 6.195e-01
N 013 078 063 9.771e-01
N 014 010 090 9.348e-01
N 015 010 008 5.968e-01
N 016 096 056 1.421e-01
N 017 087 070 9.331e-01
N 018 042 027 6.566e-01
N 019 001 050 3.214e-01
E 000 004 9.319e+01
E 000 005 6.356e+01
E 000 006 5.261e+01
E 000 007 7.071e+01
E 000 009 1.825e+01
E 000 011 8.006e+01
E 000 013 5.457e+01
E 000 015 8.102e+01
E 001 003 1.221e+01
E 001 005 3.985e+01
E 001 006 6.600e+01
E 001 013 6.101e+01
E 001 014 2.886e+01
E 001 018 4.301e+01
E 001 019 2.000e+01
E 002 004 2.377e+01
E 002 010 7.118e+01
E 002 013 3.758e+01
E 002 014 5.247e+01
E 002 016 5.326e+01
E 002 018 7.280e+01
E 003 015 4.617e+01
E 003 017 6.552e+01
E 003 013 5.511e+01
E 003 009 6.835e+01
E 004 008 6.938e+01
E 004 009 7.684e+01
E 004 013 4.549e+01
E 004 015 8.544e+01
E 004 019 5.445e+01
E 005 009 5.914e+01
E 005 013 6.263e+01
E 005 015 2.484e+01
E 005 018 1.334e+01
E 006 011 7.117e+01
E 006 012 3.812e+01
E 006 019 8.287e+01
E 007 008 4.338e+01
E 007 013 3.712e+01
E 007 014 4.314e+01
E 007 016 5.515e+01
E 007 017 4.707e+01
E 008 016 8.186e+01
E 008 009 6.637e+01
E 008 017 8.140e+01
E 009 012 4.472e+00
E 009 015 8.052e+01
E 009 016 2.912e+01
E 009 018 4.601e+01
E 010 012 1.910e+01
E 010 014 8.570e+01
E 010 015 5.977e+01
E 011 013 6.685e+01
E 011 015 3.059e+01
E 012 017 4.601e+01
E 013 015 8.746e+01
E 014 015 8.200e+01
E 014 017 7.956e+01
E 015 016 9.849e+01
E 016 017 1.664e+01
