N 000 053 068 4.116e-01
N 001 056 091 4.529e-01
N 002 051 031 6.384e-01
N 003 026 062 3.484e-01
N 004 082 058 2.414e-01
N 005 044 007 5.581e-01
N 006 032 041 6.754e-01
N 007 096 028 3.682e-01
N 008 017 062 3.959e-01
N 009 033 075 9.260e-01
N 010 007 082 7.619e-02
N 011 077 094 5.099e-01
N 012 013 014 9.368e-02
N 013 034 071 8.448e-01
N 014 096 011 5.647e-01
N 015 075 095 3.415e-01
N 016 079 010 5.361e-01
N 017 067 053 8.267e-01
N 018 068 074 3.923e-01
N 019 092 004 7.618e-01
E 000 008 3.650e+01
E 000 003 2.766e+01
E 001 008 4.860e+01
E 001 017 3.956e+01
E 001 002 6.021e+01
E 001 019 9.415e+01
E 001 018 2.081e+01
E 002 004 4.111e+01
E 002 007 4.510e+01
E 002 010 6.736e+01
E 002 013 4.346e+01
E 002 014 4.924e+01
E 002 015 6.835e+01
E 003 008 9.000e+00
E 003 009 1.476e+01
E 003 013 1.204e+01
E 003 014 8.661e+01
E 003 016 7.425e+01
E 004 008 6.512e+01
E 004 016 4.809e+01
E 004 019 5.492e+01
E 004 017 1.581e+01
E 005 010 8.363e+01
E 005 013 6.478e+01
E 005 006 3.606e+01
E 006 008 2.581e+01
E 006 009 3.401e+01
E 006 011 6.953e+01
E 006 016 5.630e+01
E 007 016 2.476e+01
E 007 011 6.868e+01
E 007 012 8.417e+01
E 008 009 2.062e+01
E 008 016 8.092e+01
E 008 018 5.239e+01
E 009 010 2.693e+01
E 009 012 6.420e+01
E 009 015 4.652e+01
E 009 016 7.963e+01
E 009 019 9.231e+01
E 010 011 7.102e+01
E 010 012 6.826e+01
E 010 014 1.139e+02
E 010 015 6.923e+01
E 010 017 6.664e+01
E 010 018 6.152e+01
E 011 017 4.220e+01
E 011 018 2.193e+01
E 011 019 9.124e+01
E 012 015 1.020e+02
E 012 018 8.139e+01
E 013 018 3.413e+01
E 013 014 8.628e+01
E 014 015 8.659e+01
E 014 017 5.104e+01
E 015 016 8.509e+01
E 015 017 4.276e+01
E 015 018 2.214e+01
E 016 017 4.464e+01
E 017 018 2.102e+01
