N 000 064 025 4.285e-02
N 001 087 043 5.100e-01
N 002 040 008 2.411e-01
N 003 078 048 9.975e-01
N 004 004 062 6.479e-02
N 005 001 008 6.109e-01
N 006 025 070 7.459e-01
N 007 073 016 2.307e-01
N 008 010 019 7.255e-02
N 009 036 070 4.354e-02
N 010 011 060 5.565e-01
N 011 036 036 5.871e-01
N 012 071 008 6.604e-01
N 013 003 008 2.672e-01
N 014 050 000 4.533e-01
N 015 064 028 8.286e-01
N 016 035 061 9.682e-01
N 017 011 079 6.988e-01
N 018 085 075 9.592e-01
N 019 076 050 3.946e-01
E 000 003 2.693e+01
E 000 004 7.049e+01
E 000 005 6.525e+01
E 000 007 1.273e+01
E 000 010 6.351e+01
E 000 012 1.838e+01
E 000 019 2.773e+01
E 001 010 7.788e+01
E 001 003 1.030e+01
E 001 013 9.100e+01
E 001 015 2.746e+01
E 002 003 5.517e+01
E 002 009 6.213e+01
E 002 010 5.954e+01
E 002 014 1.281e+01
E 002 015 3.124e+01
E 002 016 5.324e+01
E 003 004 7.531e+01
E 003 005 8.677e+01
E 003 013 8.500e+01
E 003 015 2.441e+01
E 004 018 8.204e+01
E 004 006 2.247e+01
E 005 007 7.244e+01
E 005 008 1.421e+01
E 005 009 7.120e+01
E 005 010 5.295e+01
E 005 011 4.482e+01
E 005 014 4.965e+01
E 005 017 7.170e+01
E 005 018 1.074e+02
E 006 016 1.345e+01
E 006 014 7.433e+01
E 006 015 5.731e+01
E 007 011 4.206e+01
E 007 012 8.246e+00
E 007 014 2.802e+01
E 007 015 1.500e+01
E 007 016 5.890e+01
E 008 009 5.725e+01
E 008 010 4.101e+01
E 008 013 1.304e+01
E 008 015 5.474e+01
E 008 017 6.001e+01
E 008 018 9.360e+01
E 009 010 2.693e+01
E 009 015 5.048e+01
E 010 016 2.402e+01
E 011 019 4.238e+01
E 011 015 2.912e+01
E 011 014 3.863e+01
E 012 018 6.845e+01
E 012 014 2.247e+01
E 013 015 6.420e+01
E 013 016 6.191e+01
E 013 017 7.145e+01
E 014 016 6.282e+01
E 014 018 8.276e+01
E 016 018 5.192e+01
E 016 019 4.245e+01
