N 000 037 012 2.110e-01
N 001 016 089 8.077e-02
N 002 061 043 6.357e-01
N 003 032 011 4.016e-01
N 004 042 026 7.653e-02
N 005 051 025 6.396e-01
N 006 097 056 3.650e-02
N 007 049 036 9.995e-01
N 008 062 097 2.159e-01
N 009 090 020 4.532e-01
N 010 011 000 4.696e-01
N 011 074 040 2.655e-01
N 012 032 023 8.020e-01
N 013 084 041 5.319e-01
N 014 034 054 7.453e-02
N 015 077 073 2.574e-01
N 016 048 092 3.666e-01
N 017 035 049 7.488e-01
N 018 024 067 8.112e-01
N 019 002 045 9.416e-01
E 000 002 3.920e+01
E 000 007 2.683e+01
E 000 008 8.860e+01
E 000 010 2.864e+01
E 000 011 4.640e+01
E 000 012 1.208e+01
E 000 013 5.523e+01
E 000 016 8.075e+01
E 000 017 3.705e+01
E 000 019 4.810e+01
E 001 015 6.306e+01
E 001 016 3.214e+01
E 001 003 7.962e+01
E 001 012 6.791e+01
E 001 007 6.243e+01
E 002 009 3.701e+01
E 002 010 6.595e+01
E 002 012 3.523e+01
E 002 013 2.309e+01
E 002 014 2.915e+01
E 002 015 3.400e+01
E 002 016 5.070e+01
E 003 018 5.657e+01
E 003 014 4.305e+01
E 004 005 9.055e+00
E 004 011 3.493e+01
E 004 012 1.044e+01
E 004 016 6.627e+01
E 004 018 4.478e+01
E 004 019 4.428e+01
E 005 007 1.118e+01
E 005 008 7.284e+01
E 005 009 3.932e+01
E 005 017 2.884e+01
E 005 018 4.993e+01
E 006 017 6.239e+01
E 006 013 1.985e+01
E 007 010 5.235e+01
E 007 011 2.532e+01
E 007 016 5.601e+01
E 008 009 8.193e+01
E 008 014 5.131e+01
E 008 016 1.487e+01
E 008 018 4.841e+01
E 009 010 8.149e+01
E 009 016 8.335e+01
E 009 017 6.218e+01
E 009 018 8.102e+01
E 010 011 7.463e+01
E 010 012 3.114e+01
E 010 017 5.456e+01
E 013 014 5.166e+01
E 013 015 3.276e+01
E 013 017 4.965e+01
E 013 018 6.539e+01
E 013 019 8.210e+01
E 014 016 4.050e+01
E 014 019 3.324e+01
E 017 018 2.110e+01
E 018 019 3.111e+01
