N 000 091 094 1.791e-01
N 001 004 055 8.155e-01
N 002 069 082 2.920e-01
N 003 057 080 2.654e-02
N 004 095 048 8.709e-01
N 005 040 016 8.541e-01
N 006 056 031 4.655e-01
N 007 056 065 1.599e-01
N 008 030 025 8.854e-01
N 009 040 072 6.505e-01
N 010 083 077 6.802e-01
N 011 061 027 9.250e-01
N 012 076 087 9.927e-01
N 013 059 090 4.594e-01
N 014 025 025 1.626e-01
N 015 036 024 2.691e-02
N 016 073 005 6.298e-01
N 017 059 068 8.856e-01
N 018 074 085 2.368e-01
N 019 082 031 5.090e-01
E 000 017 4.123e+01
E 000 003 3.677e+01
E 000 004 4.617e+01
E 000 014 9.548e+01
E 000 015 8.902e+01
E 001 008 3.970e+01
E 001 011 6.351e+01
E 001 003 5.860e+01
E 001 005 5.308e+01
E 002 012 8.602e+00
E 002 014 7.201e+01
E 002 007 2.140e+01
E 003 005 6.622e+01
E 003 006 4.901e+01
E 003 007 1.503e+01
E 003 008 6.127e+01
E 003 010 2.617e+01
E 004 005 6.363e+01
E 004 011 3.996e+01
E 004 012 4.338e+01
E 004 016 4.830e+01
E 004 018 4.254e+01
E 004 019 2.140e+01
E 005 008 1.345e+01
E 005 014 1.749e+01
E 006 009 4.401e+01
E 006 018 5.692e+01
E 007 011 3.833e+01
E 007 016 6.236e+01
E 007 010 2.955e+01
E 008 011 3.106e+01
E 008 012 7.720e+01
E 008 017 5.187e+01
E 009 019 5.869e+01
E 009 012 3.900e+01
E 009 013 2.617e+01
E 009 015 4.817e+01
E 010 011 5.463e+01
E 010 012 1.221e+01
E 010 013 2.729e+01
E 010 015 7.084e+01
E 010 019 4.601e+01
E 011 013 6.303e+01
E 011 014 3.606e+01
E 011 015 2.518e+01
E 011 016 2.506e+01
E 012 014 8.028e+01
E 012 015 7.463e+01
E 012 017 2.550e+01
E 012 018 2.828e+00
E 013 014 7.336e+01
E 013 015 6.989e+01
E 013 016 8.615e+01
E 014 016 5.200e+01
E 014 018 7.747e+01
E 014 019 5.731e+01
E 015 018 7.187e+01
E 016 018 8.001e+01
E 016 019 2.751e+01
E 017 019 4.357e+01
