N 000 038 075 8.675e-01
N 001 056 032 6.377e-01
N 002 074 030 2.847e-01
N 003 043 031 2.875e-01
N 004 010 067 5.319e-01
N 005 087 050 9.490e-01
N 006 083 059 4.380e-01
N 007 018 027 2.543e-01
N 008 081 046 5.740e-01
N 009 057 068 8.329e-01
N 010 080 045 1.830e-01
N 011 072 041 8.381e-01
N 012 063 076 3.449e-01
N 013 099 029 9.707e-01
N 014 002 058 8.579e-01
N 015 049 073 1.295e-01
N 016 073 077 8.275e-01
N 017 074 019 8.569e-01
N 018 090 090 3.234e-01
N 019 035 024 7.844e-01
E 000 001 4.662e+01
E 000 004 2.912e+01
E 000 005 5.501e+01
E 000 007 5.200e+01
E 000 009 2.025e+01
E 000 012 2.502e+01
E 000 019 5.109e+01
E 001 002 1.811e+01
E 001 003 1.304e+01
E 001 004 5.780e+01
E 001 010 2.729e+01
E 001 012 4.455e+01
E 001 014 5.993e+01
E 001 015 4.159e+01
E 001 017 2.220e+01
E 001 019 2.247e+01
E 002 019 3.946e+01
E 002 005 2.385e+01
E 002 015 4.974e+01
E 003 004 4.884e+01
E 003 013 5.604e+01
E 003 014 4.909e+01
E 004 005 7.885e+01
E 004 007 4.079e+01
E 004 008 7.404e+01
E 004 009 4.701e+01
E 004 012 5.376e+01
E 004 019 4.974e+01
E 005 008 7.211e+00
E 005 009 3.499e+01
E 005 015 4.442e+01
E 005 017 3.362e+01
E 006 013 3.400e+01
E 006 014 8.101e+01
E 007 010 6.456e+01
E 007 013 8.102e+01
E 007 018 9.567e+01
E 007 019 1.726e+01
E 008 009 3.256e+01
E 008 017 2.789e+01
E 009 011 3.089e+01
E 009 015 9.434e+00
E 010 015 4.177e+01
E 010 011 8.944e+00
E 010 019 4.966e+01
E 011 013 2.955e+01
E 011 014 7.203e+01
E 011 016 3.601e+01
E 011 019 4.072e+01
E 012 015 1.432e+01
E 013 019 6.420e+01
E 014 015 4.934e+01
E 014 016 7.350e+01
E 014 017 8.188e+01
E 014 018 9.364e+01
E 015 016 2.433e+01
E 015 018 4.438e+01
E 015 019 5.096e+01
E 017 019 3.932e+01
E 018 019 8.591e+01
